BCAlgorithm
logR
[-2.19722458,-1.5040774 ,-1.09861229,-0.81093022,-0.58778666,-0.40546511,
 -0.25131443,-0.11778304, 0.        ]
IndexZero
10
Tq
[ -4.26376749e+01, -3.87512832e+01, -3.48650879e+01, -3.09792897e+01,
  -2.70942973e+01, -2.32109467e+01, -1.93309532e+01, -1.54578286e+01,
  -1.15987261e+01, -7.76899364e+00, -3.97617727e+00,  2.17535170e-17,
   1.82166655e+00,  2.85508013e+00,  3.84179718e+00,  4.81656851e+00,
   5.78649277e+00,  6.75415985e+00,  7.72069964e+00,  8.68665378e+00,
   9.65229663e+00]
Dq
[ 3.87615226, 3.87512832, 3.87389866, 3.87241122, 3.8706139 , 3.86849112,
  3.86619064, 3.86445715, 3.86624203, 3.88449682, 3.97617727, 3.1573966 ,
  1.82166655, 1.42754006, 1.28059906, 1.20414213, 1.15729855, 1.12569331,
  1.10295709, 1.08583172, 1.0724774 ]
lnMrq
[[  8.97043040e+01,  8.73783230e+01,  8.68201090e+01,  8.57923584e+01,
    8.38755702e+01,  8.22657357e+01,  0.00000000e+00,  0.00000000e+00,
    0.00000000e+00],
 [  8.14779169e+01,  7.91523564e+01,  7.85940369e+01,  7.75660527e+01,
    7.56494012e+01,  7.40391651e+01,  0.00000000e+00,  0.00000000e+00,
    0.00000000e+00],
 [  7.32517178e+01,  7.09270096e+01,  7.03684741e+01,  6.93400244e+01,
    6.74236509e+01,  6.58126031e+01,  0.00000000e+00,  0.00000000e+00,
    0.00000000e+00],
 [  6.50258973e+01,  6.27029291e+01,  6.21439463e+01,  6.11145706e+01,
    5.91987668e+01,  5.75860754e+01,  0.00000000e+00,  0.00000000e+00,
    0.00000000e+00],
 [  5.68008428e+01,  5.44814622e+01,  5.39215386e+01,  5.28903268e+01,
    5.09757029e+01,  4.93596850e+01,  0.00000000e+00,  0.00000000e+00,
    0.00000000e+00],
 [  4.85773463e+01,  4.62654729e+01,  4.57035264e+01,  4.46686919e+01,
    4.27565448e+01,  4.11338435e+01,  0.00000000e+00,  0.00000000e+00,
    0.00000000e+00],
 [  4.03570446e+01,  3.80612109e+01,  3.74947952e+01,  3.64528596e+01,
    3.45459889e+01,  3.29101925e+01,  0.00000000e+00,  0.00000000e+00,
    0.00000000e+00],
 [  3.21433751e+01,  2.98827740e+01,  2.93062059e+01,  2.82504261e+01,
    2.63548897e+01,  2.46952246e+01,  0.00000000e+00,  0.00000000e+00,
    0.00000000e+00],
 [  2.39437422e+01,  2.17631674e+01,  2.11630719e+01,  2.00800771e+01,
    1.82083673e+01,  1.65137716e+01,  0.00000000e+00,  0.00000000e+00,
    0.00000000e+00],
 [  1.57748205e+01,  1.37836229e+01,  1.31274137e+01,  1.19877800e+01,
    1.01605463e+01,  8.44993125e+00,  0.00000000e+00,  0.00000000e+00,
    0.00000000e+00],
 [  7.67878900e+00,  6.17794411e+00,  5.35658627e+00,  4.09434456e+00,
    2.39789527e+00,  1.09861229e+00,  0.00000000e+00,  0.00000000e+00,
    0.00000000e+00],
 [  0.00000000e+00, -2.22044605e-16,  2.22044605e-16,  0.00000000e+00,
    0.00000000e+00,  0.00000000e+00,  0.00000000e+00,  0.00000000e+00,
    0.00000000e+00],
 [ -3.80157791e+00, -2.77204474e+00, -3.42422701e-01, -6.35523447e-02,
   -1.01856591e-02, -2.67508248e-03,  0.00000000e+00,  0.00000000e+00,
    0.00000000e+00],
 [ -5.88175332e+00, -4.50356168e+00, -5.14245277e-01, -9.53754546e-02,
   -1.52835804e-02, -4.01445138e-03,  0.00000000e+00,  0.00000000e+00,
    0.00000000e+00],
 [ -7.87995860e+00, -6.13013171e+00, -6.85662959e-01, -1.27167346e-01,
   -2.03781108e-02, -5.35260350e-03,  0.00000000e+00,  0.00000000e+00,
    0.00000000e+00],
 [ -9.86030315e+00, -7.72374633e+00, -8.57078716e-01, -1.58959183e-01,
   -2.54726385e-02, -6.69075438e-03,  0.00000000e+00,  0.00000000e+00,
    0.00000000e+00],
 [ -1.18353924e+01, -9.30010378e+00, -1.02849446e+00, -1.90751019e-01,
   -3.05671663e-02, -8.02890525e-03,  0.00000000e+00,  0.00000000e+00,
    0.00000000e+00],
 [ -1.38088720e+01, -1.08667912e+01, -1.19991020e+00, -2.22542856e-01,
   -3.56616940e-02, -9.36705613e-03,  0.00000000e+00,  0.00000000e+00,
    0.00000000e+00],
 [ -1.57818490e+01, -1.24280613e+01, -1.37132595e+00, -2.54334692e-01,
   -4.07562217e-02, -1.07052070e-02,  0.00000000e+00,  0.00000000e+00,
    0.00000000e+00],
 [ -1.77546675e+01, -1.39863171e+01, -1.54274169e+00, -2.86126529e-01,
   -4.58507494e-02, -1.20433579e-02,  0.00000000e+00,  0.00000000e+00,
    0.00000000e+00],
 [ -1.97274356e+01, -1.55429045e+01, -1.71415743e+00, -3.17918365e-01,
   -5.09452771e-02, -1.33815088e-02,  0.00000000e+00,  0.00000000e+00,
    0.00000000e+00]]FSBCAlgorithm
logR
[-2.30258509,-1.60943791,-1.2039728 ,-0.91629073,-0.69314718,-0.51082562,
 -0.35667494,-0.22314355,-0.10536052, 0.        ]
IndexZero
10
Tq
[ -4.28604196, -4.28604654, -4.28601755, -4.28584373, -4.28514447,
  -4.28268668, -4.27467694, -4.25048613, -4.18637927, -4.05256096,
  -3.4114359 ,  0.        ,  2.93085268,  4.7020541 ,  5.872596  ,
   6.88883599,  7.84423832,  8.76271603,  9.65448543, 10.52666616,
  11.38468371]
Dq
[ 0.38964018, 0.42860465, 0.47622417, 0.53573047, 0.6121635 , 0.71378111,
  0.85493539, 1.06262153, 1.39545976, 2.02628048, 3.4114359 , 3.50816183,
  2.93085268, 2.35102705, 1.957532  , 1.722209  , 1.56884766, 1.46045267,
  1.3792122 , 1.31583327, 1.26496486]
lnMrq
[[  8.99168768e+01,  8.75288181e+01,  8.69516309e+01,  8.61043570e+01,
    8.57062488e+01,  8.44497931e+01,  8.35831930e+01,  8.21831326e+01,
    8.05947619e+01,  7.87352648e+01],
 [  8.16904810e+01,  7.93027726e+01,  7.87255026e+01,  7.78781853e+01,
    7.74800058e+01,  7.62237032e+01,  7.53569906e+01,  7.39568743e+01,
    7.23684773e+01,  7.05089474e+01],
 [  7.34642645e+01,  7.10772670e+01,  7.04998309e+01,  6.96524274e+01,
    6.92541034e+01,  6.79981095e+01,  6.71311680e+01,  6.57309453e+01,
    6.41425729e+01,  6.22830424e+01],
 [  6.52384095e+01,  6.28528656e+01,  6.22750959e+01,  6.14275228e+01,
    6.10289030e+01,  5.97735351e+01,  5.89061227e+01,  5.75057059e+01,
    5.59176149e+01,  5.40582779e+01],
 [  5.70132868e+01,  5.46307487e+01,  5.40523079e+01,  5.32044045e+01,
    5.28051715e+01,  5.15510822e+01,  5.06826880e+01,  4.92819481e+01,
    4.76951149e+01,  4.58367492e+01],
 [  4.87896569e+01,  4.64134382e+01,  4.58336474e+01,  4.49851131e+01,
    4.45845852e+01,  4.33331344e+01,  4.24626519e+01,  4.10614932e+01,
    3.94792354e+01,  3.76245329e+01],
 [  4.05690994e+01,  3.82064929e+01,  3.76239987e+01,  3.67743057e+01,
    3.63709594e+01,  3.51250308e+01,  3.42499887e+01,  3.28487950e+01,
    3.12815870e+01,  2.94389813e+01],
 [  3.23549603e+01,  3.00227022e+01,  2.94348930e+01,  2.85832547e+01,
    2.81734714e+01,  2.69392664e+01,  2.60539803e+01,  2.46554958e+01,
    2.31336055e+01,  2.13260159e+01],
 [  2.41545486e+01,  2.18931456e+01,  2.12955347e+01,  2.04413837e+01,
    2.00157407e+01,  1.88063166e+01,  1.78976511e+01,  1.65134638e+01,
    1.51097059e+01,  1.33824922e+01],
 [  1.59846943e+01,  1.38986360e+01,  1.32867687e+01,  1.24324406e+01,
    1.19629159e+01,  1.08007206e+01,  9.84061579e+00,  8.50642092e+00,
    7.33190371e+00,  5.72762228e+00],
 [  7.88818923e+00,  6.27833826e+00,  5.67308152e+00,  4.83572562e+00,
    4.22565588e+00,  3.13629044e+00,  2.15411053e+00,  1.17384992e+00,
    6.34918389e-01,  1.79911594e-01],
 [  0.00000000e+00,  0.00000000e+00,  0.00000000e+00,  0.00000000e+00,
    0.00000000e+00,  0.00000000e+00,  0.00000000e+00,  0.00000000e+00,
    0.00000000e+00,  0.00000000e+00],
 [ -7.00520849e+00, -3.38029514e+00, -1.92314022e+00, -6.98986144e-01,
   -2.21698698e-01, -5.62276999e-02, -1.49651804e-02, -4.69887442e-03,
   -2.28069684e-03, -6.98973141e-04],
 [ -1.12040207e+01, -5.53644302e+00, -2.99919019e+00, -1.03335957e+00,
   -3.25523610e-01, -8.34419158e-02, -2.23515761e-02, -7.04315696e-03,
   -3.42146953e-03, -1.04852156e-03],
 [ -1.36828076e+01, -7.42617769e+00, -3.86973459e+00, -1.30624287e+00,
   -4.12364056e-01, -1.07103425e-01, -2.90426585e-02, -9.17530322e-03,
   -4.38497517e-03, -1.35129511e-03],
 [ -1.57839202e+01, -9.16665302e+00, -4.61506867e+00, -1.54729401e+00,
   -4.89836190e-01, -1.28844120e-01, -3.53638860e-02, -1.11997020e-02,
   -5.25969791e-03, -1.63067286e-03],
 [ -1.77924394e+01, -1.07679517e+01, -5.26518086e+00, -1.76740121e+00,
   -5.60799462e-01, -1.49272094e-01, -4.14298454e-02, -1.31523778e-02,
   -6.08307781e-03, -1.89257227e-03],
 [ -1.97756362e+01, -1.22373231e+01, -5.83877017e+00, -1.97222293e+00,
   -6.26821013e-01, -1.68705674e-01, -4.72994789e-02, -1.50514013e-02,
   -6.87385051e-03, -2.13995004e-03],
 [ -2.17513474e+01, -1.35946075e+01, -6.35043361e+00, -2.16516832e+00,
   -6.88912391e-01, -1.87341066e-01, -5.30087697e-02, -1.69076767e-02,
   -7.64243865e-03, -2.37499721e-03],
 [ -2.37247120e+01, -1.48661546e+01, -6.81226995e+00, -2.34847736e+00,
   -7.47784835e-01, -2.05311341e-01, -5.85820451e-02, -1.87285227e-02,
   -8.39510611e-03, -2.59952243e-03],
 [ -2.56973095e+01, -1.60760348e+01, -7.23418359e+00, -2.52370938e+00,
   -8.03964390e-01, -2.22712641e-01, -6.40369620e-02, -2.05192136e-02,
   -9.13584357e-03, -2.81505146e-03]]

\SBAlgorithm
logR
[-2.30258509,-1.60943791,-1.2039728 ,-0.91629073,-0.69314718,-0.51082562,
 -0.35667494,-0.22314355,-0.10536052, 0.        ]
IndexZero
10
Tq
[-34.7576353 ,-31.72984655,-28.6962183 ,-25.64860506,-22.57798258,
 -19.48268429,-16.36752959,-13.21961129,-10.00971098, -6.78176273,
  -3.43176288,  0.        ,  2.73626831,  4.63379399,  5.93461722,
   7.0751167 ,  8.15480977,  9.19682931, 10.21104674, 11.20429516,
  12.18192655]
Dq
[ 3.15978503, 3.17298466, 3.1884687 , 3.20607563, 3.22542608, 3.24711405,
  3.27350592, 3.30490282, 3.33657033, 3.39088137, 3.43176288, 3.09434928,
  2.73626831, 2.316897  , 1.97820574, 1.76877917, 1.63096195, 1.53280488,
  1.45872096, 1.40053689, 1.35354739]
lnMrq
[[ -8.32003285,-15.86195785,-21.24223176,-26.12284763,-30.62793129,
  -35.00603814,-39.50159738,-77.50083663,-86.99836924,-90.48659717],
 [ -7.62481127,-14.74463048,-19.80411122,-24.37751487,-28.49649093,
  -32.47050335,-36.56763955,-71.0836026 ,-79.65244456,-82.26090167],
 [ -6.92850971,-13.62036615,-18.35154705,-22.6204991 ,-26.35879354,
  -29.9330084 ,-33.63190944,-64.66265992,-72.25002519,-74.03509709],
 [ -6.23054316,-12.48632243,-16.88030183,-20.84769886,-24.21308594,
  -27.39309327,-30.69295331,-58.23457898,-64.72998935,-65.80919995],
 [ -5.52998453,-11.33825942,-15.38474863,-19.05314278,-22.05702054,
  -24.85014939,-27.74946253,-51.79553899,-57.02182212,-57.5832243 ],
 [ -4.825335  ,-10.16962742,-13.85721024,-17.22802255,-19.88730405,
  -22.30325534,-24.80072702,-45.33805178,-49.10399475,-49.35718204],
 [ -4.11410159, -8.96981429,-12.28668006,-15.35926328,-17.69893273,
  -19.75058138,-21.84322226,-38.81317627,-41.02760872,-41.13108327],
 [ -3.3919623 , -7.72046871,-10.65595132,-13.42727093,-15.48323581,
  -17.18727976,-18.86377218,-31.98375914,-32.86463749,-32.90493657],
 [ -2.65094755, -6.38682543, -8.93346982,-11.40033722,-13.22173254,
  -14.60150449,-15.85077392,-24.46030513,-24.66335186,-24.67874919],
 [ -1.87493324, -4.8930435 , -7.03845484, -9.20410577,-10.85364225,
  -11.95416552,-12.77610039,-16.41335149,-16.44682365,-16.45252729],
 [ -1.0265391 , -3.02472347, -4.59429676, -6.27896194, -7.39858498,
   -7.87800246, -8.03623814, -8.21946219, -8.2244975 , -8.22627609],
 [  0.        ,  0.        ,  0.        ,  0.        ,  0.        ,
    0.        ,  0.        ,  0.        ,  0.        ,  0.        ],
 [  1.62880105,  5.07171123,  6.63270025,  7.71242037,  8.07754528,
    8.1906056 ,  8.21689508,  8.22359424,  8.22530986,  8.22629722],
 [  5.26282568, 11.12620139, 13.77912875, 15.59124887, 16.19663334,
   16.38971376, 16.4360155 , 16.44794663, 16.45092703, 16.45261241],
 [ 10.59733132, 17.46978134, 21.11057175, 23.53163976, 24.33188145,
   24.59202311, 24.65576734, 24.67249695, 24.67666397, 24.67894288],
 [ 16.33003453, 23.96478851, 28.55756307, 31.50668068, 32.47703657,
   32.79627805, 32.87590739, 32.89713273, 32.9024507 , 32.90528635],
 [ 22.16356579, 30.58606669, 36.09436351, 39.50454909, 40.6292328 ,
   41.00190848, 41.09632675, 41.12182174, 41.12826078, 41.13164089],
 [ 28.03352103, 37.32371837, 43.70636552, 47.51893531, 48.78680569,
   49.20859375, 49.3169631 , 49.3465502 , 49.35408389, 49.35800487],
 [ 33.91995965, 44.16227183, 51.38217088, 55.54604318, 56.94865963,
   57.41612938, 57.53777612, 57.57131038, 57.57991575, 57.58437689],
 [ 39.8151175 , 51.08100889, 59.11155663, 63.58339156, 65.11401876,
   65.62437392, 65.75873764, 65.79609727, 65.80575437, 65.8107558 ],
 [ 45.71545212, 58.05959614, 66.88530091, 71.62926067, 73.28230767,
   73.8332239 , 73.97982693, 74.02090728, 74.03159866, 74.03714059]]


 SandBox Genetic
logR
[-2.30258509,-1.60943791,-1.2039728 ,-0.91629073,-0.69314718,-0.51082562,
 -0.35667494,-0.22314355,-0.10536052, 0.        ]
IndexZero
10
Tq
[-12.61323993,-11.69949919,-10.76825742, -9.81128317, -8.82715427,
  -7.81768811, -6.76848704, -5.64643751, -4.43304079, -3.02374353,
  -1.47827973,  0.        ,  1.12850654,  1.51403697,  1.59157326,
   1.61695141,  1.62858978,  1.63460198,  1.63790416,  1.63977397,
   1.64081512]
Dq
[ 1.14665818, 1.16994992, 1.19647305, 1.2264104 , 1.26102204, 1.30294802,
  1.35369741, 1.41160938, 1.47768026, 1.51187177, 1.47827973, 1.38566437,
  1.12850654, 0.75701849, 0.53052442, 0.40423785, 0.32571796, 0.27243366,
  0.23398631, 0.20497175, 0.18231279]
lnMrq
[[-59.3335199 ,-60.58382703,-62.2116144 ,-64.29037487,-66.04043687,
  -66.96977188,-67.45866623,-80.65629799,-88.70162651,-91.10360455],
 [-53.94672393,-55.15136784,-56.74955031,-58.81421775,-60.58587215,
  -61.52407643,-62.02336647,-74.02284761,-81.20201136,-82.82164098],
 [-48.55970108,-49.7148742 ,-51.27961157,-53.3287914 ,-55.12282247,
  -56.07629901,-56.58688764,-67.38886171,-73.57079659,-74.53962304],
 [-43.17242834,-44.27346662,-45.79995618,-47.83207334,-49.64905092,
  -50.62588516,-51.14835613,-60.75213822,-65.75037289,-66.25755856],
 [-37.78487706,-38.82594469,-40.30804727,-42.32124159,-44.16145828,
  -45.17187212,-45.70626308,-54.10148625,-57.73826496,-57.97545426],
 [-32.39701082,-33.37060526,-34.80020377,-36.7920254 ,-38.65530368,
  -39.71242986,-40.25797608,-47.3831597 ,-49.58980767,-49.69331587],
 [-27.0087819 ,-27.90489698,-29.27064441,-31.23702367,-33.12179594,
  -34.24308705,-34.79804897,-40.3979517 ,-41.36726509,-41.41114829],
 [-21.62012543,-22.42469988,-23.70914897,-25.64029755,-27.53785871,
  -28.74289505,-29.30075048,-32.8335218 ,-33.11040812,-33.12895572],
 [-16.23094184,-16.92269624,-18.09452967,-19.95586104,-21.80505224,
  -23.02841291,-23.50706231,-24.77887189,-24.83885847,-24.84674176],
 [-10.84093832,-11.38443482,-12.37530523,-14.0203296 ,-15.47558813,
  -16.20818658,-16.38523952,-16.54882906,-16.56123001,-16.56450946],
 [ -5.44707918, -5.77722133, -6.42222954, -7.42088265, -8.02065586,
   -8.22257777, -8.26332991, -8.27851706, -8.28111995, -8.28226146],
 [  0.        ,  0.        ,  0.        ,  0.        ,  0.        ,
    0.        ,  0.        ,  0.        ,  0.        ,  0.        ],
 [  6.06820107,  6.35921924,  7.03765853,  7.83093131,  8.14810735,
    8.25079194,  8.27459096,  8.28021281,  8.28153247,  8.282273  ],
 [ 13.74555381, 13.87330305, 14.57704275, 15.80792529, 16.33148192,
   16.50788711, 16.55048354, 16.56082117, 16.56323556, 16.56455589],
 [ 21.98026243, 22.0082456 , 22.44365051, 23.85018697, 24.53080998,
   24.76785806, 24.8268164 , 24.84155254, 24.84501121, 24.84684727],
 [ 30.25979901, 30.26620445, 30.50670269, 31.93066959, 32.73989848,
   33.02964597, 33.10343976, 33.12234108, 33.12681948, 33.12914595],
 [ 38.54193269, 38.54412086, 38.67687204, 40.0376174 , 40.95590637,
   41.29274874, 41.38028727, 41.40316577, 41.40864391, 41.41145089],
 [ 46.82421705, 46.82564856, 46.90149396, 48.16486464, 49.17721017,
   49.55687313, 49.65731636, 49.68401723, 49.69047758, 49.69376121],
 [ 55.10651098, 55.10791125, 55.15322768, 56.30873802, 57.402754  ,
   57.82182703, 57.93449704, 57.96489019, 57.97231742, 57.97607618],
 [ 63.38880582, 63.39033873, 63.41865887, 64.46682307, 65.63179479,
   66.0874751 , 66.21180727, 66.24578127, 66.25416196, 66.25839514],
 [ 71.67110096, 71.67280654, 71.69124361, 72.63739546, 73.86378242,
   74.35371716, 74.48923035, 74.52668819, 74.5360104 , 74.54071754]]
fitNessAverage
[ 0.45038191, 0.45099179, 0.45147264, 0.45207901, 0.45231345, 0.45248776,
  0.45187745, 0.45247661, 0.45197723, 0.45172661, 0.45115882, 0.45222601,
  0.4531076 , 0.45319982, 0.45354   , 0.45377699, 0.45437397, 0.45417107,
  0.45487252, 0.4549338 , 0.45518653, 0.45522   , 0.45494274, 0.45456291,
  0.45460624]
fitNessMax
[ 0.47226748, 0.47226748, 0.47239157, 0.47675797, 0.47675797, 0.47278356,
  0.47239157, 0.47239157, 0.47217512, 0.47217512, 0.47217512, 0.47217512,
  0.47217512, 0.46762953, 0.46762953, 0.46762953, 0.46762953, 0.46380759,
  0.46380759, 0.46380759, 0.46380759, 0.46380759, 0.46380759, 0.46380759,
  0.46380759]
fitNessMin
[ 0.43623199, 0.41633096, 0.41633096, 0.42290963, 0.42290963, 0.42290963,
  0.4098099 , 0.4098099 , 0.39896632, 0.39896632, 0.39896632, 0.39896632,
  0.40554272, 0.40554272, 0.40554272, 0.40554272, 0.40554272, 0.40554272,
  0.40554272, 0.42662719, 0.42662719, 0.42662719, 0.42611269, 0.42611269,
  0.42611269]


 SandBox Simulated Annealing
logR
[-2.07944154,-1.38629436,-0.98082925,-0.69314718,-0.47000363,-0.28768207,
 -0.13353139, 0.        ]
IndexZero
10
Tq
[-6.9402211 ,-6.6611268 ,-6.38233152,-6.10354057,-5.82335887,-5.53520855,
 -5.2114499 ,-4.78124655,-4.16863467,-3.1380029 ,-1.60943025, 0.        ,
  1.24244804, 1.62997134, 1.68369821, 1.68912517, 1.68461939, 1.67696401,
  1.66826361, 1.65934149, 1.65053732]
Dq
[ 0.63092919, 0.66611268, 0.70914795, 0.76294257, 0.83190841, 0.92253476,
  1.04228998, 1.19531164, 1.38954489, 1.56900145, 1.60943025, 1.53474234,
  1.24244804, 0.81498567, 0.56123274, 0.42228129, 0.33692388, 0.279494  ,
  0.23832337, 0.20741769, 0.18339304]
lnMrq
[[-59.33832763,-60.59268394,-62.26654632,-64.08073971,-65.61207779,
  -66.27373906,-66.79336321,-79.98876389],
 [-53.95125322,-55.15808367,-56.80388327,-58.62123772,-60.15161066,
  -60.84382019,-61.35963836,-73.35522135],
 [-48.56395452,-49.71941867,-51.33299997,-53.15448305,-54.68433883,
  -55.41178269,-55.92590662,-66.72123557],
 [-43.17641158,-44.27582093,-45.85197619,-47.67849213,-49.2085843 ,
  -49.97668774,-50.49215103,-60.0854975 ],
 [-37.78860004,-38.82611083,-40.35816431,-42.19040887,-43.72192582,
  -44.53706273,-45.05831118,-53.44187052],
 [-32.40048936,-33.36862492,-34.84771758,-36.68583846,-38.22058194,
  -39.09045998,-39.62414641,-46.76101731],
 [-27.01204015,-27.90089103,-29.31459402,-31.15717302,-32.69775032,
  -33.63213663,-34.18830217,-39.91921725],
 [-21.62319927,-22.41895298,-23.74814911,-25.58822651,-27.13692089,
  -28.14674094,-28.73747089,-32.61238699],
 [-16.23388386,-16.9158385 ,-18.12652498,-19.93245847,-21.4688355 ,
  -22.52112847,-23.10173207,-24.71858167],
 [-10.84381791,-11.37780056,-12.39746275,-14.02193647,-15.31797369,
  -16.03624033,-16.29857991,-16.53568438],
 [ -5.44984756, -5.77325604, -6.43228014, -7.42819327, -8.00392815,
   -8.20608925, -8.25620827, -8.2760757 ],
 [  0.        ,  0.        ,  0.        ,  0.        ,  0.        ,
    0.        ,  0.        ,  0.        ],
 [  6.09372273,  6.37196693,  7.04457545,  7.83346491,  8.15052246,
    8.25005978,  8.27357325,  8.2795732 ],
 [ 13.79477097, 13.9140506 , 14.59296032, 15.81011363, 16.33580712,
   16.507849  , 16.54925672, 16.55996201],
 [ 22.03209134, 22.05820929, 22.46989807, 23.85181543, 24.53606014,
   24.76857471, 24.82559814, 24.84058687],
 [ 30.31184335, 30.31775634, 30.54136428, 31.93230737, 32.74558091,
   33.03101884, 33.10231524, 33.12130757],
 [ 38.59404573, 38.59591076, 38.71723841, 40.03994634, 40.96178151,
   41.29466838, 41.37929797, 41.40208266],
 [ 46.87638974, 46.87746771, 46.94551303, 48.16849391, 49.18315122,
   49.55924402, 49.65648529, 49.68289608],
 [ 55.15874263, 55.15973127, 55.19959953, 56.31416314, 57.40868767,
   57.82457073, 57.93383768, 57.96373971],
 [ 63.44109629, 63.4421574 , 63.46658873, 64.47442506, 65.6376761 ,
   66.09052855, 66.21132741, 66.24460859],
 [ 71.72345016, 71.72462443, 71.7402364 , 72.64745014, 73.86958321,
   74.35702994, 74.48893407, 74.52549926]]


 BoxCounting Genetic
logR
[-2.39789527,-1.70474809,-1.29928298,-1.01160091,-0.78845736,-0.6061358 ,
 -0.45198512,-0.31845373,-0.2006707 ,-0.09531018, 0.        ]
IndexZero
10
Tq
[ -4.61136075, -4.61142015, -4.61150648, -4.61158038, -4.61142722,
  -4.6102064 , -4.60503635, -4.5870959 , -4.53436213, -4.41292927,
  -3.48669258,  0.        ,  2.7649346 ,  4.6797197 ,  6.19101471,
   7.57964006,  8.90992676, 10.20261876, 11.46857014, 12.71506534,
  13.94743402]
Dq
[ 0.41921461, 0.46114201, 0.51238961, 0.57644755, 0.65877532, 0.76836773,
  0.92100727, 1.14677398, 1.51145404, 2.20646463, 3.48669258, 3.31836475,
  2.7649346 , 2.33985985, 2.06367157, 1.89491002, 1.78198535, 1.70043646,
  1.63836716, 1.58938317, 1.54971489]
lnMrq
[[  8.99221156e+01,  8.75352355e+01,  8.69609157e+01,  8.61164982e+01,
    8.56896723e+01,  8.44341490e+01,  8.34810173e+01,  8.22661135e+01,
    8.08388132e+01,  7.87592292e+01,  7.83537541e+01],
 [  8.16957142e+01,  7.93091771e+01,  7.87347922e+01,  7.78903334e+01,
    7.74634303e+01,  7.62080854e+01,  7.52548184e+01,  7.40399268e+01,
    7.26124671e+01,  7.05327621e+01,  7.01272653e+01],
 [  7.34694865e+01,  7.10836458e+01,  7.05091301e+01,  6.96645884e+01,
    6.92375300e+01,  6.79825437e+01,  6.70290041e+01,  6.58141437e+01,
    6.43864137e+01,  6.23065125e+01,  6.19009458e+01],
 [  6.52436088e+01,  6.28591935e+01,  6.22844146e+01,  6.14397070e+01,
    6.10123340e+01,  5.97580713e+01,  5.88039798e+01,  5.75892037e+01,
    5.61610786e+01,  5.40809288e+01,  5.36751338e+01],
 [  5.70184406e+01,  5.46369760e+01,  5.40616663e+01,  5.32166269e+01,
    5.27886129e+01,  5.15358164e+01,  5.05806015e+01,  4.93660637e+01,
    4.79375828e+01,  4.58573950e+01,  4.54508413e+01],
 [  4.87947191e+01,  4.64194693e+01,  4.58430864e+01,  4.49973884e+01,
    4.45680523e+01,  4.33182476e+01,  4.23607260e+01,  4.11468893e+01,
    3.97189805e+01,  3.76401869e+01,  3.72310799e+01],
 [  4.05739780e+01,  3.82121522e+01,  3.76335988e+01,  3.67866172e+01,
    3.63544941e+01,  3.51108548e+01,  3.41485458e+01,  3.29368247e+01,
    3.15137629e+01,  2.94423731e+01,  2.90246684e+01],
 [  3.23594746e+01,  3.00276978e+01,  2.94447978e+01,  2.85954339e+01,
    2.81571872e+01,  2.69263854e+01,  2.59540516e+01,  2.47487263e+01,
    2.33452759e+01,  2.13018235e+01,  2.08562508e+01],
 [  2.41583625e+01,  2.18971011e+01,  2.13059104e+01,  2.04527113e+01,
    1.99998907e+01,  1.87956774e+01,  1.78025590e+01,  1.66156296e+01,
    1.52722876e+01,  1.33108674e+01,  1.27862492e+01],
 [  1.59872622e+01,  1.39013179e+01,  1.32973164e+01,  1.24405531e+01,
    1.19475821e+01,  1.07933944e+01,  9.76064485e+00,  8.61769599e+00,
    7.40830011e+00,  5.61660317e+00,  4.92795425e+00],
 [  7.88899445e+00,  6.27900911e+00,  5.68153687e+00,  4.83461385e+00,
    4.20856571e+00,  3.13200989e+00,  2.12345843e+00,  1.24415459e+00,
    6.31271777e-01,  1.65514438e-01,  6.76586485e-02],
 [  0.00000000e+00,  0.00000000e+00,  0.00000000e+00,  0.00000000e+00,
    0.00000000e+00,  0.00000000e+00,  0.00000000e+00,  0.00000000e+00,
    0.00000000e+00,  0.00000000e+00,  0.00000000e+00],
 [ -7.08602850e+00, -3.35727051e+00, -1.92482322e+00, -6.82386633e-01,
   -2.17364158e-01, -6.08621100e-02, -1.73470792e-02, -5.78679291e-03,
   -1.81229364e-03, -3.36524378e-04, -9.08688642e-05],
 [ -1.21733053e+01, -5.54039741e+00, -2.98229521e+00, -1.01258351e+00,
   -3.18043410e-01, -8.93128516e-02, -2.56563918e-02, -8.66306989e-03,
   -2.71876119e-03, -5.04762725e-04, -1.36304248e-04],
 [ -1.60502314e+01, -7.50458408e+00, -3.82203948e+00, -1.28302239e+00,
   -4.01700003e-01, -1.13693205e-01, -3.26919281e-02, -1.12090997e-02,
   -3.60828143e-03, -6.72510876e-04, -1.81673122e-04],
 [ -1.95973393e+01, -9.37189580e+00, -4.53265754e+00, -1.52126570e+00,
   -4.76518833e-01, -1.35912966e-01, -3.90807283e-02, -1.35871672e-02,
   -4.48941994e-03, -8.40006152e-04, -2.27009052e-04],
 [ -2.30149418e+01, -1.11624026e+01, -5.15179070e+00, -1.73791460e+00,
   -5.45553479e-01, -1.56575585e-01, -4.50976209e-02, -1.58387238e-02,
   -5.36262428e-03, -1.00724970e-03, -2.72312088e-04],
 [ -2.63633961e+01, -1.28828370e+01, -5.70391583e+00, -1.93875377e+00,
   -6.10336348e-01, -1.76010226e-01, -5.08778970e-02, -1.79849147e-02,
   -6.22811459e-03, -1.17424216e-03, -3.17582252e-04],
 [ -2.96705529e+01, -1.45403732e+01, -6.20703587e+00, -2.12736164e+00,
   -6.71757009e-01, -1.94445030e-01, -5.64923677e-02, -2.00416242e-02,
   -7.08609862e-03, -1.34098414e-03, -3.62819567e-04],
 [ -3.29520641e+01, -1.61445265e+01, -6.67450082e+00, -2.30610331e+00,
   -7.30387323e-01, -2.12051166e-01, -6.19802416e-02, -2.20220382e-02,
   -7.93677810e-03, -1.50747626e-03, -4.08024055e-04],
 [ -3.62174092e+01, -1.77058322e+01, -7.11597196e+00, -2.47661605e+00,
   -7.86625557e-01, -2.28960867e-01, -6.73644371e-02, -2.39373091e-02,
   -8.78034911e-03, -1.67371914e-03, -4.53195740e-04]]
fitNessAverage
[ 0.35803989, 0.35985364, 0.36671888, 0.37411434, 0.37873629, 0.38146099,
  0.38140704, 0.37895561, 0.37918392, 0.38052317, 0.38038017, 0.38080643,
  0.38122581, 0.38102854, 0.38086871, 0.37988854, 0.37947688, 0.37811915,
  0.37679247, 0.37464757, 0.37400454, 0.37410469, 0.37391927, 0.37414788,
  0.3742327 ]
fitNessMax
[ 0.38467652, 0.4090206 , 0.4090206 , 0.41491335, 0.41491335, 0.41491335,
  0.41491335, 0.40872645, 0.40872645, 0.40872645, 0.40872645, 0.40676357,
  0.40676357, 0.41211512, 0.41211512, 0.41211512, 0.41211512, 0.41211512,
  0.41211512, 0.40628485, 0.40628485, 0.40432685, 0.40432685, 0.40432685,
  0.40432685]
fitNessMin
[ 0.33838228, 0.33148841, 0.33450214, 0.33450214, 0.33450214, 0.33450214,
  0.33923874, 0.33923874, 0.33923874, 0.33923874, 0.33501676, 0.33501676,
  0.33501676, 0.33519585, 0.34088372, 0.35286988, 0.35286988, 0.3457    ,
  0.34089388, 0.34089388, 0.34089388, 0.34176966, 0.33914084, 0.33914084,
  0.33914084]


 BoxCounting Simulated Annealing
logR
[-2.39789527,-1.70474809,-1.29928298,-1.01160091,-0.78845736,-0.6061358 ,
 -0.45198512,-0.31845373,-0.2006707 ,-0.09531018, 0.        ]
IndexZero
10
Tq
[ -4.61136075, -4.61142015, -4.61150648, -4.61158038, -4.61142722,
  -4.6102064 , -4.60503635, -4.5870959 , -4.53436213, -4.41292927,
  -3.48669258,  0.        ,  2.7649346 ,  4.6797197 ,  6.19101471,
   7.57964006,  8.90992676, 10.20261876, 11.46857014, 12.71506534,
  13.94743402]
Dq
[ 0.41921461, 0.46114201, 0.51238961, 0.57644755, 0.65877532, 0.76836773,
  0.92100727, 1.14677398, 1.51145404, 2.20646463, 3.48669258, 3.31836475,
  2.7649346 , 2.33985985, 2.06367157, 1.89491002, 1.78198535, 1.70043646,
  1.63836716, 1.58938317, 1.54971489]
lnMrq
[[  8.99221156e+01,  8.75352355e+01,  8.69609157e+01,  8.61164982e+01,
    8.56896723e+01,  8.44341490e+01,  8.34810173e+01,  8.22661135e+01,
    8.08388132e+01,  7.87592292e+01,  7.83537541e+01],
 [  8.16957142e+01,  7.93091771e+01,  7.87347922e+01,  7.78903334e+01,
    7.74634303e+01,  7.62080854e+01,  7.52548184e+01,  7.40399268e+01,
    7.26124671e+01,  7.05327621e+01,  7.01272653e+01],
 [  7.34694865e+01,  7.10836458e+01,  7.05091301e+01,  6.96645884e+01,
    6.92375300e+01,  6.79825437e+01,  6.70290041e+01,  6.58141437e+01,
    6.43864137e+01,  6.23065125e+01,  6.19009458e+01],
 [  6.52436088e+01,  6.28591935e+01,  6.22844146e+01,  6.14397070e+01,
    6.10123340e+01,  5.97580713e+01,  5.88039798e+01,  5.75892037e+01,
    5.61610786e+01,  5.40809288e+01,  5.36751338e+01],
 [  5.70184406e+01,  5.46369760e+01,  5.40616663e+01,  5.32166269e+01,
    5.27886129e+01,  5.15358164e+01,  5.05806015e+01,  4.93660637e+01,
    4.79375828e+01,  4.58573950e+01,  4.54508413e+01],
 [  4.87947191e+01,  4.64194693e+01,  4.58430864e+01,  4.49973884e+01,
    4.45680523e+01,  4.33182476e+01,  4.23607260e+01,  4.11468893e+01,
    3.97189805e+01,  3.76401869e+01,  3.72310799e+01],
 [  4.05739780e+01,  3.82121522e+01,  3.76335988e+01,  3.67866172e+01,
    3.63544941e+01,  3.51108548e+01,  3.41485458e+01,  3.29368247e+01,
    3.15137629e+01,  2.94423731e+01,  2.90246684e+01],
 [  3.23594746e+01,  3.00276978e+01,  2.94447978e+01,  2.85954339e+01,
    2.81571872e+01,  2.69263854e+01,  2.59540516e+01,  2.47487263e+01,
    2.33452759e+01,  2.13018235e+01,  2.08562508e+01],
 [  2.41583625e+01,  2.18971011e+01,  2.13059104e+01,  2.04527113e+01,
    1.99998907e+01,  1.87956774e+01,  1.78025590e+01,  1.66156296e+01,
    1.52722876e+01,  1.33108674e+01,  1.27862492e+01],
 [  1.59872622e+01,  1.39013179e+01,  1.32973164e+01,  1.24405531e+01,
    1.19475821e+01,  1.07933944e+01,  9.76064485e+00,  8.61769599e+00,
    7.40830011e+00,  5.61660317e+00,  4.92795425e+00],
 [  7.88899445e+00,  6.27900911e+00,  5.68153687e+00,  4.83461385e+00,
    4.20856571e+00,  3.13200989e+00,  2.12345843e+00,  1.24415459e+00,
    6.31271777e-01,  1.65514438e-01,  6.76586485e-02],
 [  0.00000000e+00,  0.00000000e+00,  0.00000000e+00,  0.00000000e+00,
    0.00000000e+00,  0.00000000e+00,  0.00000000e+00,  0.00000000e+00,
    0.00000000e+00,  0.00000000e+00,  0.00000000e+00],
 [ -7.08602850e+00, -3.35727051e+00, -1.92482322e+00, -6.82386633e-01,
   -2.17364158e-01, -6.08621100e-02, -1.73470792e-02, -5.78679291e-03,
   -1.81229364e-03, -3.36524378e-04, -9.08688642e-05],
 [ -1.21733053e+01, -5.54039741e+00, -2.98229521e+00, -1.01258351e+00,
   -3.18043410e-01, -8.93128516e-02, -2.56563918e-02, -8.66306989e-03,
   -2.71876119e-03, -5.04762725e-04, -1.36304248e-04],
 [ -1.60502314e+01, -7.50458408e+00, -3.82203948e+00, -1.28302239e+00,
   -4.01700003e-01, -1.13693205e-01, -3.26919281e-02, -1.12090997e-02,
   -3.60828143e-03, -6.72510876e-04, -1.81673122e-04],
 [ -1.95973393e+01, -9.37189580e+00, -4.53265754e+00, -1.52126570e+00,
   -4.76518833e-01, -1.35912966e-01, -3.90807283e-02, -1.35871672e-02,
   -4.48941994e-03, -8.40006152e-04, -2.27009052e-04],
 [ -2.30149418e+01, -1.11624026e+01, -5.15179070e+00, -1.73791460e+00,
   -5.45553479e-01, -1.56575585e-01, -4.50976209e-02, -1.58387238e-02,
   -5.36262428e-03, -1.00724970e-03, -2.72312088e-04],
 [ -2.63633961e+01, -1.28828370e+01, -5.70391583e+00, -1.93875377e+00,
   -6.10336348e-01, -1.76010226e-01, -5.08778970e-02, -1.79849147e-02,
   -6.22811459e-03, -1.17424216e-03, -3.17582252e-04],
 [ -2.96705529e+01, -1.45403732e+01, -6.20703587e+00, -2.12736164e+00,
   -6.71757009e-01, -1.94445030e-01, -5.64923677e-02, -2.00416242e-02,
   -7.08609862e-03, -1.34098414e-03, -3.62819567e-04],
 [ -3.29520641e+01, -1.61445265e+01, -6.67450082e+00, -2.30610331e+00,
   -7.30387323e-01, -2.12051166e-01, -6.19802416e-02, -2.20220382e-02,
   -7.93677810e-03, -1.50747626e-03, -4.08024055e-04],
 [ -3.62174092e+01, -1.77058322e+01, -7.11597196e+00, -2.47661605e+00,
   -7.86625557e-01, -2.28960867e-01, -6.73644371e-02, -2.39373091e-02,
   -8.78034911e-03, -1.67371914e-03, -4.53195740e-04]]


Execution time

Box Counting	Box Counting Fixed	SandBox	Genetic SandBox	Simulated SandBox	Genetic BCFS	Simulated BCFS
[ 53869.69946098, 54184.182899  ,  6615.0376811 , 30158.02327299,
  21965.56330609, 28568.34934402, 21945.20465016, 47834.02867293,
  22403.11603498]
Fractal dimension
3.10763668734