BCAlgorithm
logR
[-2.30258509,-1.60943791,-1.2039728 ,-0.91629073,-0.69314718,-0.51082562,
 -0.35667494,-0.22314355,-0.10536052, 0.        ]
IndexZero
10
Tq
[ -4.42579790e+01, -4.01227991e+01, -3.59884460e+01, -3.18557743e+01,
  -2.77265373e+01, -2.36043394e+01, -1.94965343e+01, -1.54176802e+01,
  -1.13945520e+01, -7.47044769e+00, -3.69576565e+00, -3.14234894e-18,
   2.83439560e+00,  4.79657115e+00,  6.45601491e+00,  8.08078017e+00,
   9.70057226e+00,  1.13188615e+01,  1.29365257e+01,  1.45539060e+01,
   1.61711532e+01]
Dq
[ 4.02345263, 4.01227991, 3.99871623, 3.98197179, 3.96093391, 3.93405657,
  3.89930687, 3.85442004, 3.798184  , 3.73522384, 3.69576565, 3.41914912,
  2.8343956 , 2.39828558, 2.15200497, 2.02019504, 1.94011445, 1.88647691,
  1.84807511, 1.81923824, 1.79679479]
lnMrq
[[  8.48944014e+01,  8.36834560e+01,  7.70170778e+01,  7.46842651e+01,
    6.85231203e+01,  5.97197712e+01,  0.00000000e+00,  0.00000000e+00,
    0.00000000e+00,  0.00000000e+00],
 [  7.69829494e+01,  7.57723644e+01,  6.97978185e+01,  6.74675653e+01,
    6.19967005e+01,  5.38864235e+01,  0.00000000e+00,  0.00000000e+00,
    0.00000000e+00,  0.00000000e+00],
 [  6.90728714e+01,  6.78629900e+01,  6.25789523e+01,  6.02538074e+01,
    5.54703559e+01,  4.80530758e+01,  0.00000000e+00,  0.00000000e+00,
    0.00000000e+00,  0.00000000e+00],
 [  6.11656089e+01,  5.99570849e+01,  5.53608887e+01,  5.30459072e+01,
    4.89441614e+01,  4.22197281e+01,  0.00000000e+00,  0.00000000e+00,
    0.00000000e+00,  0.00000000e+00],
 [  5.32641597e+01,  5.20582082e+01,  4.81444737e+01,  4.58495728e+01,
    4.24182677e+01,  3.63863804e+01,  0.00000000e+00,  0.00000000e+00,
    0.00000000e+00,  0.00000000e+00],
 [  4.53747916e+01,  4.41735983e+01,  4.09314782e+01,  3.86756619e+01,
    3.58929775e+01,  3.05530328e+01,  0.00000000e+00,  0.00000000e+00,
    0.00000000e+00,  0.00000000e+00],
 [  3.75105211e+01,  3.63179073e+01,  3.37257057e+01,  3.15436827e+01,
    2.93689134e+01,  2.47196851e+01,  0.00000000e+00,  0.00000000e+00,
    0.00000000e+00,  0.00000000e+00],
 [  2.96973462e+01,  2.85202564e+01,  2.65357641e+01,  2.44852364e+01,
    2.28474472e+01,  1.88863374e+01,  0.00000000e+00,  0.00000000e+00,
    0.00000000e+00,  0.00000000e+00],
 [  2.19817337e+01,  2.08360787e+01,  1.93831925e+01,  1.75445241e+01,
    1.63322711e+01,  1.30529919e+01,  0.00000000e+00,  0.00000000e+00,
    0.00000000e+00,  0.00000000e+00],
 [  1.44282170e+01,  1.33637237e+01,  1.23300117e+01,  1.07831431e+01,
    9.83805435e+00,  7.22038251e+00,  0.00000000e+00,  0.00000000e+00,
    0.00000000e+00,  0.00000000e+00],
 [  7.09090982e+00,  6.26909628e+00,  5.56834450e+00,  4.38202663e+00,
    3.49650756e+00,  1.60943791e+00,  0.00000000e+00,  0.00000000e+00,
    0.00000000e+00,  0.00000000e+00],
 [  0.00000000e+00,  0.00000000e+00,  2.22044605e-16, -1.11022302e-16,
    0.00000000e+00,  2.22044605e-16,  0.00000000e+00,  0.00000000e+00,
    0.00000000e+00,  0.00000000e+00],
 [ -6.50799932e+00, -3.63411195e+00, -2.02241176e+00, -9.37499136e-01,
   -3.62095647e-01, -2.35292214e-02,  0.00000000e+00,  0.00000000e+00,
    0.00000000e+00,  0.00000000e+00],
 [ -1.12920741e+01, -5.80047059e+00, -3.11960280e+00, -1.44961096e+00,
   -5.62182087e-01, -3.53464020e-02,  0.00000000e+00,  0.00000000e+00,
    0.00000000e+00,  0.00000000e+00],
 [ -1.51963216e+01, -7.82786106e+00, -4.16937158e+00, -1.93729072e+00,
   -7.51429118e-01, -4.71286745e-02,  0.00000000e+00,  0.00000000e+00,
    0.00000000e+00,  0.00000000e+00],
 [ -1.90077976e+01, -9.82469127e+00, -5.21337594e+00, -2.42220110e+00,
   -9.39483931e-01, -5.89108435e-02,  0.00000000e+00,  0.00000000e+00,
    0.00000000e+00,  0.00000000e+00],
 [ -2.28111139e+01, -1.18077340e+01, -6.25635554e+00, -2.90672430e+00,
   -1.12740239e+00, -7.06930122e-02,  0.00000000e+00,  0.00000000e+00,
    0.00000000e+00,  0.00000000e+00],
 [ -2.66133162e+01, -1.37840485e+01, -7.29913900e+00, -3.39119040e+00,
   -1.31530521e+00, -8.24751809e-02,  0.00000000e+00,  0.00000000e+00,
    0.00000000e+00,  0.00000000e+00],
 [ -3.04152997e+01, -1.57570900e+01, -8.34188417e+00, -3.87564794e+00,
   -1.50320622e+00, -9.42573496e-02,  0.00000000e+00,  0.00000000e+00,
    0.00000000e+00,  0.00000000e+00],
 [ -3.42172322e+01, -1.77285489e+01, -9.38462183e+00, -4.36010420e+00,
   -1.69110703e+00, -1.06039518e-01,  0.00000000e+00,  0.00000000e+00,
    0.00000000e+00,  0.00000000e+00],
 [ -3.80191520e+01, -1.96992451e+01, -1.04273580e+01, -4.84456026e+00,
   -1.87900781e+00, -1.17821687e-01,  0.00000000e+00,  0.00000000e+00,
    0.00000000e+00,  0.00000000e+00]]FSBCAlgorithm
logR
[-2.39789527,-1.70474809,-1.29928298,-1.01160091,-0.78845736,-0.6061358 ,
 -0.45198512,-0.31845373,-0.2006707 ,-0.09531018, 0.        ]
IndexZero
10
Tq
[-18.3121518 ,-16.86482588,-15.41534727,-13.96198478,-12.50224411,
 -11.03373602, -9.55701581, -8.08061649, -6.62618454, -5.19112618,
  -3.16881267,  0.        ,  3.11177955,  5.69615007,  7.69118641,
   9.36686478, 10.93507292, 12.46087895, 13.96718616, 15.463564  ,
  16.95441293]
Dq
[ 1.66474107, 1.68648259, 1.71281636, 1.7452481 , 1.78603487, 1.838956  ,
  1.91140316, 2.02015412, 2.20872818, 2.59556309, 3.16881267, 3.3252969 ,
  3.11177955, 2.84807503, 2.5637288 , 2.3417162 , 2.18701458, 2.07681316,
  1.99531231, 1.9329455 , 1.88382366]
lnMrq
[[  8.50032125e+01,  8.37775004e+01,  7.70358406e+01,  7.51985539e+01,
    6.87896333e+01,  6.65847080e+01,  6.04508965e+01,  5.74638577e+01,
    5.16018747e+01,  4.68903628e+01,  4.13880557e+01],
 [  7.70916831e+01,  7.58662397e+01,  6.98166960e+01,  6.79808989e+01,
    6.22634514e+01,  6.00608359e+01,  5.46177081e+01,  5.16350210e+01,
    4.64617154e+01,  4.17699200e+01,  3.69410024e+01],
 [  6.91814414e+01,  6.79565315e+01,  6.25980608e+01,  6.07652446e+01,
    5.57375834e+01,  5.35395922e+01,  4.87846791e+01,  4.58106608e+01,
    4.13215974e+01,  3.66681074e+01,  3.24939491e+01],
 [  6.12738267e+01,  6.00499739e+01,  5.53804630e+01,  5.35536078e+01,
    4.92123460e+01,  4.70235964e+01,  4.29519690e+01,  3.99951280e+01,
    3.61815620e+01,  3.16005439e+01,  2.80468957e+01],
 [  5.33716035e+01,  5.21498431e+01,  4.81649878e+01,  4.63500217e+01,
    4.26883796e+01,  4.05180091e+01,  3.71198990e+01,  3.41967178e+01,
    3.10416924e+01,  2.65915278e+01,  2.35998424e+01],
 [  4.54805049e+01,  4.42628996e+01,  4.09538854e+01,  3.91624589e+01,
    3.61669922e+01,  3.40327547e+01,  3.12891190e+01,  2.84304561e+01,
    2.59021586e+01,  2.16712957e+01,  1.91527891e+01],
 [  3.76123518e+01,  3.64031391e+01,  3.37518973e+01,  3.20062738e+01,
    2.96509150e+01,  2.75859790e+01,  2.54609771e+01,  2.27210006e+01,
    2.07633234e+01,  1.68642245e+01,  1.47057362e+01],
 [  2.97907429e+01,  2.85993207e+01,  2.65693537e+01,  2.49096282e+01,
    2.31461625e+01,  2.12078738e+01,  1.96384665e+01,  1.71022003e+01,
    1.56260823e+01,  1.21738636e+01,  1.02587176e+01],
 [  2.20586131e+01,  2.09086158e+01,  1.94304831e+01,  1.79212204e+01,
    1.66678355e+01,  1.49423937e+01,  1.38296402e+01,  1.16095269e+01,
    1.04936405e+01,  7.58311430e+00,  5.81462050e+00],
 [  1.44792653e+01,  1.34364136e+01,  1.24008715e+01,  1.11307220e+01,
    1.02662839e+01,  8.85793801e+00,  8.06765335e+00,  6.28562152e+00,
    5.38977930e+00,  3.12330110e+00,  1.59221156e+00],
 [  7.11498132e+00,  6.36064780e+00,  5.69367329e+00,  4.80531692e+00,
    4.20596609e+00,  3.25422530e+00,  2.65093485e+00,  1.57186679e+00,
    9.50932615e-01,  2.49284959e-01,  4.48256821e-02],
 [  0.00000000e+00,  0.00000000e+00,  0.00000000e+00,  0.00000000e+00,
    0.00000000e+00,  0.00000000e+00,  0.00000000e+00,  0.00000000e+00,
    0.00000000e+00,  0.00000000e+00,  0.00000000e+00],
 [ -6.79724674e+00, -5.15819346e+00, -3.75353763e+00, -2.50446548e+00,
   -1.61303800e+00, -9.35037285e-01, -4.81722364e-01, -1.99974532e-01,
   -6.17560443e-02, -1.19259646e-02, -1.06196443e-03],
 [ -1.28370232e+01, -9.04786966e+00, -6.21782627e+00, -3.98088299e+00,
   -2.48075745e+00, -1.42011356e+00, -7.22326422e-01, -3.00170081e-01,
   -9.23915898e-02, -1.78962328e-02, -1.59336986e-03],
 [ -1.75404904e+01, -1.19470168e+01, -8.16700454e+00, -5.11392088e+00,
   -3.11764615e+00, -1.77274714e+00, -9.00027408e-01, -3.77361385e-01,
   -1.17973296e-01, -2.33382924e-02, -2.11274516e-03],
 [ -2.15722637e+01, -1.42516194e+01, -9.76369196e+00, -6.09159050e+00,
   -3.63862003e+00, -2.05713372e+00, -1.04495743e+00, -4.42670207e-01,
   -1.40953042e-01, -2.85168492e-02, -2.62623089e-03],
 [ -2.54428384e+01, -1.63364522e+01, -1.10665720e+01, -6.96667279e+00,
   -4.09014008e+00, -2.29790235e+00, -1.16851995e+00, -4.99918829e-01,
   -1.61993325e-01, -3.34657627e-02, -3.13396048e-03],
 [ -2.92650431e+01, -1.83525536e+01, -1.21779680e+01, -7.74886969e+00,
   -4.49655650e+00, -2.50770855e+00, -1.27666463e+00, -5.51091559e-01,
   -1.81433256e-01, -3.82018196e-02, -3.63599643e-03],
 [ -3.30669590e+01, -2.03444660e+01, -1.31923810e+01, -8.43704532e+00,
   -4.87183232e+00, -2.69410028e+00, -1.37304073e+00, -5.97447168e-01,
   -1.99506377e-01, -4.27395053e-02, -4.13239976e-03],
 [ -3.68585320e+01, -2.23263679e+01, -1.41634704e+01, -9.03467199e+00,
   -5.22403152e+00, -2.86204039e+00, -1.46011297e+00, -6.39867778e-01,
   -2.16392270e-01, -4.70922031e-02, -4.62323093e-03],
 [ -4.06440588e+01, -2.43036178e+01, -1.51155510e+01, -9.55463819e+00,
   -5.55758028e+00, -3.01506066e+00, -1.53965327e+00, -6.79005160e-01,
   -2.32234851e-01, -5.12723451e-02, -5.10854979e-03]]

\SBAlgorithm
logR
[-2.30258509,-1.60943791,-1.2039728 ,-0.91629073,-0.69314718,-0.51082562,
 -0.35667494,-0.22314355,-0.10536052, 0.        ]
IndexZero
10
Tq
[-36.5462561 ,-33.26886888,-29.98680276,-26.69894988,-23.4036395 ,
 -20.09845114,-16.78011027,-13.44446265,-10.08690727, -6.70608171,
  -3.31899374,  0.        ,  3.09248602,  5.77499381,  7.90961234,
   9.69799521, 11.36098988, 12.9756171 , 14.56892302, 16.15261534,
  17.73205868]
Dq
[ 3.32238692, 3.32688689, 3.33186697, 3.33736874, 3.34337707, 3.34974186,
  3.35602205, 3.36111566, 3.36230242, 3.35304085, 3.31899374, 3.23668046,
  3.09248602, 2.88749691, 2.63653745, 2.4244988 , 2.27219798, 2.16260285,
  2.08127472, 2.01907692, 1.97022874]
lnMrq
[[-12.37317594,-20.69154616,-30.69819606,-41.77118135,-53.22132796,
  -64.22028131,-74.19605877,-81.81336974,-86.04556857,-86.94278033],
 [-11.27395691,-18.89853582,-28.05711976,-38.18370504,-48.64322038,
  -58.6576337 ,-67.72498942,-74.62264525,-78.29713597,-79.0415917 ],
 [-10.17433325,-17.10467104,-25.41484145,-34.59435496,-44.06053594,
  -53.09334771,-61.25090193,-67.41576266,-70.53017055,-71.13975473],
 [ -9.07403479,-15.30935372,-22.77060079,-31.00212414,-39.47160146,
  -47.52594829,-54.77097012,-60.18337475,-62.74526313,-63.23730921],
 [ -7.97261002,-13.5115462 ,-20.12308976,-27.40529267,-34.87386306,
  -41.95249181,-48.27956801,-52.91206253,-54.94354128,-55.33429306],
 [ -6.86930225,-11.70941782,-17.46996185,-23.8007021 ,-30.26304925,
  -36.36692973,-41.765371  ,-45.58474244,-47.12652686,-47.43074232],
 [ -5.76283614, -9.89966051,-14.80676919,-20.18206857,-25.6311787 ,
  -30.75643447,-35.20574484,-38.18375185,-39.29596847,-39.52669118],
 [ -4.6510384 , -8.07608916,-12.12447856,-16.53589507,-20.96150803,
  -25.09296996,-28.55806987,-30.69680246,-31.45368267,-31.622172  ],
 [ -3.53012667, -6.22654315, -9.40313799,-12.83126126,-16.21496612,
  -19.31483249,-21.75533039,-23.12252496,-23.60142709,-23.71721534],
 [ -2.393246  , -4.32510274, -6.59416373, -8.99358374,-11.29420502,
  -13.29876842,-14.7289476 ,-15.47084885,-15.74081465,-15.81184999],
 [ -1.22694227, -2.30853543, -3.56855405, -4.83897271, -5.98019966,
   -6.87929857, -7.46135524, -7.75790347, -7.87326716, -7.90610306],
 [  0.        ,  0.        ,  0.        ,  0.        ,  0.        ,
    0.        ,  0.        ,  0.        ,  0.        ,  0.        ],
 [  1.3884106 ,  2.99814032,  4.5654111 ,  5.76538467,  6.63039609,
    7.22060426,  7.58925575,  7.78971063,  7.87797171,  7.9064353 ],
 [  3.33995253,  7.00137411, 10.04070905, 12.18773486, 13.65854172,
   14.64098378, 15.25763358, 15.60183922, 15.75981469, 15.81318046],
 [  6.44595649, 11.92339262, 16.00261337, 18.94345438, 20.900276  ,
   22.17638171, 22.97613075, 23.43005395, 23.64485331, 23.72021455],
 [ 10.27410645, 17.445906  , 22.27294098, 25.87239518, 28.26542676,
   29.78312164, 30.72819214, 31.2701443 , 31.53254434, 31.627518  ],
 [ 14.30958302, 23.2267949 , 28.80365216, 32.90771639, 35.7085535 ,
   37.43768714, 38.50404115, 39.11927255, 39.42245311, 39.53507256],
 [ 18.40874246, 29.09762908, 35.53309689, 40.02606887, 43.20364419,
   45.12642413, 46.2975761 , 46.9754716 , 47.31423246, 47.44286118],
 [ 22.53327066, 35.00103756, 42.38323567, 47.22234127, 50.73448133,
   52.84089348, 54.10476309, 54.83733295, 55.20760492, 55.35086801],
 [ 26.66936913, 40.91774467, 49.2948432 , 54.49507182, 58.29081094,
   60.57557248, 61.92278722, 62.70381738, 63.10234798, 63.25907825],
 [ 30.81105692, 46.84042667, 56.23528764, 61.83892841, 65.86639435,
   68.32661197, 69.7495912 , 70.57413929, 70.99828226, 71.16747816]]


 SandBox Genetic
logR
[-2.30258509,-1.60943791,-1.2039728 ,-0.91629073,-0.69314718,-0.51082562,
 -0.35667494,-0.22314355,-0.10536052, 0.        ]
IndexZero
10
Tq
[-36.5421069 ,-33.26408049,-29.98129951,-26.69262322,-23.39634619,
 -20.09003134,-16.77043244,-13.43352335,-10.075127  , -6.69494854,
  -3.31143288,  0.        ,  3.06686083,  5.64393136,  7.61990053,
   9.30898165, 10.9139211 , 12.4901101 , 14.05528443, 15.61632179,
  17.1761402 ]
Dq
[ 3.32200972, 3.32640805, 3.3312555 , 3.3365779 , 3.34233517, 3.34833856,
  3.35408649, 3.35838084, 3.35837567, 3.34747427, 3.31143288, 3.22541367,
  3.06686083, 2.82196568, 2.53996684, 2.32724541, 2.18278422, 2.08168502,
  2.00789778, 1.95204022, 1.90846002]
lnMrq
[[-12.38500215,-20.72239881,-30.75946246,-41.7992185 ,-53.25583305,
  -64.25524775,-74.23080941,-81.84443545,-86.05350298,-86.94305083],
 [-11.28579001,-18.9293079 ,-28.11821977,-38.21191149,-48.67755425,
  -58.69254616,-67.75948053,-74.6516504 ,-78.30247144,-79.04174672],
 [-10.18617761,-17.13530822,-25.47567209,-34.62279087,-44.0946322 ,
  -53.12814185,-61.28488183,-67.4417642 ,-70.53322008,-71.13981599],
 [ -9.08589722,-15.33976474,-22.83098879,-31.03085513,-39.50534944,
  -47.56047697,-54.80395007,-60.20518214,-62.74642552,-63.2372972 ],
 [ -7.98450054,-13.54157789,-20.18273518,-27.43436213,-34.9070528 ,
  -41.98641626,-48.31062163,-52.92840359,-54.94326391,-55.33422706],
 [ -6.88123358,-11.73881367,-17.52832783,-23.83004911,-30.29523631,
  -36.39947632,-41.79283143,-45.59468087,-47.12526671,-47.43064041],
 [ -5.77481771, -9.92799408,-14.86286342,-20.21131413,-25.66136901,
  -30.7859022 ,-35.22694124,-38.18729286,-39.29415873,-39.52657028],
 [ -4.66305136, -8.10266351,-12.17643473,-16.56384761,-20.98752031,
  -25.11598575,-28.569777  ,-30.69528303,-31.45170906,-31.62204791],
 [ -3.54203862, -6.25025781, -9.44753891,-12.85501753,-16.23263081,
  -19.32635338,-21.7562107 ,-23.11830926,-23.59961489,-23.71710276],
 [ -2.40454199, -4.34431654, -6.62562035, -9.00807116,-11.29866261,
  -13.29656514,-14.72294651,-15.46644635,-15.73942497,-15.81176259],
 [ -1.23586409, -2.32088064, -3.58247496, -4.84170687, -5.97513716,
   -6.87230313, -7.45595949, -7.75519599, -7.87249974, -7.9060535 ],
 [  0.        ,  0.        ,  0.        ,  0.        ,  0.        ,
    0.        ,  0.        ,  0.        ,  0.        ,  0.        ],
 [  1.4327713 ,  3.04636197,  4.58887437,  5.77141514,  6.62690953,
    7.21385428,  7.58352567,  7.78670166,  7.87710533,  7.90637492],
 [  3.59780027,  7.23418921, 10.13629753, 12.22083687, 13.66326428,
   14.63329209, 15.24796215, 15.59595966, 15.75802051, 15.81304975],
 [  7.018171  , 12.4391681 , 16.23209961, 19.01917612, 20.9195193 ,
   22.17185029, 22.96448628, 23.42165801, 23.64209952, 23.72000436],
 [ 11.00631565, 18.15375368, 22.68549439, 26.00559052, 28.30159545,
   29.78363805, 30.71604841, 31.25965939, 31.52882184, 31.62721993],
 [ 15.12099095, 24.0323605 , 29.39541919, 33.1165788 , 35.76297789,
   37.4439673 , 38.49234149, 39.10712132, 39.41776981, 39.53467893],
 [ 19.27064242, 29.95962126, 36.25700905, 40.32909389, 43.277783  ,
   45.13868253, 46.28687411, 46.9620352 , 47.30860871, 47.44236499],
 [ 23.4335556 , 35.90336494, 43.19216221, 47.63195585, 50.83037886,
   52.85913199, 54.09536466, 54.82293757, 55.20106987, 55.35026286],
 [ 27.60236048, 41.85364321, 50.15952642, 55.01255721, 58.41123042,
   60.59969326, 61.91485241, 62.68873303, 63.09493682, 63.25835834],
 [ 31.77397236, 47.80681155, 57.14061454, 62.45441341, 66.01477368,
   68.35646719, 69.74319838, 70.55858441, 70.99003409, 71.16663824]]
fitNessAverage
[ 3.09021598, 3.09137714, 3.09374495, 3.09521086, 3.09659602, 3.0972551 ,
  3.09660582, 3.09785407, 3.0818835 , 3.07860009, 3.07643708, 3.0744004 ,
  3.07704439, 3.07340093, 3.06770381, 3.06566897, 3.0615454 , 3.06867014,
  3.07567349, 3.07870135, 3.08326645, 3.08981963, 3.09039194, 3.0896098 ,
  3.08390844, 3.0807589 , 3.0793566 , 3.07989174, 3.08096342, 3.08183315,
  3.07824037, 3.07795391, 3.0810578 , 3.07615218, 3.07406054, 3.07667827,
  3.07336135, 3.06691615, 3.06045266, 3.06704865]
fitNessMax
[ 3.16320646, 3.16320646, 3.17780655, 3.21035965, 3.179102  , 3.18827892,
  3.18827892, 3.20177283, 3.18827892, 3.18682842, 3.18682842, 3.21108397,
  3.21108397, 3.21108397, 3.21108397, 3.21108397, 3.18705163, 3.18705163,
  3.24593341, 3.19129608, 3.23187484, 3.23187484, 3.23187484, 3.22932433,
  3.22932433, 3.21714897, 3.21714897, 3.21968226, 3.21799404, 3.21799404,
  3.21799404, 3.19773779, 3.19773779, 3.2369815 , 3.19758873, 3.20345318,
  3.19758873, 3.19758873, 3.19758873, 3.23591885]
fitNessMin
[ 3.04703265, 2.98682757, 2.98682757, 2.98682757, 2.98947525, 2.96852986,
  2.9519468 , 2.95431398, 2.94971723, 2.94971723, 2.94971723, 2.95011733,
  2.95208451, 2.94770134, 2.93240982, 2.92045688, 2.92045688, 2.92045688,
  2.92045688, 2.94370323, 2.9678533 , 2.91683222, 2.91683222, 2.91683222,
  2.91683222, 2.91683222, 2.91786238, 2.87152207, 2.87152207, 2.90648305,
  2.90648305, 2.90648305, 2.91990793, 2.91990793, 2.91990793, 2.91990793,
  2.91990793, 2.91990793, 2.90387605, 2.90387605]


 SandBox Simulated Annealing
logR
[-2.30258509,-1.60943791,-1.2039728 ,-0.91629073,-0.69314718,-0.51082562,
 -0.35667494,-0.22314355,-0.10536052, 0.        ]
IndexZero
10
Tq
[-36.55954744,-33.28114222,-29.99793437,-26.7087658 ,-23.4118876 ,
 -20.104783  ,-16.78408838,-13.44559824,-10.08477132, -6.70069645,
  -3.31211563,  0.        ,  3.06088276,  5.6642628 ,  7.69739764,
   9.41949867, 11.04023218, 12.6246057 , 14.19439539, 15.75825793,
  17.31988132]
Dq
[ 3.32359522, 3.32811422, 3.33310382, 3.33859573, 3.34455537, 3.35079717,
  3.35681768, 3.36139956, 3.36159044, 3.35034823, 3.31211563, 3.22082714,
  3.06088276, 2.8321314 , 2.56579921, 2.35487467, 2.20804644, 2.10410095,
  2.02777077, 1.96978224, 1.92443126]
lnMrq
[[-12.40473552,-20.6976161 ,-30.71443375,-41.78180115,-53.2863467 ,
  -64.28991146,-74.26567513,-81.88096345,-86.08319635,-86.94816771],
 [-11.30547427,-18.90466759,-28.07345524,-38.19451141,-48.70669747,
  -58.72705765,-67.79438054,-74.68889456,-78.32997229,-79.04633733],
 [-10.2057801 ,-17.11090621,-25.43133019,-34.60542989,-44.12202159,
  -53.16241211,-61.31989085,-67.47987787,-70.55823322,-71.14389361],
 [ -9.10536368,-15.31576199,-22.78732911,-31.01358615,-39.53054144,
  -47.59438626,-54.83923704,-60.24416292,-62.76872069,-63.24087479],
 [ -8.00374091,-13.51824481,-20.14019085,-27.41731499,-34.92959606,
  -42.01984155,-48.34653039,-52.96786234,-54.96268655,-55.33731726],
 [ -6.90009875,-11.71660448,-17.48763795,-23.81354338,-30.31482826,
  -36.43240228,-41.82996286,-45.63355399,-47.14173845,-47.4332555 ],
 [ -5.7930616 , -9.90766833,-14.82531741,-20.19612801,-25.67824742,
  -30.81871564,-35.26604464,-38.22371046,-39.30766941,-39.52872215],
 [ -4.68026932, -8.08547071,-12.14430356,-16.55180577,-21.0032867 ,
  -25.14996658,-28.61087552,-30.72688306,-31.4623037 ,-31.62374805],
 [ -3.55756595, -6.23815112, -9.42467552,-12.84996537,-16.25135084,
  -19.36342538,-21.79642566,-23.14296624,-23.60737908,-23.71836225],
 [ -2.41727396, -4.33984938, -6.61736197, -9.01575918,-11.32526819,
  -13.33474238,-14.75525161,-15.48290568,-15.74447108,-15.81259212],
 [ -1.24388498, -2.32481225, -3.5899706 , -4.86045832, -6.00204445,
   -6.89826826, -7.47321129, -7.76319758, -7.87495554, -7.90646333],
 [  0.        ,  0.        ,  0.        ,  0.        ,  0.        ,
    0.        ,  0.        ,  0.        ,  0.        ,  0.        ],
 [  1.43989585,  3.07189079,  4.62597723,  5.80993828,  6.66017274,
    7.23841794,  7.59862898,  7.79388591,  7.87942588,  7.9067753 ],
 [  3.55454586,  7.2156329 , 10.17288023, 12.27604537, 13.71581125,
   14.67428139, 15.2746817 , 15.60940315, 15.76252949, 15.81384145],
 [  6.87304951, 12.31266078, 16.21648783, 19.06890194, 20.98064113,
   22.22298807, 22.99971638, 23.44046459, 23.64867018, 23.72117869],
 [ 10.81560303, 17.96818894, 22.59479715, 26.03423968, 28.36515439,
   29.84132013, 30.757498  , 31.28302127, 31.53733392, 31.62876861],
 [ 14.91468941, 23.82678349, 29.2427822 , 33.11214746, 35.8248121 ,
   37.50615259, 38.53844356, 39.13433803, 39.42810995, 39.53659402],
 [ 19.0583458 , 29.74726162, 36.06897456, 40.28358821, 43.33460233,
   45.20409716, 46.33658103, 46.99251337, 47.32067037, 47.44463889],
 [ 23.21868109, 35.68837019, 42.98760864, 47.54327873, 50.87937044,
   52.92687851, 54.14796949, 54.85618236, 55.21475308, 55.35288832],
 [ 27.38629434, 41.63749544, 49.9478516 , 54.8848903 , 58.44987264,
   60.66907215, 61.96986404, 62.72433627, 63.11014775, 63.26132844],
 [ 31.55733133, 47.59012255, 56.92590224, 62.29593687, 66.04074234,
   68.42689407, 69.80026237, 70.59621197, 71.00668462, 71.16994635]]


 BoxCounting Genetic
logR
[-2.39789527,-1.70474809,-1.29928298,-1.01160091,-0.78845736,-0.6061358 ,
 -0.45198512,-0.31845373,-0.2006707 ,-0.09531018, 0.        ]
IndexZero
10
Tq
[-18.90911026,-17.37538116,-15.84180082,-14.30856456,-12.77614688,
 -11.24575424, -9.72054537, -8.20862303, -6.72793796, -5.25825197,
  -3.17554186,  0.        ,  3.09983087,  5.72631924,  7.89154099,
   9.77077456, 11.5389063 , 13.26101164, 14.96115581, 16.64977571,
  18.33190187]
Dq
[ 1.71901002, 1.73753812, 1.76020009, 1.78857057, 1.82516384, 1.87429237,
  1.94410907, 2.05215576, 2.24264599, 2.62912598, 3.17554186, 3.32018937,
  3.09983087, 2.86315962, 2.63051366, 2.44269364, 2.30778126, 2.21016861,
  2.13730797, 2.08122196, 2.03687799]
lnMrq
[[  8.50763758e+01,  8.38420995e+01,  7.70408498e+01,  7.52025170e+01,
    6.87880888e+01,  6.65148365e+01,  6.04807173e+01,  5.74463346e+01,
    5.15760157e+01,  4.30016109e+01,  4.09639753e+01],
 [  7.71647534e+01,  7.59306720e+01,  6.98216945e+01,  6.79847836e+01,
    6.22619097e+01,  5.99912033e+01,  5.46475100e+01,  5.16174350e+01,
    4.64358727e+01,  3.85549342e+01,  3.65169220e+01],
 [  6.92543226e+01,  6.80206307e+01,  6.26030387e+01,  6.07689722e+01,
    5.57360473e+01,  5.34704357e+01,  4.88144431e+01,  4.57929488e+01,
    4.12957871e+01,  3.41084457e+01,  3.20698686e+01],
 [  6.13463205e+01,  6.01134084e+01,  5.53854009e+01,  5.35570214e+01,
    4.92108211e+01,  4.69553832e+01,  4.29816573e+01,  3.99771646e+01,
    3.61558163e+01,  2.96622391e+01,  2.76228153e+01],
 [  5.34432994e+01,  5.22119586e+01,  4.81698488e+01,  4.63528119e+01,
    4.26868765e+01,  4.04516410e+01,  3.71494356e+01,  3.41782618e+01,
    3.10160754e+01,  2.52164560e+01,  2.31757620e+01],
 [  4.55505510e+01,  4.43224298e+01,  4.09586007e+01,  3.91640314e+01,
    3.61655311e+01,  3.39699013e+01,  3.13183508e+01,  2.84110723e+01,
    2.58767954e+01,  2.07713136e+01,  1.87287087e+01],
 [  3.76790093e+01,  3.64577379e+01,  3.37563419e+01,  3.20055531e+01,
    2.96495318e+01,  2.75294783e+01,  2.54895900e+01,  2.27000108e+01,
    2.07384487e+01,  1.63271720e+01,  1.42816560e+01],
 [  2.98506633e+01,  2.86450522e+01,  2.65733061e+01,  2.49049185e+01,
    2.31449119e+01,  2.11617878e+01,  1.96657877e+01,  1.70788795e+01,
    1.56020869e+01,  1.18847993e+01,  9.83465568e+00],
 [  2.21062849e+01,  2.09402590e+01,  1.94335473e+01,  1.79106709e+01,
    1.66667366e+01,  1.49107437e+01,  1.38540607e+01,  1.15841888e+01,
    1.04709725e+01,  7.44730573e+00,  5.39211474e+00],
 [  1.45085428e+01,  1.34504494e+01,  1.24021335e+01,  1.11148244e+01,
    1.02647082e+01,  8.84127316e+00,  8.08444536e+00,  6.26415616e+00,
    5.36871686e+00,  3.07315515e+00,  1.27021144e+00],
 [  7.12476003e+00,  6.36017922e+00,  5.68995397e+00,  4.79131775e+00,
    4.19765297e+00,  3.24649099e+00,  2.64688377e+00,  1.57691472e+00,
    9.40007258e-01,  2.39016900e-01,  2.95588022e-02],
 [  0.00000000e+00,  0.00000000e+00,  0.00000000e+00,  0.00000000e+00,
    0.00000000e+00,  0.00000000e+00,  0.00000000e+00,  0.00000000e+00,
    0.00000000e+00,  0.00000000e+00,  0.00000000e+00],
 [ -6.79533889e+00, -5.13431558e+00, -3.68219110e+00, -2.43123411e+00,
   -1.54070646e+00, -9.41161656e-01, -4.74101474e-01, -1.97393830e-01,
   -5.76499503e-02, -9.91260892e-03, -6.94791451e-04],
 [ -1.29297490e+01, -9.13660024e+00, -6.12166338e+00, -3.85109795e+00,
   -2.36575674e+00, -1.43459724e+00, -7.09403671e-01, -2.92358810e-01,
   -8.57422663e-02, -1.48743666e-02, -1.04236829e-03],
 [ -1.79140579e+01, -1.25256389e+01, -8.18625564e+00, -4.97773017e+00,
   -2.99187584e+00, -1.79963125e+00, -8.83144370e-01, -3.65817513e-01,
   -1.09880603e-01, -1.94690215e-02, -1.38201482e-03],
 [ -2.21347779e+01, -1.55700870e+01, -1.01015807e+01, -5.99773153e+00,
   -3.52375550e+00, -2.10135905e+00, -1.02617992e+00, -4.28445262e-01,
   -1.31990332e-01, -2.38815371e-02, -1.71774984e-03],
 [ -2.60966016e+01, -1.84229887e+01, -1.19272932e+01, -6.97192640e+00,
   -4.00099772e+00, -2.36316436e+00, -1.14992548e+00, -4.83538811e-01,
   -1.52485108e-01, -2.81343683e-02, -2.04966262e-03],
 [ -2.99656452e+01, -2.11809617e+01, -1.36857943e+01, -7.92362346e+00,
   -4.44396581e+00, -2.59609996e+00, -1.26009076e+00, -5.32794482e-01,
   -1.71583983e-01, -3.22387532e-02, -2.37779596e-03],
 [ -3.37944379e+01, -2.38944197e+01, -1.53894233e+01, -8.86254930e+00,
   -4.86460608e+00, -2.80636901e+00, -1.36003044e+00, -5.77342841e-01,
   -1.89450835e-01, -3.62043918e-02, -2.70219169e-03],
 [ -3.76040908e+01, -2.65867190e+01, -1.70477331e+01, -9.79299249e+00,
   -5.27032648e+00, -2.99794487e+00, -1.45192555e+00, -6.18020908e-01,
   -2.06218707e-01, -4.00402263e-02, -3.02289118e-03],
 [ -4.14042755e+01, -2.92684128e+01, -1.86693538e+01, -1.07169093e+01,
   -5.66582879e+00, -3.17368517e+00, -1.53729677e+00, -6.55473576e-01,
   -2.21998352e-01, -4.37545455e-02, -3.33993540e-03]]
fitNessAverage
[ 3.01055728, 3.00882077, 3.00734574, 3.00705951, 3.0054399 , 3.00479567,
  3.00839294, 3.00271548, 3.01200491, 3.01851784, 3.02792626, 3.03122846,
  3.0333432 , 3.03457669, 3.04380592, 3.0471936 , 3.04493223, 3.04226252,
  3.04168861, 3.04726052, 3.05559344, 3.05764487, 3.05926215, 3.0697139 ,
  3.07141248, 3.07514019, 3.07806252, 3.08842599, 3.09138948, 3.08799415,
  3.09140769, 3.08728157, 3.08466408, 3.07707818, 3.07571653, 3.0804636 ,
  3.0680175 , 3.06389362, 3.06634464, 3.06320361, 3.05805915, 3.05496948,
  3.06456004, 3.07465908, 3.08242234, 3.0868025 , 3.08979785, 3.0812905 ,
  3.07848288]
fitNessMax
[ 3.05478238, 3.08240896, 3.11079654, 3.1107801 , 3.12150343, 3.11031279,
  3.1474293 , 3.12049282, 3.1520881 , 3.1520881 , 3.1520881 , 3.1520881 ,
  3.1520881 , 3.14735719, 3.14735719, 3.14735719, 3.14259469, 3.1423249 ,
  3.15825611, 3.15130608, 3.19934394, 3.1643709 , 3.1575612 , 3.17155641,
  3.18521773, 3.22234976, 3.22234976, 3.22501643, 3.22501643, 3.18703112,
  3.19032257, 3.19692853, 3.19692853, 3.19032257, 3.19032257, 3.20179877,
  3.19981173, 3.20170488, 3.20170488, 3.20170488, 3.17400616, 3.18947305,
  3.20177527, 3.20177527, 3.20177527, 3.20177527, 3.2079095 , 3.1961945 ,
  3.19492775]
fitNessMin
[ 2.95546531, 2.91442582, 2.90624391, 2.90473774, 2.90624391, 2.9145737 ,
  2.92152474, 2.92152474, 2.92152474, 2.92152474, 2.91146254, 2.92152474,
  2.92152474, 2.92152474, 2.92152474, 2.93814798, 2.93814798, 2.93814798,
  2.93792741, 2.93814798, 2.91369796, 2.91369796, 2.91369796, 2.91369796,
  2.91369796, 2.82766702, 2.82766702, 2.93969351, 2.93969351, 2.93969351,
  2.93969351, 2.94686191, 2.94686191, 2.94686191, 2.94800094, 2.94808179,
  2.91652339, 2.91652339, 2.91607245, 2.91607245, 2.91597332, 2.89674703,
  2.89674703, 2.89674703, 2.89674703, 2.89674703, 2.89674703, 2.89674703,
  2.89674703]


 BoxCounting Simulated Annealing
logR
[-2.39789527,-1.70474809,-1.29928298,-1.01160091,-0.78845736,-0.6061358 ,
 -0.45198512,-0.31845373,-0.2006707 ,-0.09531018, 0.        ]
IndexZero
10
Tq
[-18.90911026,-17.37538116,-15.84180082,-14.30856456,-12.77614688,
 -11.24575424, -9.72054537, -8.20862303, -6.72793796, -5.25825197,
  -3.17554186,  0.        ,  3.09983087,  5.72631924,  7.89154099,
   9.77077456, 11.5389063 , 13.26101164, 14.96115581, 16.64977571,
  18.33190187]
Dq
[ 1.71901002, 1.73753812, 1.76020009, 1.78857057, 1.82516384, 1.87429237,
  1.94410907, 2.05215576, 2.24264599, 2.62912598, 3.17554186, 3.32018937,
  3.09983087, 2.86315962, 2.63051366, 2.44269364, 2.30778126, 2.21016861,
  2.13730797, 2.08122196, 2.03687799]
lnMrq
[[  8.50763758e+01,  8.38420995e+01,  7.70408498e+01,  7.52025170e+01,
    6.87880888e+01,  6.65148365e+01,  6.04807173e+01,  5.74463346e+01,
    5.15760157e+01,  4.30016109e+01,  4.09639753e+01],
 [  7.71647534e+01,  7.59306720e+01,  6.98216945e+01,  6.79847836e+01,
    6.22619097e+01,  5.99912033e+01,  5.46475100e+01,  5.16174350e+01,
    4.64358727e+01,  3.85549342e+01,  3.65169220e+01],
 [  6.92543226e+01,  6.80206307e+01,  6.26030387e+01,  6.07689722e+01,
    5.57360473e+01,  5.34704357e+01,  4.88144431e+01,  4.57929488e+01,
    4.12957871e+01,  3.41084457e+01,  3.20698686e+01],
 [  6.13463205e+01,  6.01134084e+01,  5.53854009e+01,  5.35570214e+01,
    4.92108211e+01,  4.69553832e+01,  4.29816573e+01,  3.99771646e+01,
    3.61558163e+01,  2.96622391e+01,  2.76228153e+01],
 [  5.34432994e+01,  5.22119586e+01,  4.81698488e+01,  4.63528119e+01,
    4.26868765e+01,  4.04516410e+01,  3.71494356e+01,  3.41782618e+01,
    3.10160754e+01,  2.52164560e+01,  2.31757620e+01],
 [  4.55505510e+01,  4.43224298e+01,  4.09586007e+01,  3.91640314e+01,
    3.61655311e+01,  3.39699013e+01,  3.13183508e+01,  2.84110723e+01,
    2.58767954e+01,  2.07713136e+01,  1.87287087e+01],
 [  3.76790093e+01,  3.64577379e+01,  3.37563419e+01,  3.20055531e+01,
    2.96495318e+01,  2.75294783e+01,  2.54895900e+01,  2.27000108e+01,
    2.07384487e+01,  1.63271720e+01,  1.42816560e+01],
 [  2.98506633e+01,  2.86450522e+01,  2.65733061e+01,  2.49049185e+01,
    2.31449119e+01,  2.11617878e+01,  1.96657877e+01,  1.70788795e+01,
    1.56020869e+01,  1.18847993e+01,  9.83465568e+00],
 [  2.21062849e+01,  2.09402590e+01,  1.94335473e+01,  1.79106709e+01,
    1.66667366e+01,  1.49107437e+01,  1.38540607e+01,  1.15841888e+01,
    1.04709725e+01,  7.44730573e+00,  5.39211474e+00],
 [  1.45085428e+01,  1.34504494e+01,  1.24021335e+01,  1.11148244e+01,
    1.02647082e+01,  8.84127316e+00,  8.08444536e+00,  6.26415616e+00,
    5.36871686e+00,  3.07315515e+00,  1.27021144e+00],
 [  7.12476003e+00,  6.36017922e+00,  5.68995397e+00,  4.79131775e+00,
    4.19765297e+00,  3.24649099e+00,  2.64688377e+00,  1.57691472e+00,
    9.40007258e-01,  2.39016900e-01,  2.95588022e-02],
 [  0.00000000e+00,  0.00000000e+00,  0.00000000e+00,  0.00000000e+00,
    0.00000000e+00,  0.00000000e+00,  0.00000000e+00,  0.00000000e+00,
    0.00000000e+00,  0.00000000e+00,  0.00000000e+00],
 [ -6.79533889e+00, -5.13431558e+00, -3.68219110e+00, -2.43123411e+00,
   -1.54070646e+00, -9.41161656e-01, -4.74101474e-01, -1.97393830e-01,
   -5.76499503e-02, -9.91260892e-03, -6.94791451e-04],
 [ -1.29297490e+01, -9.13660024e+00, -6.12166338e+00, -3.85109795e+00,
   -2.36575674e+00, -1.43459724e+00, -7.09403671e-01, -2.92358810e-01,
   -8.57422663e-02, -1.48743666e-02, -1.04236829e-03],
 [ -1.79140579e+01, -1.25256389e+01, -8.18625564e+00, -4.97773017e+00,
   -2.99187584e+00, -1.79963125e+00, -8.83144370e-01, -3.65817513e-01,
   -1.09880603e-01, -1.94690215e-02, -1.38201482e-03],
 [ -2.21347779e+01, -1.55700870e+01, -1.01015807e+01, -5.99773153e+00,
   -3.52375550e+00, -2.10135905e+00, -1.02617992e+00, -4.28445262e-01,
   -1.31990332e-01, -2.38815371e-02, -1.71774984e-03],
 [ -2.60966016e+01, -1.84229887e+01, -1.19272932e+01, -6.97192640e+00,
   -4.00099772e+00, -2.36316436e+00, -1.14992548e+00, -4.83538811e-01,
   -1.52485108e-01, -2.81343683e-02, -2.04966262e-03],
 [ -2.99656452e+01, -2.11809617e+01, -1.36857943e+01, -7.92362346e+00,
   -4.44396581e+00, -2.59609996e+00, -1.26009076e+00, -5.32794482e-01,
   -1.71583983e-01, -3.22387532e-02, -2.37779596e-03],
 [ -3.37944379e+01, -2.38944197e+01, -1.53894233e+01, -8.86254930e+00,
   -4.86460608e+00, -2.80636901e+00, -1.36003044e+00, -5.77342841e-01,
   -1.89450835e-01, -3.62043918e-02, -2.70219169e-03],
 [ -3.76040908e+01, -2.65867190e+01, -1.70477331e+01, -9.79299249e+00,
   -5.27032648e+00, -2.99794487e+00, -1.45192555e+00, -6.18020908e-01,
   -2.06218707e-01, -4.00402263e-02, -3.02289118e-03],
 [ -4.14042755e+01, -2.92684128e+01, -1.86693538e+01, -1.07169093e+01,
   -5.66582879e+00, -3.17368517e+00, -1.53729677e+00, -6.55473576e-01,
   -2.21998352e-01, -4.37545455e-02, -3.33993540e-03]]


Execution time

Box Counting	Box Counting Fixed	SandBox	Genetic SandBox	Simulated SandBox	Genetic BCFS	Simulated BCFS
[ 321068.56676102, 323731.94100523,   4116.27520084,  22715.96959281,
   17115.28017116,  31062.46824121,  17669.09222603,  25409.13542318,
   17630.00831509]
Fractal dimension
2.80507364687