
 BoxCounting Genetic
logR
[-3.09104245,-2.39789527,-1.99243016,-1.70474809,-1.48160454,-1.29928298,
 -1.1451323 ,-1.01160091,-0.89381788,-0.78845736,-0.69314718,-0.6061358 ,
 -0.5260931 ,-0.45198512,-0.38299225,-0.31845373,-0.25782911,-0.2006707 ,
 -0.14660347,-0.09531018,-0.04652002, 0.        ]
IndexZero
10
Tq
[ -9.61040663e+00, -9.03021929e+00, -8.44992397e+00, -7.86942218e+00,
  -7.28853877e+00, -6.70699663e+00, -6.12448591e+00, -5.54118706e+00,
  -4.95995105e+00, -4.38738222e+00, -2.99304140e+00, -1.18778077e-18,
   2.41997229e+00,  4.10353194e+00,  5.30098151e+00,  6.33687631e+00,
   7.31558139e+00,  8.26828322e+00,  9.20770017e+00,  1.01397261e+01,
   1.10673280e+01]
Dq
[ 0.87367333, 0.90302193, 0.93888044, 0.98367777, 1.04121982, 1.11783277,
  1.22489718, 1.38529677, 1.65331702, 2.19369111, 2.9930414 , 2.8270116 ,
  2.41997229, 2.05176597, 1.76699384, 1.58421908, 1.46311628, 1.3780472 ,
  1.31538574, 1.26746577, 1.22970311]
lnMrq
[[  9.02795231e+01,  8.88234337e+01,  8.84627819e+01,  8.74822887e+01,
    8.71796408e+01,  8.64717865e+01,  8.61211504e+01,  8.56436560e+01,
    8.53710506e+01,  8.48018038e+01,  8.44862873e+01,  8.38770540e+01,
    8.34174008e+01,  8.26130833e+01,  8.20004429e+01,  8.15554516e+01,
    8.09752901e+01,  8.01285495e+01,  7.90299372e+01,  6.73492033e+01,
    7.83353262e+01,  0.00000000e+00],
 [  8.19859514e+01,  8.05299813e+01,  8.01691618e+01,  7.91887662e+01,
    7.88860074e+01,  7.81782694e+01,  7.78276244e+01,  7.73500702e+01,
    7.70774630e+01,  7.65080950e+01,  7.61926026e+01,  7.55834732e+01,
    7.51240241e+01,  7.43201302e+01,  7.37079501e+01,  7.32626509e+01,
    7.26821467e+01,  7.18359617e+01,  7.07373492e+01,  6.01537660e+01,
    7.00412766e+01,  0.00000000e+00],
 [  7.36928603e+01,  7.22371402e+01,  7.18759815e+01,  7.08957832e+01,
    7.05928014e+01,  6.98852954e+01,  6.95346316e+01,  6.90569621e+01,
    6.87843503e+01,  6.82147436e+01,  6.78992963e+01,  6.72903704e+01,
    6.68313258e+01,  6.60282839e+01,  6.54170160e+01,  6.49710968e+01,
    6.43899086e+01,  6.35448300e+01,  6.24462164e+01,  5.29583286e+01,
    6.17472269e+01,  0.00000000e+00],
 [  6.54007350e+01,  6.39455506e+01,  6.35837016e+01,  6.26039057e+01,
    6.23004729e+01,  6.15934296e+01,  6.12427254e+01,  6.07648387e+01,
    6.04922133e+01,  5.99221409e+01,  5.96067750e+01,  5.89982422e+01,
    5.85399942e+01,  5.77386697e+01,  5.71291985e+01,  5.66820305e+01,
    5.60994788e+01,  5.52565937e+01,  5.41579751e+01,  4.57628913e+01,
    5.34531773e+01,  0.00000000e+00],
 [  5.71105540e+01,  5.56565522e+01,  5.52932884e+01,  5.43143201e+01,
    5.40099711e+01,  5.33038493e+01,  5.29530560e+01,  5.24747754e+01,
    5.22021092e+01,  5.16311427e+01,  5.13159118e+01,  5.07081198e+01,
    5.02514255e+01,  4.94535700e+01,  4.88476001e+01,  4.83979189e+01,
    4.78126603e+01,  4.69740854e+01,  4.58754419e+01,  3.85674539e+01,
    4.51591277e+01,  0.00000000e+00],
 [  4.88242939e+01,  4.73730097e+01,  4.70068186e+01,  4.60295757e+01,
    4.57233529e+01,  4.50190663e+01,  4.46680700e+01,  4.41891225e+01,
    4.39163268e+01,  4.33436926e+01,  4.30286445e+01,  4.24221869e+01,
    4.19684707e+01,  4.11776305e+01,  4.05783539e+01,  4.01236471e+01,
    3.95330558e+01,  3.87027998e+01,  3.76040351e+01,  3.13720166e+01,
    3.68650780e+01,  0.00000000e+00],
 [  4.05459473e+01,  3.91012353e+01,  3.87289250e+01,  3.77553601e+01,
    3.74452692e+01,  3.67446542e+01,  3.63931737e+01,  3.59132440e+01,
    3.56400179e+01,  3.50644416e+01,  3.47494765e+01,  3.41452227e+01,
    3.36970353e+01,  3.29203477e+01,  3.23334247e+01,  3.18688450e+01,
    3.12679145e+01,  3.04531312e+01,  2.93537932e+01,  2.41765792e+01,
    2.85710284e+01,  0.00000000e+00],
 [  3.22835444e+01,  3.08556972e+01,  3.04705545e+01,  2.95051351e+01,
    2.91869897e+01,  2.84938650e+01,  2.81411560e+01,  2.76601981e+01,
    2.73854740e+01,  2.68053024e+01,  2.64895492e+01,  2.58883591e+01,
    2.54497926e+01,  2.47012962e+01,  2.41356887e+01,  2.36525130e+01,
    2.30321590e+01,  2.22439517e+01,  2.11420619e+01,  1.69811419e+01,
    2.02769787e+01,  0.00000000e+00],
 [  2.40529996e+01,  2.26710609e+01,  2.22599508e+01,  2.13140020e+01,
    2.09791872e+01,  2.03022778e+01,  1.99461902e+01,  1.94650803e+01,
    1.91849098e+01,  1.85997802e+01,  1.82790318e+01,  1.76810807e+01,
    1.72568780e+01,  1.65621193e+01,  1.60284093e+01,  1.55130549e+01,
    1.48583092e+01,  1.41076120e+01,  1.29957897e+01,  9.78576077e+00,
    1.19829353e+01,  0.00000000e+00],
 [  1.58847935e+01,  1.46326287e+01,  1.41797900e+01,  1.32886178e+01,
    1.29228498e+01,  1.22855855e+01,  1.19200607e+01,  1.14399171e+01,
    1.11395753e+01,  1.05583550e+01,  1.02151406e+01,  9.62411033e+00,
    9.21136334e+00,  8.60294053e+00,  8.10085884e+00,  7.53491076e+00,
    6.82494541e+00,  6.09945680e+00,  4.96531015e+00,  2.66258835e+00,
    3.71357213e+00,  0.00000000e+00],
 [  7.83411911e+00,  6.94032895e+00,  6.50169499e+00,  5.80967285e+00,
    5.43581588e+00,  4.91683730e+00,  4.54637514e+00,  4.08614437e+00,
    3.73145990e+00,  3.21084365e+00,  2.81660561e+00,  2.30358459e+00,
    1.89311196e+00,  1.43031125e+00,  1.05082162e+00,  6.62687973e-01,
    3.50656872e-01,  1.73953307e-01,  5.82689081e-02,  9.95033085e-03,
    9.95033085e-03,  0.00000000e+00],
 [  0.00000000e+00,  0.00000000e+00,  0.00000000e+00,  0.00000000e+00,
    0.00000000e+00,  0.00000000e+00,  0.00000000e+00, -1.11022302e-16,
   -1.11022302e-16,  0.00000000e+00,  0.00000000e+00, -1.11022302e-16,
    0.00000000e+00,  0.00000000e+00,  0.00000000e+00,  0.00000000e+00,
    0.00000000e+00,  0.00000000e+00,  0.00000000e+00,  0.00000000e+00,
    0.00000000e+00,  0.00000000e+00],
 [ -7.35242065e+00, -5.42956708e+00, -4.30172461e+00, -3.29042184e+00,
   -2.53113726e+00, -1.80160124e+00, -1.24886293e+00, -8.59598898e-01,
   -5.83109642e-01, -3.77702098e-01, -2.25678512e-01, -1.23996335e-01,
   -6.26433727e-02, -2.92872888e-02, -1.21572457e-02, -4.73956401e-03,
   -1.74667705e-03, -5.14621145e-04, -1.24607763e-04, -1.49888623e-05,
   -4.99876249e-06,  0.00000000e+00],
 [ -1.31893972e+01, -8.95841659e+00, -6.83878109e+00, -5.17417979e+00,
   -3.92388849e+00, -2.76999252e+00, -1.89283351e+00, -1.30708957e+00,
   -8.78468083e-01, -5.66923772e-01, -3.38157518e-01, -1.85008179e-01,
   -9.38746119e-02, -4.39707283e-02, -1.82276377e-02, -7.10783093e-03,
   -2.61964721e-03, -7.71907358e-04, -1.86885730e-04, -2.24833777e-05,
   -7.49815311e-06,  0.00000000e+00],
 [ -1.72741990e+01, -1.14832445e+01, -8.66243901e+00, -6.51876864e+00,
   -5.00258265e+00, -3.54193102e+00, -2.41389683e+00, -1.66743497e+00,
   -1.11216298e+00, -7.14874416e-01, -4.27896078e-01, -2.35303872e-01,
   -1.20254414e-01, -5.64713114e-02, -2.34330637e-02, -9.17779098e-03,
   -3.43114738e-03, -1.02391756e-03, -2.48770844e-04, -2.99667159e-05,
   -9.99630059e-06,  0.00000000e+00],
 [ -2.08765488e+01, -1.36588646e+01, -1.01592092e+01, -7.60956634e+00,
   -5.94035842e+00, -4.22124906e+00, -2.87668976e+00, -1.98433869e+00,
   -1.31501013e+00, -8.41893370e-01, -5.05508205e-01, -2.79895977e-01,
   -1.44080115e-01, -6.78522860e-02, -2.81984165e-02, -1.10977973e-02,
   -4.21177734e-03, -1.27328152e-03, -3.10451066e-04, -3.74444932e-05,
   -1.24938296e-05,  0.00000000e+00],
 [ -2.43662854e+01, -1.57166859e+01, -1.14816114e+01, -8.56509056e+00,
   -6.79381445e+00, -4.84079217e+00, -3.30144157e+00, -2.27258733e+00,
   -1.49780598e+00, -9.55283783e-01, -5.74753286e-01, -3.20245752e-01,
   -1.66003928e-01, -7.84694444e-02, -3.26630719e-02, -1.29019379e-02,
   -4.96484588e-03, -1.52008109e-03, -3.71928023e-04, -4.49167181e-05,
   -1.49907405e-05,  0.00000000e+00],
 [ -2.78162844e+01, -1.77314498e+01, -1.27173987e+01, -9.44187554e+00,
   -7.59233279e+00, -5.41640455e+00, -3.69776206e+00, -2.53951606e+00,
   -1.66593951e+00, -1.05877473e+00, -6.37667913e-01, -3.57143624e-01,
   -1.86362752e-01, -8.85021784e-02, -3.68969463e-02, -1.46072753e-02,
   -5.69200836e-03, -1.76435719e-03, -4.33202581e-04, -5.23833945e-05,
   -1.74870334e-05,  0.00000000e+00],
 [ -3.12495323e+01, -1.97283688e+01, -1.39137093e+01, -1.02690704e+01,
   -8.35414898e+00, -5.95757245e+00, -4.07120078e+00, -2.78956894e+00,
   -1.82264877e+00, -1.15460387e+00, -6.95566131e-01, -3.91148380e-01,
   -2.05381782e-01, -9.80542256e-02, -4.09444700e-02, -1.62268386e-02,
   -6.39474039e-03, -2.00614946e-03, -4.94275597e-04, -5.98445267e-05,
   -1.99827084e-05,  0.00000000e+00],
 [ -3.46752142e+01, -2.17169943e+01, -1.50928478e+01, -1.10636008e+01,
   -9.09121375e+00, -6.47081481e+00, -4.42538153e+00, -3.02576580e+00,
   -1.97010604e+00, -1.24424153e+00, -7.49368106e-01, -4.22693303e-01,
   -2.23229574e-01, -1.07191329e-01, -4.48373473e-02, -1.77716433e-02,
   -7.07442829e-03, -2.24549692e-03, -5.55147925e-04, -6.73001186e-05,
   -2.24777657e-05,  0.00000000e+00],
 [ -3.80973604e+01, -2.37014430e+01, -1.62646506e+01, -1.18363228e+01,
   -9.81149316e+00, -6.96105479e+00, -4.76289003e+00, -3.25030247e+00,
   -2.10986995e+00, -1.32871555e+00, -7.99748959e-01, -4.52126306e-01,
   -2.40040238e-01, -1.15958806e-01, -4.85993232e-02, -1.92511679e-02,
   -7.73237881e-03, -2.48243793e-03, -6.15820415e-04, -7.47501743e-05,
   -2.49722055e-05,  0.00000000e+00]]
fitNessAverage
[ 0.8429098 , 0.84243293, 0.84189282, 0.84223988, 0.84263758, 0.84140048,
  0.84082881, 0.84215179, 0.84289725, 0.84330817, 0.8436559 , 0.84350291,
  0.8443702 , 0.8443291 , 0.84424614, 0.84388939, 0.8435123 , 0.84523407,
  0.84466442, 0.84423095, 0.84343402, 0.84362245, 0.84351239, 0.84360802,
  0.84144365, 0.84073238, 0.84066097, 0.83902466, 0.84004572, 0.83827659,
  0.8388012 , 0.83806701, 0.83786274, 0.83771841, 0.83820306, 0.83832094,
  0.838306  , 0.83801431, 0.83568548, 0.83444193, 0.83370824, 0.83111926,
  0.829987  , 0.83163015, 0.83302072, 0.83499633, 0.83469387, 0.83447468]
fitNessMax
[ 0.85921219, 0.86060857, 0.86834199, 0.87408919, 0.87537995, 0.87537995,
  0.87537995, 0.87791197, 0.87377261, 0.87377261, 0.87377261, 0.8750063 ,
  0.871247  , 0.871247  , 0.87031915, 0.87031915, 0.8692402 , 0.88223699,
  0.88223699, 0.88223699, 0.88223699, 0.88223699, 0.87233596, 0.87233596,
  0.87129838, 0.86983816, 0.88769496, 0.86889327, 0.86889327, 0.86889327,
  0.87162853, 0.87306505, 0.87306505, 0.86889327, 0.86889327, 0.86889327,
  0.86661338, 0.86661338, 0.86661338, 0.86661338, 0.86661338, 0.8642146 ,
  0.8642146 , 0.86826984, 0.87123031, 0.86892793, 0.86835784, 0.86946008]
fitNessMin
[ 0.8282732 , 0.81122538, 0.79674771, 0.79674771, 0.79674771, 0.79262343,
  0.79262343, 0.80562782, 0.78663597, 0.81043842, 0.81043842, 0.81043842,
  0.80696055, 0.80232338, 0.80232338, 0.79923671, 0.79923671, 0.80691016,
  0.80691016, 0.8007686 , 0.8007686 , 0.8007686 , 0.8007686 , 0.80215758,
  0.80215758, 0.80215758, 0.80215758, 0.7978708 , 0.7948723 , 0.78635588,
  0.78635588, 0.78635588, 0.78630696, 0.78630696, 0.78630696, 0.78630696,
  0.78630696, 0.78630696, 0.79643871, 0.78175297, 0.78175297, 0.78175297,
  0.79285885, 0.79285885, 0.7898668 , 0.79915126, 0.79196827, 0.79136566]


 BoxCounting Simulated Annealing
logR
[-2.89037176,-2.19722458,-1.79175947,-1.5040774 ,-1.28093385,-1.09861229,
 -0.94446161,-0.81093022,-0.69314718,-0.58778666,-0.49247649,-0.40546511,
 -0.3254224 ,-0.25131443,-0.18232156,-0.11778304,-0.05715841, 0.        ]
IndexZero
10
Tq
[ -3.27428472e+01, -2.97619388e+01, -2.67812598e+01, -2.38010477e+01,
  -2.08217955e+01, -1.78445437e+01, -1.48715502e+01, -1.19079215e+01,
  -8.96591716e+00, -6.07696876e+00, -3.24704447e+00, -4.35348709e-17,
   2.22272981e+00,  3.60270358e+00,  4.86644804e+00,  6.11721144e+00,
   7.36452048e+00,  8.61037099e+00,  9.85543410e+00,  1.11000117e+01,
   1.23442676e+01]
Dq
[ 2.97662248, 2.97619388, 2.97569553, 2.97513097, 2.97454222, 2.97409061,
  2.97431004, 2.97698037, 2.98863905, 3.03848438, 3.24704447, 2.91910212,
  2.22272981, 1.80135179, 1.62214935, 1.52930286, 1.4729041 , 1.43506183,
  1.40791916, 1.38750147, 1.37158529]
lnMrq
[[  9.02785300e+01,  8.88215569e+01,  8.83746371e+01,  8.75052779e+01,
    8.70997808e+01,  8.63750871e+01,  8.61597663e+01,  8.53391049e+01,
    8.48866905e+01,  8.43270349e+01,  8.40391087e+01,  6.68461173e+01,
    6.68461173e+01,  0.00000000e+00,  0.00000000e+00,  0.00000000e+00,
    0.00000000e+00,  0.00000000e+00],
 [  8.19849274e+01,  8.05280414e+01,  8.00810113e+01,  7.92116679e+01,
    7.88061373e+01,  7.80816459e+01,  7.78661143e+01,  7.70457714e+01,
    7.65929298e+01,  7.60332293e+01,  7.57450591e+01,  6.01615055e+01,
    6.01615055e+01,  0.00000000e+00,  0.00000000e+00,  0.00000000e+00,
    0.00000000e+00,  0.00000000e+00],
 [  7.36917737e+01,  7.22350734e+01,  7.17878200e+01,  7.09185102e+01,
    7.05129098e+01,  6.97888231e+01,  6.95728671e+01,  6.87531599e+01,
    6.82994684e+01,  6.77396676e+01,  6.74510094e+01,  5.34768938e+01,
    5.34768938e+01,  0.00000000e+00,  0.00000000e+00,  0.00000000e+00,
    0.00000000e+00,  0.00000000e+00],
 [  6.53995216e+01,  6.39432277e+01,  6.34955201e+01,  6.26262838e+01,
    6.22205351e+01,  6.14972576e+01,  6.12804451e+01,  6.04620034e+01,
    6.00066264e+01,  5.94465931e+01,  5.91569598e+01,  4.67922821e+01,
    4.67922821e+01,  0.00000000e+00,  0.00000000e+00,  0.00000000e+00,
    0.00000000e+00,  0.00000000e+00],
 [  5.71090823e+01,  5.56537107e+01,  5.52050737e+01,  5.43360026e+01,
    5.39299331e+01,  5.32082695e+01,  5.29897233e+01,  5.21737890e+01,
    5.17150877e+01,  5.11544909e+01,  5.08629108e+01,  4.01076704e+01,
    4.01076704e+01,  0.00000000e+00,  0.00000000e+00,  0.00000000e+00,
    0.00000000e+00,  0.00000000e+00],
 [  4.88222928e+01,  4.73691105e+01,  4.69185610e+01,  4.60498769e+01,
    4.56430974e+01,  4.49246348e+01,  4.47025709e+01,  4.38915509e+01,
    4.34263544e+01,  4.28643249e+01,  4.25688661e+01,  3.34230586e+01,
    3.34230586e+01,  0.00000000e+00,  0.00000000e+00,  0.00000000e+00,
    0.00000000e+00,  0.00000000e+00],
 [  4.05428556e+01,  3.90951537e+01,  3.86406650e+01,  3.77729350e+01,
    3.73645555e+01,  3.66523635e+01,  3.64231718e+01,  3.56215216e+01,
    3.51438482e+01,  3.45780009e+01,  3.42748617e+01,  2.67384469e+01,
    2.67384469e+01,  0.00000000e+00,  0.00000000e+00,  0.00000000e+00,
    0.00000000e+00,  0.00000000e+00],
 [  3.22782088e+01,  3.08450291e+01,  3.03825642e+01,  2.95173983e+01,
    2.91053841e+01,  2.84051863e+01,  2.81617192e+01,  2.73766160e+01,
    2.68757168e+01,  2.62992842e+01,  2.59812184e+01,  2.00538352e+01,
    2.00538352e+01,  0.00000000e+00,  0.00000000e+00,  0.00000000e+00,
    0.00000000e+00,  0.00000000e+00],
 [  2.40431322e+01,  2.26505328e+01,  2.21732812e+01,  2.13161247e+01,
    2.08959138e+01,  2.02178979e+01,  1.99466959e+01,  1.91841441e+01,
    1.86423986e+01,  1.80362764e+01,  1.76908184e+01,  1.33692250e+01,
    1.33692250e+01,  0.00000000e+00,  0.00000000e+00,  0.00000000e+00,
    0.00000000e+00,  0.00000000e+00],
 [  1.58663589e+01,  1.45910028e+01,  1.40971354e+01,  1.32707766e+01,
    1.28324045e+01,  1.21951801e+01,  1.18705686e+01,  1.11081748e+01,
    1.05003919e+01,  9.82066116e+00,  9.42911017e+00,  6.68586251e+00,
    6.68586251e+00,  0.00000000e+00,  0.00000000e+00,  0.00000000e+00,
    0.00000000e+00,  0.00000000e+00],
 [  7.80302664e+00,  6.86066367e+00,  6.42810527e+00,  5.73657230e+00,
    5.27299956e+00,  4.70953020e+00,  4.26267988e+00,  3.43398720e+00,
    2.77258872e+00,  2.07944154e+00,  1.60943791e+00,  6.93147181e-01,
    6.93147181e-01,  0.00000000e+00,  0.00000000e+00,  0.00000000e+00,
    0.00000000e+00,  0.00000000e+00],
 [  0.00000000e+00,  2.22044605e-16,  2.22044605e-16,  0.00000000e+00,
    0.00000000e+00, -3.33066907e-16, -1.11022302e-16, -3.33066907e-16,
    0.00000000e+00,  0.00000000e+00, -1.11022302e-16,  0.00000000e+00,
    0.00000000e+00,  0.00000000e+00,  0.00000000e+00,  0.00000000e+00,
    0.00000000e+00,  0.00000000e+00],
 [ -6.34964062e+00, -3.86366746e+00, -4.37825376e+00, -2.40406288e+00,
   -1.47606317e+00, -6.58401610e-01, -3.51612778e-01, -1.88205433e-01,
   -8.09114287e-02, -2.30804410e-02, -6.00373641e-03, -2.49999739e-03,
   -2.49999739e-03,  0.00000000e+00,  0.00000000e+00,  0.00000000e+00,
    0.00000000e+00,  0.00000000e+00],
 [ -1.02132269e+01, -5.98230071e+00, -7.77875915e+00, -3.82268149e+00,
   -2.29940611e+00, -1.00264587e+00, -5.36111670e-01, -2.86905986e-01,
   -1.22448715e-01, -3.46996326e-02, -9.01351552e-03, -3.75234374e-03,
   -3.75234374e-03,  0.00000000e+00,  0.00000000e+00,  0.00000000e+00,
    0.00000000e+00,  0.00000000e+00],
 [ -1.36679151e+01, -7.98690087e+00, -1.09594921e+01, -5.13568510e+00,
   -3.07474277e+00, -1.33765101e+00, -7.15285426e-01, -3.82733411e-01,
   -1.63287548e-01, -4.62665440e-02, -1.20180361e-02, -5.00312760e-03,
   -5.00312760e-03,  0.00000000e+00,  0.00000000e+00,  0.00000000e+00,
    0.00000000e+00,  0.00000000e+00],
 [ -1.70926200e+01, -9.98459627e+00, -1.40781455e+01, -6.42924723e+00,
   -3.84458443e+00, -1.67211803e+00, -8.94136578e-01, -4.78425858e-01,
   -2.04109962e-01, -5.78331818e-02, -1.50225451e-02, -6.25390951e-03,
   -6.25390951e-03,  0.00000000e+00,  0.00000000e+00,  0.00000000e+00,
    0.00000000e+00,  0.00000000e+00],
 [ -2.05127307e+01, -1.19816279e+01, -1.71707343e+01, -7.71778224e+00,
   -4.61366806e+00, -2.00654572e+00, -1.07296588e+00, -5.74111480e-01,
   -2.44931967e-01, -6.93998182e-02, -1.80270541e-02, -7.50469141e-03,
   -7.50469141e-03,  0.00000000e+00,  0.00000000e+00,  0.00000000e+00,
    0.00000000e+00,  0.00000000e+00],
 [ -2.39318747e+01, -1.39785803e+01, -2.02493419e+01, -9.00486283e+00,
   -5.38263816e+00, -2.34097032e+00, -1.25179366e+00, -6.69796750e-01,
   -2.85753962e-01, -8.09664546e-02, -2.10315631e-02, -8.75547331e-03,
   -8.75547331e-03,  0.00000000e+00,  0.00000000e+00,  0.00000000e+00,
    0.00000000e+00,  0.00000000e+00],
 [ -2.73507964e+01, -1.59755223e+01, -2.33194397e+01, -1.02915056e+01,
   -6.15159048e+00, -2.67539468e+00, -1.43062134e+00, -7.65482001e-01,
   -3.26575956e-01, -9.25330910e-02, -2.40360722e-02, -1.00062552e-02,
   -1.00062552e-02,  0.00000000e+00,  0.00000000e+00,  0.00000000e+00,
    0.00000000e+00,  0.00000000e+00],
 [ -3.07696655e+01, -1.79724628e+01, -2.63840015e+01, -1.15780144e+01,
   -6.92053993e+00, -3.00981901e+00, -1.60944901e+00, -8.61167251e-01,
   -3.67397951e-01, -1.04099727e-01, -2.70405812e-02, -1.12570371e-02,
   -1.12570371e-02,  0.00000000e+00,  0.00000000e+00,  0.00000000e+00,
    0.00000000e+00,  0.00000000e+00],
 [ -3.41885219e+01, -1.99694032e+01, -2.94448114e+01, -1.28644819e+01,
   -7.68948892e+00, -3.34424335e+00, -1.78827668e+00, -9.56852501e-01,
   -4.08219945e-01, -1.15666364e-01, -3.00450902e-02, -1.25078190e-02,
   -1.25078190e-02,  0.00000000e+00,  0.00000000e+00,  0.00000000e+00,
    0.00000000e+00,  0.00000000e+00]]


 Fixed Size Genetic
logR
[-2.89037176,-2.19722458,-1.79175947,-1.5040774 ,-1.28093385,-1.09861229,
 -0.94446161,-0.81093022,-0.69314718,-0.58778666,-0.49247649,-0.40546511,
 -0.3254224 ,-0.25131443,-0.18232156,-0.11778304,-0.05715841, 0.        ]
IndexZero
10
Tq
[ -3.37577611e+00, -3.37549235e+00, -3.37492800e+00, -3.37381008e+00,
  -3.37161072e+00, -3.36733503e+00, -3.35918846e+00, -3.34414581e+00,
  -3.31737081e+00, -3.26838864e+00, -2.81768449e+00, -1.00758009e-18,
   2.67580505e+00,  4.60930645e+00,  5.96438497e+00,  7.11930103e+00,
   8.21050566e+00,  9.27568571e+00,  1.03285049e+01,  1.13748599e+01,
   1.24176193e+01]
Dq
[ 0.30688874, 0.33754923, 0.374992  , 0.42172626, 0.48165867, 0.5612225 ,
  0.67183769, 0.83603645, 1.10579027, 1.63419432, 2.81768449, 3.0403044 ,
  2.67580505, 2.30465322, 1.98812832, 1.77982526, 1.64210113, 1.54594762,
  1.4755007 , 1.42185749, 1.37973548]
lnMrq
[[  9.02831707e+01,  8.88141687e+01,  8.84561732e+01,  8.75323705e+01,
    8.71580562e+01,  8.64399672e+01,  8.61331570e+01,  8.56226532e+01,
    8.53630520e+01,  8.47908505e+01,  8.44669348e+01,  8.39080056e+01,
    8.34950018e+01,  8.26671172e+01,  8.22683030e+01,  8.17034976e+01,
    8.06397654e+01,  8.01287120e+01],
 [  8.19896003e+01,  8.05207236e+01,  8.01625638e+01,  7.92388249e+01,
    7.88644199e+01,  7.81464650e+01,  7.78396512e+01,  7.73290610e+01,
    7.70694203e+01,  7.64971346e+01,  7.61732738e+01,  7.56144869e+01,
    7.52015753e+01,  7.43741289e+01,  7.39754065e+01,  7.34103234e+01,
    7.23475673e+01,  7.18362862e+01],
 [  7.36965121e+01,  7.22278979e+01,  7.18694047e+01,  7.09457941e+01,
    7.05712084e+01,  6.98535219e+01,  6.95466984e+01,  6.90359405e+01,
    6.87762202e+01,  6.82037691e+01,  6.78800147e+01,  6.73215097e+01,
    6.69087774e+01,  6.60822090e+01,  6.56836664e+01,  6.51180249e+01,
    6.40572131e+01,  6.35454770e+01],
 [  6.54043932e+01,  6.39363415e+01,  6.35771674e+01,  6.26538159e+01,
    6.22788699e+01,  6.15617204e+01,  6.12548701e+01,  6.07437928e+01,
    6.04839118e+01,  5.99111393e+01,  5.95875868e+01,  5.90296369e+01,
    5.86172468e+01,  5.77924387e+01,  5.73942439e+01,  5.68274786e+01,
    5.57705253e+01,  5.52578799e+01],
 [  5.71142269e+01,  5.56474170e+01,  5.52868395e+01,  5.43640135e+01,
    5.39883520e+01,  5.32722774e+01,  5.29653514e+01,  5.24536835e+01,
    5.21934758e+01,  5.16200902e+01,  5.12969073e+01,  5.07400360e+01,
    5.03282814e+01,  4.95070030e+01,  4.91094676e+01,  4.85404435e+01,
    4.74910897e+01,  4.69766269e+01],
 [  4.88280007e+01,  4.73640442e+01,  4.70005405e+01,  4.60787896e+01,
    4.57017132e+01,  4.49877938e+01,  4.46806491e+01,  4.41679472e+01,
    4.39070682e+01,  4.33325532e+01,  4.30099981e+01,  4.24551693e+01,
    4.20445377e+01,  4.12303331e+01,  4.08340038e+01,  4.02604707e+01,
    3.92258673e+01,  3.87077648e+01],
 [  4.05497320e+01,  3.90926718e+01,  3.87229863e+01,  3.78034771e+01,
    3.74236268e+01,  3.67140523e+01,  3.64062659e+01,  3.58919311e+01,
    3.56296477e+01,  3.50531893e+01,  3.47315266e+01,  3.41803676e+01,
    3.37715373e+01,  3.29714630e+01,  3.25771969e+01,  3.19948454e+01,
    3.09880752e+01,  3.04626340e+01],
 [  3.22875024e+01,  3.08480985e+01,  3.04652733e+01,  2.95506600e+01,
    2.91654683e+01,  2.84648082e+01,  2.81551046e+01,  2.76387057e+01,
    2.73733903e+01,  2.67940754e+01,  2.64730150e+01,  2.59277397e+01,
    2.55211885e+01,  2.47490386e+01,  2.43577953e+01,  2.37591045e+01,
    2.28020791e+01,  2.22615965e+01],
 [  2.40573044e+01,  2.26656856e+01,  2.22558337e+01,  2.13533323e+01,
    2.09583198e+01,  2.02768444e+01,  1.99613230e+01,  1.94435599e+01,
    1.91712925e+01,  1.85896621e+01,  1.82660376e+01,  1.77279086e+01,
    1.73220500e+01,  1.66031629e+01,  1.62140926e+01,  1.55890948e+01,
    1.47118761e+01,  1.41399468e+01],
 [  1.58896077e+01,  1.46314949e+01,  1.41771072e+01,  1.33143097e+01,
    1.29045619e+01,  1.22682007e+01,  1.19358603e+01,  1.14199222e+01,
    1.11297566e+01,  1.05554626e+01,  1.02153468e+01,  9.67978230e+00,
    9.26450366e+00,  8.63269679e+00,  8.23123082e+00,  7.57788568e+00,
    6.80174619e+00,  6.16713587e+00],
 [  7.83890310e+00,  6.94359528e+00,  6.49834239e+00,  5.81526422e+00,
    5.42380399e+00,  4.91074129e+00,  4.55985896e+00,  4.08227198e+00,
    3.75302727e+00,  3.24376354e+00,  2.86277215e+00,  2.35327821e+00,
    1.93441577e+00,  1.45161383e+00,  1.09192330e+00,  6.98134722e-01,
    3.98776120e-01,  2.07014169e-01],
 [  0.00000000e+00,  0.00000000e+00,  0.00000000e+00,  0.00000000e+00,
    0.00000000e+00,  0.00000000e+00, -1.11022302e-16,  0.00000000e+00,
   -1.11022302e-16,  0.00000000e+00,  0.00000000e+00,  0.00000000e+00,
    0.00000000e+00,  0.00000000e+00,  0.00000000e+00,  0.00000000e+00,
    0.00000000e+00,  0.00000000e+00],
 [ -7.39337013e+00, -5.52144248e+00, -4.25368021e+00, -3.17492694e+00,
   -2.46093629e+00, -1.81293801e+00, -1.30992207e+00, -9.12653719e-01,
   -6.38208434e-01, -4.07478086e-01, -2.51007470e-01, -1.41313113e-01,
   -7.32165774e-02, -3.50636202e-02, -1.54942191e-02, -6.18490968e-03,
   -2.08904804e-03, -5.86935963e-04],
 [ -1.33484973e+01, -9.36736865e+00, -6.74335104e+00, -4.92814993e+00,
   -3.80661897e+00, -2.77431449e+00, -1.98326659e+00, -1.38495034e+00,
   -9.62843011e-01, -6.13134170e-01, -3.74733145e-01, -2.10594875e-01,
   -1.09272458e-01, -5.22780488e-02, -2.30958057e-02, -9.26739668e-03,
   -3.13047781e-03, -8.80219129e-04],
 [ -1.74033477e+01, -1.21352352e+01, -8.55805638e+00, -6.22229090e+00,
   -4.85644278e+00, -3.51483909e+00, -2.50836941e+00, -1.75334184e+00,
   -1.21568914e+00, -7.76292148e-01, -4.73871643e-01, -2.66484193e-01,
   -1.38771765e-01, -6.69165021e-02, -2.98809010e-02, -1.21309984e-02,
   -4.13710062e-03, -1.17041024e-03],
 [ -2.09548332e+01, -1.43766806e+01, -1.00741699e+01, -7.30410745e+00,
   -5.76905998e+00, -4.15028395e+00, -2.95968111e+00, -2.06780446e+00,
   -1.43065261e+00, -9.17778577e-01, -5.60819034e-01, -3.15632852e-01,
   -1.64896811e-01, -8.02104943e-02, -3.62346959e-02, -1.48821582e-02,
   -5.12544528e-03, -1.45899641e-03],
 [ -2.44185145e+01, -1.64316878e+01, -1.14228057e+01, -8.25883708e+00,
   -6.59609458e+00, -4.72118220e+00, -3.36300573e+00, -2.34684189e+00,
   -1.62035648e+00, -1.04436190e+00, -6.39406214e-01, -3.60226100e-01,
   -1.88668171e-01, -9.24780663e-02, -4.22253414e-02, -1.75338581e-02,
   -6.09655163e-03, -1.74600636e-03],
 [ -2.78573979e+01, -1.84319215e+01, -1.26792601e+01, -9.12987706e+00,
   -7.36483748e+00, -5.24719208e+00, -3.73141348e+00, -2.60023542e+00,
   -1.79154810e+00, -1.15940701e+00, -7.11486402e-01, -4.01369832e-01,
   -2.10616838e-01, -1.03890220e-01, -4.78908820e-02, -2.00927057e-02,
   -7.05097986e-03, -2.03145523e-03],
 [ -3.12870273e+01, -2.04162338e+01, -1.38886639e+01, -9.94375511e+00,
   -8.09291165e+00, -5.73963431e+00, -4.07275263e+00, -2.83406827e+00,
   -1.94846618e+00, -1.26503887e+00, -7.78201438e-01, -4.39735701e-01,
   -2.31085150e-01, -1.14570884e-01, -5.32628908e-02, -2.25644221e-02,
   -7.98925495e-03, -2.31535788e-03],
 [ -3.47127731e+01, -2.23956478e+01, -1.50752062e+01, -1.07184173e+01,
   -8.79242517e+00, -6.20591452e+00, -4.39225242e+00, -3.05244575e+00,
   -2.09400655e+00, -1.36277951e+00, -8.40350139e-01, -4.75773667e-01,
   -2.50316595e-01, -1.24618661e-01, -5.83691402e-02, -2.49542847e-02,
   -8.91188257e-03, -2.59772897e-03],
 [ -3.81367925e+01, -2.43734462e+01, -1.62508559e+01, -1.14664730e+01,
   -9.47175787e+00, -6.65134352e+00, -4.69366517e+00, -3.25826727e+00,
   -2.23024745e+00, -1.45379195e+00, -8.98533440e-01, -5.09806180e-01,
   -2.68493567e-01, -1.34114530e-01, -6.32342588e-02, -2.72671911e-02,
   -9.81935031e-03, -2.87858304e-03]]
fitNessAverage
[ 0.73201745, 0.73193754, 0.73226212, 0.73117265, 0.73056184, 0.73123956,
  0.73112243, 0.7310495 , 0.73006535, 0.72826337, 0.72860133, 0.73357446,
  0.7349482 , 0.73674401, 0.73893287, 0.73965763, 0.73953923, 0.74045416,
  0.74157065, 0.74193719, 0.7428465 , 0.74083238, 0.74038247, 0.7396017 ,
  0.73958127, 0.73911854, 0.73831688, 0.73728038, 0.73671354, 0.735255  ,
  0.73372558, 0.73490546, 0.73394132, 0.73308146, 0.73292147, 0.73384585,
  0.73627513, 0.73841615, 0.74095879, 0.74233473, 0.74227955, 0.74392478,
  0.74574453, 0.74695968, 0.74600979, 0.74538179, 0.74594349]
fitNessMax
[ 0.7435996 , 0.76121168, 0.76672881, 0.76765198, 0.76765198, 0.7688574 ,
  0.7688574 , 0.76923009, 0.7688574 , 0.76653217, 0.77170959, 0.77223141,
  0.76740235, 0.77048502, 0.76740235, 0.77007484, 0.77007484, 0.77007484,
  0.77007484, 0.77271005, 0.77271005, 0.77271005, 0.77007484, 0.77007484,
  0.76814892, 0.78116546, 0.78116546, 0.78116546, 0.78116546, 0.78116546,
  0.77291776, 0.77291776, 0.7694914 , 0.7694914 , 0.7694914 , 0.7694914 ,
  0.77483594, 0.77653062, 0.77653062, 0.77765523, 0.77765523, 0.77765523,
  0.77765523, 0.77716746, 0.77557509, 0.77112272, 0.77112272]
fitNessMin
[ 0.71637425, 0.7065547 , 0.70250032, 0.70250032, 0.70250032, 0.69913085,
  0.69913085, 0.69560822, 0.68567868, 0.68567868, 0.68567868, 0.68567868,
  0.68990067, 0.69717173, 0.70281896, 0.70281896, 0.70189187, 0.70188375,
  0.70189187, 0.70281896, 0.70281896, 0.69521073, 0.69521073, 0.69263864,
  0.69263864, 0.69263864, 0.69263864, 0.69263864, 0.69263864, 0.7005389 ,
  0.68874981, 0.68377813, 0.69035133, 0.6903946 , 0.69181699, 0.69603478,
  0.69603478, 0.69603478, 0.69383624, 0.69383624, 0.69383624, 0.69747801,
  0.69747801, 0.70398242, 0.70398242, 0.70398242, 0.70969689]


 Genetic fixed size Simulated Annealing
logR
[-2.94443898,-2.2512918 ,-1.84582669,-1.55814462,-1.33500107,-1.15267951,
 -0.99852883,-0.86499744,-0.7472144 ,-0.64185389,-0.54654371,-0.45953233,
 -0.37948962,-0.30538165,-0.23638878,-0.17185026,-0.11122564,-0.05406722,
  0.        ]
IndexZero
10
Tq
[ -3.37650426e+00, -3.37627178e+00, -3.37580964e+00, -3.37489461e+00,
  -3.37309479e+00, -3.36959429e+00, -3.36291382e+00, -3.35054587e+00,
  -3.32855356e+00, -3.28898540e+00, -2.81674571e+00,  1.17877625e-18,
   2.58766808e+00,  4.55861724e+00,  6.16043486e+00,  7.60068088e+00,
   8.97149760e+00,  1.03051813e+01,  1.16174640e+01,  1.29175095e+01,
   1.42105435e+01]
Dq
[ 0.30695493, 0.33762718, 0.37508996, 0.42186183, 0.48187068, 0.56159905,
  0.67258276, 0.83763647, 1.10951785, 1.6444927 , 2.81674571, 2.95977267,
  2.58766808, 2.27930862, 2.05347829, 1.90017022, 1.79429952, 1.71753022,
  1.65963772, 1.61468868, 1.57894928]
lnMrq
[[  9.02699939e+01,  8.88196293e+01,  8.84604617e+01,  8.75130168e+01,
    8.71664321e+01,  8.64837160e+01,  8.61380509e+01,  8.56274524e+01,
    8.53806269e+01,  8.48679620e+01,  8.44905778e+01,  8.39562280e+01,
    8.35508491e+01,  8.28797381e+01,  8.21209614e+01,  8.18627495e+01,
    8.14274338e+01,  8.09753597e+01,  8.01282244e+01],
 [  8.19764085e+01,  8.05261719e+01,  8.01668432e+01,  7.92194667e+01,
    7.88728044e+01,  7.81901940e+01,  7.78445211e+01,  7.73338799e+01,
    7.70869795e+01,  7.65742228e+01,  7.61969277e+01,  7.56626847e+01,
    7.52573899e+01,  7.45868105e+01,  7.38283596e+01,  7.35697629e+01,
    7.31344491e+01,  7.26822853e+01,  7.18353122e+01],
 [  7.36832902e+01,  7.22333215e+01,  7.18736657e+01,  7.09264285e+01,
    7.05796093e+01,  6.98972099e+01,  6.95515204e+01,  6.90407990e+01,
    6.87937479e+01,  6.82808119e+01,  6.79036892e+01,  6.73696587e+01,
    6.69645274e+01,  6.62950140e+01,  6.55372092e+01,  6.52778399e+01,
    6.48425284e+01,  6.43901838e+01,  6.35435338e+01],
 [  6.53911113e+01,  6.39417145e+01,  6.35813914e+01,  6.26344401e+01,
    6.22873017e+01,  6.16053230e+01,  6.12595971e+01,  6.07487314e+01,
    6.05013759e+01,  5.99880946e+01,  5.96112998e+01,  5.90776891e+01,
    5.86728706e+01,  5.80054949e+01,  5.72489662e+01,  5.69880471e+01,
    5.65527342e+01,  5.61000214e+01,  5.52540122e+01],
 [  5.71008254e+01,  5.56526857e+01,  5.52909887e+01,  5.43446309e+01,
    5.39968391e+01,  5.33156975e+01,  5.29698906e+01,  5.24587840e+01,
    5.22108113e+01,  5.16968789e+01,  5.13206891e+01,  5.07878987e+01,
    5.03836616e+01,  4.97205682e+01,  4.89665442e+01,  4.87025278e+01,
    4.82671884e+01,  4.78137121e+01,  4.69689629e+01],
 [  4.88143628e+01,  4.73690940e+01,  4.70045392e+01,  4.60594328e+01,
    4.57102906e+01,  4.50308130e+01,  4.46848211e+01,  4.41733727e+01,
    4.39241424e+01,  4.34090251e+01,  4.30338955e+01,  4.25026726e+01,
    4.20994605e+01,  4.14449083e+01,  4.06957594e+01,  4.04256203e+01,
    3.99901329e+01,  3.95350216e+01,  3.86927011e+01],
 [  4.05356361e+01,  3.90972498e+01,  3.87266872e+01,  3.77842814e+01,
    3.74323197e+01,  3.67561563e+01,  3.64097317e+01,  3.58979932e+01,
    3.56461879e+01,  3.51290478e+01,  3.47556009e+01,  3.42272388e+01,
    3.38256452e+01,  3.31879173e+01,  3.24481692e+01,  3.21662511e+01,
    3.17300885e+01,  3.12712800e+01,  3.04334408e+01],
 [  3.22725587e+01,  3.08516255e+01,  3.04684062e+01,  2.95320642e+01,
    2.91741811e+01,  2.85047241e+01,  2.81572540e+01,  2.76459302e+01,
    2.73888467e+01,  2.68686625e+01,  2.64973313e+01,  2.59737181e+01,
    2.55740125e+01,  2.49683668e+01,  2.42466483e+01,  2.39434573e+01,
    2.35044624e+01,  2.30366271e+01,  2.22062337e+01],
 [  2.40409618e+01,  2.26668267e+01,  2.22579541e+01,  2.13364628e+01,
    2.09663964e+01,  2.03112728e+01,  1.99611503e+01,  1.94525316e+01,
    1.91847104e+01,  1.86612428e+01,  1.82907404e+01,  1.77735068e+01,
    1.73735357e+01,  1.68240646e+01,  1.61372336e+01,  1.58004904e+01,
    1.53503620e+01,  1.48587603e+01,  1.40374192e+01],
 [  1.58716712e+01,  1.46276851e+01,  1.41775440e+01,  1.33007987e+01,
    1.29093012e+01,  1.22887249e+01,  1.19320567e+01,  1.14306312e+01,
    1.11410187e+01,  1.06190126e+01,  1.02412074e+01,  9.72806610e+00,
    9.31791817e+00,  8.84270297e+00,  8.22503659e+00,  7.84295685e+00,
    7.35357005e+00,  6.79985896e+00,  5.97871193e+00],
 [  7.82219630e+00,  6.93417323e+00,  6.49641293e+00,  5.80356748e+00,
    5.41818711e+00,  4.90586720e+00,  4.55619000e+00,  4.10313911e+00,
    3.77551576e+00,  3.28914788e+00,  2.88926003e+00,  2.40604380e+00,
    2.01089500e+00,  1.60743591e+00,  1.22082992e+00,  8.96088025e-01,
    5.82215620e-01,  3.43589704e-01,  1.65514438e-01],
 [  0.00000000e+00,  0.00000000e+00,  0.00000000e+00,  0.00000000e+00,
    0.00000000e+00,  0.00000000e+00, -1.11022302e-16,  0.00000000e+00,
    0.00000000e+00,  0.00000000e+00,  0.00000000e+00,  0.00000000e+00,
    0.00000000e+00,  0.00000000e+00,  0.00000000e+00,  0.00000000e+00,
    0.00000000e+00,  0.00000000e+00,  0.00000000e+00],
 [ -7.34697173e+00, -5.53168709e+00, -4.25830350e+00, -3.11552195e+00,
   -2.41472424e+00, -1.82765698e+00, -1.37163741e+00, -9.86214055e-01,
   -6.87018060e-01, -4.62592009e-01, -3.05617549e-01, -1.91934514e-01,
   -1.14243443e-01, -6.59894879e-02, -3.63414353e-02, -1.91099347e-02,
   -9.67217757e-03, -4.45389137e-03, -1.52179985e-03],
 [ -1.36420881e+01, -9.65256971e+00, -6.89162699e+00, -4.86434018e+00,
   -3.68331139e+00, -2.77426956e+00, -2.06467175e+00, -1.48780502e+00,
   -1.03254123e+00, -7.00211307e-01, -4.63913018e-01, -2.91362057e-01,
   -1.73295999e-01, -9.97418518e-02, -5.48201810e-02, -2.87751292e-02,
   -1.45407898e-02, -6.66142643e-03, -2.28118791e-03],
 [ -1.86948393e+01, -1.31183681e+01, -9.05892405e+00, -6.26293500e+00,
   -4.65228582e+00, -3.47645279e+00, -2.57904963e+00, -1.86333843e+00,
   -1.29310989e+00, -8.78715638e-01, -5.83573636e-01, -3.68223253e-01,
   -2.20075138e-01, -1.26244053e-01, -6.86151043e-02, -3.59592156e-02,
   -1.84295525e-02, -8.62544073e-03, -3.00413657e-03],
 [ -2.31588379e+01, -1.62814866e+01, -1.11067753e+01, -7.54578675e+00,
   -5.49808241e+00, -4.06850736e+00, -3.00267025e+00, -2.17206562e+00,
   -1.50868685e+00, -1.02545637e+00, -6.82166564e-01, -4.32953948e-01,
   -2.60440349e-01, -1.49044109e-01, -8.00213494e-02, -4.18943195e-02,
   -2.18293528e-02, -1.04636541e-02, -3.70844018e-03],
 [ -2.74228944e+01, -1.92317775e+01, -1.31132116e+01, -8.77768605e+00,
   -6.27749574e+00, -4.59844950e+00, -3.36876324e+00, -2.43680333e+00,
   -1.69462643e+00, -1.15131715e+00, -7.66740108e-01, -4.89379678e-01,
   -2.96285126e-01, -1.69390658e-01, -9.00230436e-02, -4.70405635e-02,
   -2.48630300e-02, -1.21918990e-02, -4.39518674e-03],
 [ -3.16102049e+01, -2.20203238e+01, -1.51001989e+01, -9.98396367e+00,
   -7.01745661e+00, -5.08867281e+00, -3.69509349e+00, -2.66993734e+00,
   -1.85897518e+00, -1.26213573e+00, -8.41148442e-01, -5.39535202e-01,
   -3.28566238e-01, -1.87913657e-01, -9.91191902e-02, -5.16284150e-02,
   -2.75913634e-02, -1.38185927e-02, -5.06494093e-03],
 [ -3.57633888e+01, -2.47001307e+01, -1.70753042e+01, -1.11762343e+01,
   -7.73305113e+00, -5.55155964e+00, -3.99265937e+00, -2.87939515e+00,
   -2.00670613e+00, -1.36150614e+00, -9.07803749e-01, -5.84715057e-01,
   -3.57906159e-01, -2.04992303e-01, -1.07579283e-01, -5.57991221e-02,
   -3.00595332e-02, -1.53510952e-02, -5.71823230e-03],
 [ -3.98994057e+01, -2.73153665e+01, -1.90415450e+01, -1.23602433e+01,
   -8.43331178e+00, -5.99485804e+00, -4.26883050e+00, -3.07066802e+00,
   -2.14121856e+00, -1.45181667e+00, -9.68325837e-01, -6.25826018e-01,
   -3.84763152e-01, -2.20879590e-01, -1.15556629e-01, -5.96493919e-02,
   -3.23050841e-02, -1.67961900e-02, -6.35557213e-03],
 [ -4.40256940e+01, -2.98948629e+01, -2.10002724e+01, -1.35389745e+01,
   -9.12380199e+00, -6.42380718e+00, -4.52879164e+00, -3.24770780e+00,
   -2.26498069e+00, -1.53473885e+00, -1.02385316e+00, -6.63541390e-01,
   -4.09495323e-01, -2.35756196e-01, -1.23143617e-01, -6.32488680e-02,
   -3.43599040e-02, -1.81601554e-02, -6.97745449e-03]]

