BCAlgorithm
logR
[-2.19722458,-1.5040774 ,-1.09861229,-0.81093022,-0.58778666,-0.40546511,
 -0.25131443,-0.11778304, 0.        ]
IndexZero
10
Tq
[ -4.75767234e+01, -4.31738234e+01, -3.87711252e+01, -3.43688364e+01,
  -2.99673850e+01, -2.55676654e+01, -2.11715886e+01, -1.67833782e+01,
  -1.24128547e+01, -8.08463155e+00, -3.85907339e+00, -2.48317518e-17,
   2.25043806e+00,  3.73395849e+00,  5.07744792e+00,  6.39433871e+00,
   7.70153042e+00,  9.00343627e+00,  1.03019039e+01,  1.15979825e+01,
   1.28923661e+01]
Dq
[ 4.32515668, 4.31738234, 4.30790279, 4.29610455, 4.281055  , 4.26127756,
  4.23431772, 4.19584456, 4.13761822, 4.04231577, 3.85907339, 3.02916024,
  2.25043806, 1.86697925, 1.69248264, 1.59858468, 1.54030608, 1.50057271,
  1.47170055, 1.44974781, 1.43248512]
lnMrq
[[  8.51118505e+01,  8.35334691e+01,  8.29558598e+01,  8.09565768e+01,
    7.94902542e+01,  0.00000000e+00,  0.00000000e+00,  0.00000000e+00,
    0.00000000e+00],
 [  7.72730343e+01,  7.56948303e+01,  7.51169252e+01,  7.31177665e+01,
    7.16514480e+01,  0.00000000e+00,  0.00000000e+00,  0.00000000e+00,
    0.00000000e+00],
 [  6.94345370e+01,  6.78566916e+01,  6.72781916e+01,  6.52792986e+01,
    6.38129667e+01,  0.00000000e+00,  0.00000000e+00,  0.00000000e+00,
    0.00000000e+00],
 [  6.15966839e+01,  6.00195685e+01,  5.94398685e+01,  5.74415572e+01,
    5.59751346e+01,  0.00000000e+00,  0.00000000e+00,  0.00000000e+00,
    0.00000000e+00],
 [  5.37601393e+01,  5.21845227e+01,  5.16023934e+01,  4.96053939e+01,
    4.81385970e+01,  0.00000000e+00,  0.00000000e+00,  0.00000000e+00,
    0.00000000e+00],
 [  4.59262720e+01,  4.43537760e+01,  4.37667024e+01,  4.17727565e+01,
    4.03046333e+01,  0.00000000e+00,  0.00000000e+00,  0.00000000e+00,
    0.00000000e+00],
 [  3.80979432e+01,  3.65320872e+01,  3.59348746e+01,  3.39482431e+01,
    3.24757582e+01,  0.00000000e+00,  0.00000000e+00,  0.00000000e+00,
    0.00000000e+00],
 [  3.02812628e+01,  2.87300340e+01,  2.81117998e+01,  2.61429270e+01,
    2.46568292e+01,  0.00000000e+00,  0.00000000e+00,  0.00000000e+00,
    0.00000000e+00],
 [  2.24897162e+01,  2.09725122e+01,  2.03099963e+01,  1.83830675e+01,
    1.68569183e+01,  0.00000000e+00,  0.00000000e+00,  0.00000000e+00,
    0.00000000e+00],
 [  1.47547577e+01,  1.33232397e+01,  1.25653382e+01,  1.07248855e+01,
    9.09200741e+00,  0.00000000e+00,  0.00000000e+00,  0.00000000e+00,
    0.00000000e+00],
 [  7.15851400e+00,  5.96870756e+00,  4.99721227e+00,  3.29583687e+00,
    1.60943791e+00,  0.00000000e+00,  0.00000000e+00,  0.00000000e+00,
    0.00000000e+00],
 [  0.00000000e+00,  2.22044605e-16, -2.22044605e-16, -2.22044605e-16,
   -1.11022302e-16,  0.00000000e+00,  0.00000000e+00,  0.00000000e+00,
    0.00000000e+00],
 [ -5.51348898e+00, -1.90267722e+00, -2.56680484e-01, -3.89718062e-02,
   -3.94290554e-03,  0.00000000e+00,  0.00000000e+00,  0.00000000e+00,
    0.00000000e+00],
 [ -9.27676176e+00, -2.92402645e+00, -3.85433993e-01, -5.84860166e-02,
   -5.91599414e-03,  0.00000000e+00,  0.00000000e+00,  0.00000000e+00,
    0.00000000e+00],
 [ -1.26534438e+01, -3.90484093e+00, -5.13913295e-01, -7.79813836e-02,
   -7.88799309e-03,  0.00000000e+00,  0.00000000e+00,  0.00000000e+00,
    0.00000000e+00],
 [ -1.59547215e+01, -4.88177980e+00, -6.42391624e-01, -9.74767295e-02,
   -9.85999136e-03,  0.00000000e+00,  0.00000000e+00,  0.00000000e+00,
    0.00000000e+00],
 [ -1.92280292e+01, -5.85823008e+00, -7.70869949e-01, -1.16972075e-01,
   -1.18319896e-02,  0.00000000e+00,  0.00000000e+00,  0.00000000e+00,
    0.00000000e+00],
 [ -2.24859908e+01, -6.83461442e+00, -8.99348273e-01, -1.36467421e-01,
   -1.38039879e-02,  0.00000000e+00,  0.00000000e+00,  0.00000000e+00,
    0.00000000e+00],
 [ -2.57339532e+01, -7.81098964e+00, -1.02782660e+00, -1.55962767e-01,
   -1.57759862e-02,  0.00000000e+00,  0.00000000e+00,  0.00000000e+00,
    0.00000000e+00],
 [ -2.89749653e+01, -8.78736358e+00, -1.15630492e+00, -1.75458113e-01,
   -1.77479845e-02,  0.00000000e+00,  0.00000000e+00,  0.00000000e+00,
    0.00000000e+00],
 [ -3.22110455e+01, -9.76373735e+00, -1.28478325e+00, -1.94953459e-01,
   -1.97199827e-02,  0.00000000e+00,  0.00000000e+00,  0.00000000e+00,
    0.00000000e+00]]FSBCAlgorithm
logR
[-2.19722458,-1.5040774 ,-1.09861229,-0.81093022,-0.58778666,-0.40546511,
 -0.25131443,-0.11778304, 0.        ]
IndexZero
10
Tq
[ -4.43718683e+00, -4.43669267e+00, -4.43570605e+00, -4.43374062e+00,
  -4.42984412e+00, -4.42219674e+00, -4.40749925e+00, -4.38045027e+00,
  -4.33496303e+00, -4.27011426e+00, -3.43263048e+00, -4.04746061e-18,
   2.73334990e+00,  4.54127229e+00,  6.01821732e+00,  7.36629013e+00,
   8.63806845e+00,  9.85612311e+00,  1.10338550e+01,  1.21805952e+01,
   1.33033607e+01]
Dq
[ 0.40338062, 0.44366927, 0.49285623, 0.55421758, 0.63283487, 0.73703279,
  0.88149985, 1.09511257, 1.44498768, 2.13505713, 3.43263048, 3.41397347,
  2.7333499 , 2.27063614, 2.00607244, 1.84157253, 1.72761369, 1.64268719,
  1.576265  , 1.52257439, 1.47815119]
lnMrq
[[  8.51996078e+01,  8.36451396e+01,  8.31163677e+01,  8.21765824e+01,
    8.14118340e+01,  7.99493755e+01,  7.82157258e+01,  7.64249820e+01,
    7.45992351e+01],
 [  7.73607912e+01,  7.58064815e+01,  7.52776207e+01,  7.43378468e+01,
    7.35730577e+01,  7.21109271e+01,  7.03779068e+01,  6.85872360e+01,
    6.67614731e+01],
 [  6.95222931e+01,  6.79683059e+01,  6.74392649e+01,  6.64995145e+01,
    6.57346430e+01,  6.42731726e+01,  6.25414078e+01,  6.07508776e+01,
    5.89250762e+01],
 [  6.16844386e+01,  6.01311140e+01,  5.96017047e+01,  5.86620041e+01,
    5.78969645e+01,  5.64368262e+01,  5.47075582e+01,  5.29172925e+01,
    5.10913955e+01],
 [  5.38478917e+01,  5.22959479e+01,  5.17657772e+01,  5.08261847e+01,
    5.00607967e+01,  4.86033531e+01,  4.68790206e+01,  4.50892329e+01,
    4.32630895e+01],
 [  4.60140209e+01,  4.44650171e+01,  4.39332482e+01,  4.29938961e+01,
    4.22277688e+01,  4.07757830e+01,  3.90610857e+01,  3.72720996e+01,
    3.54453033e+01],
 [  3.81856868e+01,  3.66431545e+01,  3.61079549e+01,  3.51691522e+01,
    3.44013883e+01,  3.29604245e+01,  3.12640591e+01,  2.94762227e+01,
    2.76476751e+01],
 [  3.03689876e+01,  2.88414362e+01,  2.82986610e+01,  2.73611274e+01,
    2.65894879e+01,  2.51704323e+01,  2.35071427e+01,  2.17203787e+01,
    1.98871772e+01],
 [  2.25772954e+01,  2.10870433e+01,  2.05271229e+01,  1.95923820e+01,
    1.88106277e+01,  1.74329201e+01,  1.58231225e+01,  1.40357061e+01,
    1.21906405e+01],
 [  1.48412057e+01,  1.34527262e+01,  1.28552294e+01,  1.19250105e+01,
    1.11134456e+01,  9.80232581e+00,  8.26111912e+00,  6.46954718e+00,
    4.60538036e+00],
 [  7.23670024e+00,  6.15105431e+00,  5.50162160e+00,  4.57235327e+00,
    3.67519633e+00,  2.47969873e+00,  1.23807725e+00,  3.40334520e-01,
    5.76814361e-02],
 [  0.00000000e+00,  0.00000000e+00,  0.00000000e+00, -1.11022302e-16,
   -1.11022302e-16,  0.00000000e+00,  0.00000000e+00,  0.00000000e+00,
    0.00000000e+00],
 [ -6.01709428e+00, -3.18162416e+00, -1.41155625e+00, -4.69276247e-01,
   -1.29686158e-01, -3.22144687e-02, -6.96215479e-03, -1.16181373e-03,
   -1.41948830e-04],
 [ -1.02321687e+01, -4.94970828e+00, -2.05715831e+00, -6.87046291e-01,
   -1.91171321e-01, -4.79005762e-02, -1.03952811e-02, -1.73831264e-03,
   -2.12726814e-04],
 [ -1.36821388e+01, -6.39384807e+00, -2.55931636e+00, -8.64493611e-01,
   -2.43768981e-01, -6.15619006e-02, -1.34387191e-02, -2.27912778e-03,
   -2.82309504e-04],
 [ -1.68540196e+01, -7.68026609e+00, -2.98912433e+00, -1.01999892e+00,
   -2.91459693e-01, -7.41331677e-02, -1.62757045e-02, -2.80090809e-03,
   -3.51232473e-04],
 [ -1.98683208e+01, -8.86055474e+00, -3.37362179e+00, -1.16064279e+00,
   -3.35759542e-01, -8.59658164e-02, -1.89719796e-02, -3.30668736e-03,
   -4.19516219e-04],
 [ -2.27743484e+01, -9.96057751e+00, -3.72676744e+00, -1.29018327e+00,
   -3.77477172e-01, -9.72419283e-02, -2.15611105e-02, -3.79803813e-03,
   -4.87171940e-04],
 [ -2.56008133e+01, -1.09968464e+01, -4.05672633e+00, -1.41093469e+00,
   -4.17116261e-01, -1.08072270e-01, -2.40633658e-02, -4.27622102e-03,
   -5.54210424e-04],
 [ -2.83674447e+01, -1.19815973e+01, -4.36867146e+00, -1.52446293e+00,
   -4.55021258e-01, -1.18531174e-01, -2.64922998e-02, -4.74233600e-03,
   -6.20642234e-04],
 [ -3.10888694e+01, -1.29246216e+01, -4.66608247e+00, -1.63189957e+00,
   -4.91442998e-01, -1.28671926e-01, -2.88576168e-02, -5.19735648e-03,
   -6.86477716e-04]]

\SBAlgorithm
logR
[-2.07944154,-1.38629436,-0.98082925,-0.69314718,-0.47000363,-0.28768207,
 -0.13353139, 0.        ]
IndexZero
10
Tq
[-38.28804506,-34.90607108,-31.50931806,-28.0912758 ,-24.65101221,
 -21.19511433,-17.73300548,-14.27137299,-10.80278151, -7.23910439,
  -3.51176844,  0.        ,  2.67296913,  4.6219822 ,  6.24644917,
   7.72794534,  9.1258365 , 10.46806653, 11.77121574, 13.04606441,
  14.29995699]
Dq
[ 3.48073137, 3.49060711, 3.50103534, 3.51140947, 3.52157317, 3.53251906,
  3.5466011 , 3.56784325, 3.60092717, 3.6195522 , 3.51176844, 3.12815495,
  2.67296913, 2.3109911 , 2.08214972, 1.93198633, 1.8251673 , 1.74467775,
  1.68160225, 1.63075805, 1.58888411]
lnMrq
[[ -8.78736652,-15.96050659,-22.90569981,-28.79513761,-39.30732821,
  -63.30732664,-84.03078879,-86.22145628],
 [ -8.09094682,-14.84351338,-21.27855582,-26.81284397,-36.36446643,
  -58.18990867,-76.83850623,-78.38343225],
 [ -7.39282535,-13.71941129,-19.64622529,-24.82464593,-33.42004589,
  -53.07188647,-69.55277323,-70.54532793],
 [ -6.6920832 ,-12.58515523,-18.00659272,-22.82792025,-30.4737184 ,
  -47.95271983,-62.13221149,-62.70715273],
 [ -5.98726789,-11.43619364,-16.35630875,-20.81847205,-27.52497703,
  -42.83073038,-54.5645417 ,-54.86891488],
 [ -5.27603905,-10.26555915,-14.68983029,-18.78919007,-24.57292791,
  -37.70035566,-46.87768365,-47.03062157],
 [ -4.5545179 , -9.06221771,-12.99751527,-16.72726816,-21.6156017 ,
  -32.54471728,-39.11601383,-39.19227911],
 [ -3.81599605, -7.80772876,-11.26156321,-14.6083661 ,-18.64771719,
  -27.31995005,-31.31497748,-31.353893  ],
 [ -3.04806186, -6.46822108, -9.44617916,-12.38374382,-15.65134256,
  -21.86203272,-23.49514569,-23.51546806],
 [ -2.2250319 , -4.9694082 , -7.46417701, -9.93835798,-12.49421234,
  -15.38198892,-15.66668728,-15.67700852],
 [ -1.28221335, -3.08791731, -4.91480723, -6.52629083, -7.50370483,
   -7.79769193, -7.83427495, -7.83851809],
 [  0.        ,  0.        ,  0.        ,  0.        ,  0.        ,
    0.        ,  0.        ,  0.        ],
 [  2.30709107,  5.09697066,  6.74929192,  7.50424256,  7.75219844,
    7.81898782,  7.83520177,  7.83854289],
 [  5.99232015, 11.15212737, 13.89526388, 15.1161328 , 15.52811984,
   15.64211782, 15.67090386, 15.67710808],
 [ 10.35022636, 17.5286634 , 21.19595421, 22.76827087, 23.31297453,
   23.46707587, 23.50690475, 23.51569337],
 [ 14.99195566, 24.06809715, 28.58252025, 30.44409936, 31.10302413,
   31.29317724, 31.34310385, 31.35429682],
 [ 19.79351069, 30.71506405, 36.02275274, 38.13623463, 38.89667554,
   39.120095  , 39.17944716, 39.19291674],
 [ 24.6973887 , 37.44233994, 43.49928528, 45.84058955, 46.69306403,
   46.94763742, 47.01590312, 47.03155162],
 [ 29.66968931, 44.23320991, 51.00200642, 53.55460712, 54.49165003,
   54.77567996, 54.85245166, 54.87020012],
 [ 34.68883943, 51.07569618, 58.52464288, 61.27654693, 62.29206519,
   62.60413644, 62.68907897, 62.70886109],
 [ 39.74072316, 57.96034594, 66.06307443, 69.00514863, 70.09404194,
   70.43294441, 70.52577502, 70.54753348]]


 SandBox Genetic
logR
[-1.94591015,-1.25276297,-0.84729786,-0.55961579,-0.33647224,-0.15415068,
  0.        ]
IndexZero
10
Tq
[-8.15822089,-7.70077441,-7.21312138,-6.69602607,-6.1541341 ,-5.58889542,
 -4.98241622,-4.26494083,-3.35014685,-2.26773125,-1.11474668, 0.        ,
  0.8538688 , 1.21983262, 1.30146018, 1.31138904, 1.3068011 , 1.29893845,
  1.2902343 , 1.28136457, 1.27257405]
Dq
[ 0.74165644, 0.77007744, 0.80145793, 0.83700326, 0.87916201, 0.93148257,
  0.99648324, 1.06623521, 1.11671562, 1.13386563, 1.11474668, 1.03815967,
  0.8538688 , 0.60991631, 0.43382006, 0.32784726, 0.26136022, 0.21648974,
  0.18431919, 0.16017057, 0.14139712]
lnMrq
[[-66.27552197,-67.24630898,-69.05596008,-70.98586671,-73.06805951,
  -75.94308433,-86.5989137 ],
 [-60.26469278,-61.19634042,-62.98453618,-64.90040438,-67.01264282,
  -69.64775528,-79.04741579],
 [-54.25346073,-55.14264705,-56.90549352,-58.80754249,-60.9488964 ,
  -63.35221881,-71.38091763],
 [-48.24178495,-49.08446123,-50.81653748,-52.70490478,-54.87203203,
  -57.05570794,-63.60510503],
 [-42.22961858,-43.02073452,-44.7141945 ,-46.58860235,-48.77364603,
  -50.75441836,-55.74494847],
 [-36.21690732,-36.94998717,-38.59291571,-40.45152202,-42.63684601,
  -44.42936385,-47.82968252],
 [-30.20358494,-30.87005113,-32.4432934 ,-34.27848203,-36.41889261,
  -37.99323615,-39.88225313],
 [-24.18954805,-24.77760189,-26.24843384,-28.0314928 ,-29.99518134,
  -31.17485923,-31.91727929],
 [-18.17448376,-18.66717192,-19.97683913,-21.61196937,-23.10940519,
  -23.73202442,-23.94307902],
 [-12.15664599,-12.52836598,-13.57102873,-14.83327293,-15.65760133,
  -15.9052365 ,-15.96411002],
 [ -6.12423716, -6.3349997 , -6.94159192, -7.58363879, -7.88489643,
   -7.96541453, -7.98268858],
 [  0.        ,  0.        ,  0.        ,  0.        ,  0.        ,
    0.        ,  0.        ],
 [  6.56277509,  6.72723396,  7.26805999,  7.7395778 ,  7.9216485 ,
    7.97174795,  7.98335337],
 [ 13.96803479, 14.09301695, 14.7914734 , 15.54763825, 15.85763149,
   15.94570986, 15.96706599],
 [ 21.83725859, 21.88701081, 22.48146369, 23.39096559, 23.80071035,
   23.92084115, 23.95098256],
 [ 29.80577298, 29.82303671, 30.27382088, 31.25614512, 31.74809616,
   31.8967662 , 31.93502365],
 [ 37.78933077, 37.79556825, 38.12951579, 39.13676404, 39.6984899 ,
   39.87329103, 39.91914809],
 [ 45.77502574, 45.77765703, 46.02551172, 47.02921844, 47.65117853,
   47.85029202, 47.90333406],
 [ 53.76102211, 53.76248943, 53.94795083, 54.93122168, 55.60571834,
   55.82768277, 55.88756955],
 [ 61.74706113, 61.74818429, 61.88823384, 62.84119222, 63.56180731,
   63.8054001 , 63.87184755],
 [ 69.73310633, 69.73417039, 69.84085132, 70.7579657 , 71.51922635,
   71.78339649, 71.85616362]]
fitNessAverage
[ 2.69348369, 2.71097897, 2.72024524, 2.72965898, 2.73178062, 2.73409598,
  2.73871199, 2.7407942 , 2.73867525, 2.73884291, 2.73801076, 2.73947744,
  2.73777891, 2.73824606, 2.73853092, 2.73882282, 2.73864479, 2.73838763,
  2.73881653, 2.73701133, 2.73639513, 2.73551948, 2.73788222, 2.74052911,
  2.73896169]
fitNessMax
[ 2.75602295, 2.84441041, 2.84441041, 2.88098121, 2.84832119, 2.84832119,
  2.84832119, 2.83655074, 2.82387879, 2.81365327, 2.79458252, 2.79308023,
  2.78979415, 2.78979415, 2.78979415, 2.78979415, 2.78979415, 2.78979415,
  2.79385315, 2.78979415, 2.77664856, 2.77621756, 2.77621756, 2.76892362,
  2.78315699]
fitNessMin
[ 2.59226881, 2.59226881, 2.59226881, 2.59226881, 2.59226881, 2.59226881,
  2.64179093, 2.64812587, 2.64143131, 2.64143131, 2.64836843, 2.65525643,
  2.65525643, 2.65525643, 2.66470524, 2.6679277 , 2.6679277 , 2.63691765,
  2.63691765, 2.63691765, 2.63691765, 2.65210403, 2.6458541 , 2.66820822,
  2.66820822]


 SandBox Simulated Annealing
logR
[ 0.]
IndexZero
10
Tq
[ nan, nan, nan, nan, nan, nan, nan, nan, nan, nan, nan, nan, nan, nan,
  nan, nan, nan, nan, nan, nan, nan]
Dq
[ nan, nan, nan, nan, nan, nan, nan, nan, nan, nan, nan, nan, nan, nan,
  nan, nan, nan, nan, nan, nan, nan]
lnMrq
[[-66.27615584],
 [-60.26476349],
 [-54.25294326],
 [-48.24065446],
 [-42.22785109],
 [-36.21448059],
 [-30.20047981],
 [-24.18575146],
 [-18.17000137],
 [-12.15158231],
 [ -6.11934688],
 [  0.        ],
 [  6.54214907],
 [ 13.92503111],
 [ 21.78779253],
 [ 29.75525442],
 [ 37.73865693],
 [ 45.72432647],
 [ 53.71031579],
 [ 61.69635037],
 [ 69.68239149]]


 BoxCounting Genetic
logR
[-2.07944154,-1.38629436,-0.98082925,-0.69314718,-0.47000363,-0.28768207,
 -0.13353139, 0.        ]
IndexZero
10
Tq
[ -3.70178623e+00, -3.70132117e+00, -3.70039001e+00, -3.69852714e+00,
  -3.69481045e+00, -3.68744710e+00, -3.67309701e+00, -3.64612613e+00,
  -3.59917846e+00, -3.52930079e+00, -3.17667219e+00, -1.10460226e-17,
   2.92444864e+00,  4.84552221e+00,  6.42129219e+00,  7.88141669e+00,
   9.28405759e+00,  1.06521758e+01,  1.19974939e+01,  1.33268090e+01,
   1.46443999e+01]
Dq
[ 0.33652602, 0.37013212, 0.41115445, 0.46231589, 0.52783006, 0.61457452,
  0.7346194 , 0.91153153, 1.19972615, 1.7646504 , 3.17667219, 3.60864144,
  2.92444864, 2.42276111, 2.14043073, 1.97035417, 1.85681152, 1.77536264,
  1.7139277 , 1.66585112, 1.62715554]
lnMrq
[[  8.52104011e+01,  8.36468038e+01,  8.30952777e+01,  8.21704372e+01,
    8.14423471e+01,  8.00444968e+01,  7.83824763e+01,  7.67321818e+01],
 [  7.73715845e+01,  7.58081194e+01,  7.52565440e+01,  7.43317096e+01,
    7.36035553e+01,  7.22060536e+01,  7.05445609e+01,  6.88946488e+01],
 [  6.95330863e+01,  6.79698911e+01,  6.74182147e+01,  6.64933935e+01,
    6.57651095e+01,  6.43683094e+01,  6.27078725e+01,  6.10587158e+01],
 [  6.16952312e+01,  6.01325937e+01,  5.95807078e+01,  5.86559153e+01,
    5.79273686e+01,  5.65319837e+01,  5.48736557e+01,  5.32259785e+01],
 [  5.38586813e+01,  5.22972158e+01,  5.17448876e+01,  5.08201598e+01,
    5.00910760e+01,  4.86985519e+01,  4.70444215e+01,  4.53995975e+01],
 [  4.60247997e+01,  4.44658618e+01,  4.39125740e+01,  4.29879980e+01,
    4.22578002e+01,  4.08710645e+01,  3.92252165e+01,  3.75857388e+01],
 [  3.81964293e+01,  3.66431600e+01,  3.60877112e+01,  3.51635062e+01,
    3.44309400e+01,  3.30558689e+01,  3.14260424e+01,  2.97960530e+01],
 [  3.03796139e+01,  2.88398177e+01,  2.82792613e+01,  2.73559911e+01,
    2.66181743e+01,  2.52661855e+01,  2.36660079e+01,  2.20511907e+01],
 [  2.25875617e+01,  2.10824845e+01,  2.05092791e+01,  1.95883420e+01,
    1.88380647e+01,  1.75292181e+01,  1.59788065e+01,  1.43837872e+01],
 [  1.48503967e+01,  1.34438110e+01,  1.28396519e+01,  1.19237294e+01,
    1.11404666e+01,  9.89953667e+00,  8.41639147e+00,  6.83960178e+00],
 [  7.24288376e+00,  6.13930249e+00,  5.48599953e+00,  4.57954464e+00,
    3.70647376e+00,  2.57337530e+00,  1.35840916e+00,  4.70003629e-01],
 [  0.00000000e+00,  0.00000000e+00,  0.00000000e+00, -1.11022302e-16,
   -1.11022302e-16,  0.00000000e+00,  0.00000000e+00,  0.00000000e+00],
 [ -5.99728700e+00, -3.09761997e+00, -1.39762795e+00, -4.80881239e-01,
   -1.45821785e-01, -4.45602697e-02, -8.71672957e-03, -1.23052141e-03],
 [ -1.01403277e+01, -4.77603725e+00, -2.04245828e+00, -7.03983196e-01,
   -2.14893990e-01, -6.62498408e-02, -1.30200148e-02, -1.84092927e-03],
 [ -1.35465075e+01, -6.14892333e+00, -2.53874701e+00, -8.88217901e-01,
   -2.71976206e-01, -8.39383779e-02, -1.70594009e-02, -2.44442779e-03],
 [ -1.67275711e+01, -7.38003357e+00, -2.96168384e+00, -1.05111397e+00,
   -3.22640982e-01, -9.95109184e-02, -2.09513831e-02, -3.04293069e-03],
 [ -1.98069689e+01, -8.52062443e+00, -3.34108855e+00, -1.19887272e+00,
   -3.69174272e-01, -1.13731960e-01, -2.47120851e-02, -3.63650918e-03],
 [ -2.28300115e+01, -9.59712889e+00, -3.69227017e+00, -1.33481440e+00,
   -4.12778188e-01, -1.26996541e-01, -2.83502906e-02, -4.22522081e-03],
 [ -2.58182025e+01, -1.06262317e+01, -4.02398099e+00, -1.46109426e+00,
   -4.54160284e-01, -1.39534646e-01, -3.18737056e-02, -4.80912228e-03],
 [ -2.87830743e+01, -1.16195317e+01, -4.34156217e+00, -1.57925793e+00,
   -4.93770871e-01, -1.51491821e-01, -3.52894586e-02, -5.38826961e-03],
 [ -3.17313403e+01, -1.25854940e+01, -4.64842560e+00, -1.69047856e+00,
   -5.31914400e-01, -1.62966732e-01, -3.86041727e-02, -5.96271809e-03]]
fitNessAverage
[ 2.36391234, 2.35433929, 2.34821987, 2.34428771, 2.34212839, 2.33938235,
  2.33963211, 2.33877423, 2.33835019, 2.33595625, 2.33142774, 2.32904366,
  2.32756336, 2.32712903, 2.32894591, 2.32728317, 2.32522463, 2.32502749,
  2.33186414, 2.33681839, 2.3395803 , 2.34082246, 2.33932409]
fitNessMax
[ 2.42302309, 2.42941015, 2.42941015, 2.42941015, 2.41825379, 2.41825379,
  2.42481685, 2.41825379, 2.41825379, 2.41825379, 2.41351736, 2.41351736,
  2.42347386, 2.42347386, 2.42347386, 2.42347386, 2.4202908 , 2.4202908 ,
  2.4202908 , 2.42654438, 2.4251243 , 2.4251243 , 2.41399532]
fitNessMin
[ 2.32158189, 2.26031791, 2.17278719, 2.24074307, 2.26682413, 2.26682413,
  2.26682413, 2.25618249, 2.26746515, 2.22185279, 2.22185279, 2.22185279,
  2.24569082, 2.25436406, 2.24638206, 2.24465609, 2.21163295, 2.21163295,
  2.24220077, 2.24220077, 2.24220077, 2.24220077, 2.22244053]


 BoxCounting Simulated Annealing
logR
[-2.07944154,-1.38629436,-0.98082925,-0.69314718,-0.47000363,-0.28768207,
 -0.13353139, 0.        ]
IndexZero
10
Tq
[ -3.70178623e+00, -3.70132117e+00, -3.70039001e+00, -3.69852714e+00,
  -3.69481045e+00, -3.68744710e+00, -3.67309701e+00, -3.64612613e+00,
  -3.59917846e+00, -3.52930079e+00, -3.17667219e+00, -1.10460226e-17,
   2.92444864e+00,  4.84552221e+00,  6.42129219e+00,  7.88141669e+00,
   9.28405759e+00,  1.06521758e+01,  1.19974939e+01,  1.33268090e+01,
   1.46443999e+01]
Dq
[ 0.33652602, 0.37013212, 0.41115445, 0.46231589, 0.52783006, 0.61457452,
  0.7346194 , 0.91153153, 1.19972615, 1.7646504 , 3.17667219, 3.60864144,
  2.92444864, 2.42276111, 2.14043073, 1.97035417, 1.85681152, 1.77536264,
  1.7139277 , 1.66585112, 1.62715554]
lnMrq
[[  8.52104011e+01,  8.36468038e+01,  8.30952777e+01,  8.21704372e+01,
    8.14423471e+01,  8.00444968e+01,  7.83824763e+01,  7.67321818e+01],
 [  7.73715845e+01,  7.58081194e+01,  7.52565440e+01,  7.43317096e+01,
    7.36035553e+01,  7.22060536e+01,  7.05445609e+01,  6.88946488e+01],
 [  6.95330863e+01,  6.79698911e+01,  6.74182147e+01,  6.64933935e+01,
    6.57651095e+01,  6.43683094e+01,  6.27078725e+01,  6.10587158e+01],
 [  6.16952312e+01,  6.01325937e+01,  5.95807078e+01,  5.86559153e+01,
    5.79273686e+01,  5.65319837e+01,  5.48736557e+01,  5.32259785e+01],
 [  5.38586813e+01,  5.22972158e+01,  5.17448876e+01,  5.08201598e+01,
    5.00910760e+01,  4.86985519e+01,  4.70444215e+01,  4.53995975e+01],
 [  4.60247997e+01,  4.44658618e+01,  4.39125740e+01,  4.29879980e+01,
    4.22578002e+01,  4.08710645e+01,  3.92252165e+01,  3.75857388e+01],
 [  3.81964293e+01,  3.66431600e+01,  3.60877112e+01,  3.51635062e+01,
    3.44309400e+01,  3.30558689e+01,  3.14260424e+01,  2.97960530e+01],
 [  3.03796139e+01,  2.88398177e+01,  2.82792613e+01,  2.73559911e+01,
    2.66181743e+01,  2.52661855e+01,  2.36660079e+01,  2.20511907e+01],
 [  2.25875617e+01,  2.10824845e+01,  2.05092791e+01,  1.95883420e+01,
    1.88380647e+01,  1.75292181e+01,  1.59788065e+01,  1.43837872e+01],
 [  1.48503967e+01,  1.34438110e+01,  1.28396519e+01,  1.19237294e+01,
    1.11404666e+01,  9.89953667e+00,  8.41639147e+00,  6.83960178e+00],
 [  7.24288376e+00,  6.13930249e+00,  5.48599953e+00,  4.57954464e+00,
    3.70647376e+00,  2.57337530e+00,  1.35840916e+00,  4.70003629e-01],
 [  0.00000000e+00,  0.00000000e+00,  0.00000000e+00, -1.11022302e-16,
   -1.11022302e-16,  0.00000000e+00,  0.00000000e+00,  0.00000000e+00],
 [ -5.99728700e+00, -3.09761997e+00, -1.39762795e+00, -4.80881239e-01,
   -1.45821785e-01, -4.45602697e-02, -8.71672957e-03, -1.23052141e-03],
 [ -1.01403277e+01, -4.77603725e+00, -2.04245828e+00, -7.03983196e-01,
   -2.14893990e-01, -6.62498408e-02, -1.30200148e-02, -1.84092927e-03],
 [ -1.35465075e+01, -6.14892333e+00, -2.53874701e+00, -8.88217901e-01,
   -2.71976206e-01, -8.39383779e-02, -1.70594009e-02, -2.44442779e-03],
 [ -1.67275711e+01, -7.38003357e+00, -2.96168384e+00, -1.05111397e+00,
   -3.22640982e-01, -9.95109184e-02, -2.09513831e-02, -3.04293069e-03],
 [ -1.98069689e+01, -8.52062443e+00, -3.34108855e+00, -1.19887272e+00,
   -3.69174272e-01, -1.13731960e-01, -2.47120851e-02, -3.63650918e-03],
 [ -2.28300115e+01, -9.59712889e+00, -3.69227017e+00, -1.33481440e+00,
   -4.12778188e-01, -1.26996541e-01, -2.83502906e-02, -4.22522081e-03],
 [ -2.58182025e+01, -1.06262317e+01, -4.02398099e+00, -1.46109426e+00,
   -4.54160284e-01, -1.39534646e-01, -3.18737056e-02, -4.80912228e-03],
 [ -2.87830743e+01, -1.16195317e+01, -4.34156217e+00, -1.57925793e+00,
   -4.93770871e-01, -1.51491821e-01, -3.52894586e-02, -5.38826961e-03],
 [ -3.17313403e+01, -1.25854940e+01, -4.64842560e+00, -1.69047856e+00,
   -5.31914400e-01, -1.62966732e-01, -3.86041727e-02, -5.96271809e-03]]


Execution time

Box Counting	Box Counting Fixed	SandBox	Genetic SandBox	Simulated SandBox	Genetic BCFS	Simulated BCFS
[ 146896.41086698, 132752.61676002,   3402.02779603,  18433.69878101,
   12462.83046198,  16989.41584301,  11432.87634301,  18175.21704221,
   11278.19382095]
Fractal dimension
3.05685743756