
 BoxCounting Genetic
logR
[-2.19722458,-1.5040774 ,-1.09861229,-0.81093022,-0.58778666,-0.40546511,
 -0.25131443,-0.11778304, 0.        ]
IndexZero
10
Tq
[-32.12199827,-29.17561546,-26.22944394,-23.28370925,-20.33889558,
 -17.39609115,-14.4579532 ,-11.53200394, -8.64451289, -5.8935064 ,
  -3.32087051,  0.        ,  3.36469027,  6.6505297 ,  9.88500505,
  13.0815848 , 16.2467119 , 19.38293857, 22.49027458, 25.56749744,
  28.61404056]
Dq
[ 2.92018166, 2.91756155, 2.91438266, 2.91046366, 2.90555651, 2.89934853,
  2.89159064, 2.88300098, 2.8815043 , 2.9467532 , 3.32087051, 3.41492677,
  3.36469027, 3.32526485, 3.29500168, 3.2703962 , 3.24934238, 3.23048976,
  3.21289637, 3.19593718, 3.17933784]
lnMrq
[[  9.00404076e+01,  8.81852662e+01,  8.74620975e+01,  8.64109402e+01,
    8.55018847e+01,  8.42812708e+01,  8.36118033e+01,  0.00000000e+00,
    0.00000000e+00],
 [  8.15237785e+01,  7.96688291e+01,  7.89455789e+01,  7.78943899e+01,
    7.69853504e+01,  7.57650228e+01,  7.50951372e+01,  0.00000000e+00,
    0.00000000e+00],
 [  7.30077293e+01,  7.11531715e+01,  7.04297536e+01,  6.93785006e+01,
    6.84694949e+01,  6.72497371e+01,  6.65790151e+01,  0.00000000e+00,
    0.00000000e+00],
 [  6.44928737e+01,  6.26391226e+01,  6.19153541e+01,  6.08639724e+01,
    5.99550381e+01,  5.87364120e+01,  5.80640169e+01,  0.00000000e+00,
    0.00000000e+00],
 [  5.59805181e+01,  5.41284529e+01,  5.34039320e+01,  5.23522905e+01,
    5.14435060e+01,  5.02271221e+01,  4.95513841e+01,  0.00000000e+00,
    0.00000000e+00],
 [  4.74735577e+01,  4.56250885e+01,  4.48988808e+01,  4.38467140e+01,
    4.29382265e+01,  4.17262758e+01,  4.10438746e+01,  0.00000000e+00,
    0.00000000e+00],
 [  3.89788983e+01,  3.71383176e+01,  3.64080203e+01,  3.53547900e+01,
    3.44467845e+01,  3.32435832e+01,  3.25479820e+01,  0.00000000e+00,
    0.00000000e+00],
 [  3.05153080e+01,  2.86928167e+01,  2.79510587e+01,  2.68956512e+01,
    2.59877643e+01,  2.48017896e+01,  2.40804341e+01,  0.00000000e+00,
    0.00000000e+00],
 [  2.21438459e+01,  2.03687908e+01,  1.95865264e+01,  1.85261395e+01,
    1.76131823e+01,  1.64605599e+01,  1.56906400e+01,  0.00000000e+00,
    0.00000000e+00],
 [  1.40720465e+01,  1.24768259e+01,  1.15474710e+01,  1.04700523e+01,
    9.51486872e+00,  8.41871963e+00,  7.55099455e+00,  0.00000000e+00,
    0.00000000e+00],
 [  6.69308820e+00,  5.70956572e+00,  4.79397071e+00,  3.83859173e+00,
    2.84897089e+00,  1.84371921e+00,  7.97507196e-01,  0.00000000e+00,
    0.00000000e+00],
 [  0.00000000e+00,  0.00000000e+00,  0.00000000e+00,  0.00000000e+00,
    0.00000000e+00,  0.00000000e+00,  0.00000000e+00,  0.00000000e+00,
    0.00000000e+00],
 [ -6.38612931e+00, -5.25547338e+00, -3.94616350e+00, -2.65828322e+00,
   -1.35056915e+00, -2.95787633e-01, -5.89852857e-03,  0.00000000e+00,
    0.00000000e+00],
 [ -1.26573390e+01, -1.02923053e+01, -7.58211888e+00, -4.96990263e+00,
   -2.37225246e+00, -4.65659839e-01, -8.85753177e-03,  0.00000000e+00,
    0.00000000e+00],
 [ -1.88727304e+01, -1.51856962e+01, -1.10492665e+01, -7.11525741e+00,
   -3.26171455e+00, -6.15626057e-01, -1.17868197e-02,  0.00000000e+00,
    0.00000000e+00],
 [ -2.50535729e+01, -1.99676159e+01, -1.43977204e+01, -9.15504235e+00,
   -4.08032470e+00, -7.58577932e-01, -1.47043434e-02,  0.00000000e+00,
    0.00000000e+00],
 [ -3.12097834e+01, -2.46522165e+01, -1.76486511e+01, -1.11176069e+01,
   -4.85379215e+00, -8.96770645e-01, -1.76103631e-02,  0.00000000e+00,
    0.00000000e+00],
 [ -3.73468136e+01, -2.92419839e+01, -2.08112644e+01, -1.30192611e+01,
   -5.59471208e+00, -1.03079802e+00, -2.05049655e-02,  0.00000000e+00,
    0.00000000e+00],
 [ -4.34679427e+01, -3.37301451e+01, -2.38896869e+01, -1.48709297e+01,
   -6.31009079e+00, -1.16094575e+00, -2.33882345e-02,  0.00000000e+00,
    0.00000000e+00],
 [ -4.95752469e+01, -3.81051277e+01, -2.68870924e+01, -1.66807464e+01,
   -7.00428015e+00, -1.28743186e+00, -2.62602530e-02,  0.00000000e+00,
    0.00000000e+00],
 [ -5.56700780e+01, -4.23593995e+01, -2.98084756e+01, -1.84551690e+01,
   -7.68023684e+00, -1.41045358e+00, -2.91211037e-02,  0.00000000e+00,
    0.00000000e+00]]
fitNessAverage
[ 46.69192262, 46.69611264, 46.69683206, 46.69652803, 46.69602079,
  46.69454194, 46.69443543, 46.69731953, 46.69633838, 46.6977541 ,
  46.70086604, 46.70060696, 46.70037356, 46.70036567, 46.700698  ,
  46.70001517, 46.70007359, 46.69775224, 46.69782112, 46.69732256,
  46.69574002, 46.69486898, 46.6946987 , 46.69452448, 46.69634552,
  46.69831153, 46.69842957, 46.69873585, 46.69762584, 46.69628937,
  46.69514752, 46.69296457, 46.6925444 ]
fitNessMax
[ 46.72478071, 46.76778666, 46.76778666, 46.77389694, 46.77389694,
  46.77389694, 46.77389694, 46.75404079, 46.76541561, 46.76337146,
  46.76337146, 46.79780962, 46.75836951, 46.75836951, 46.75836951,
  46.76831007, 46.76831007, 46.75268552, 46.76237791, 46.76237791,
  46.74714761, 46.75332606, 46.74859502, 46.75475652, 46.75475652,
  46.74707048, 46.76828817, 46.76828817, 46.76828817, 46.7655657 ,
  46.7655657 , 46.7655657 , 46.7655657 ]
fitNessMin
[ 46.63222442, 46.61497603, 46.60569949, 46.6025887 , 46.61497603,
  46.61497603, 46.61497603, 46.61497603, 46.61497603, 46.61497603,
  46.61497603, 46.64411482, 46.64411482, 46.64411482, 46.64411482,
  46.64411482, 46.64586095, 46.64586095, 46.64586095, 46.63431721,
  46.63431721, 46.6211747 , 46.6211747 , 46.6211747 , 46.6367811 ,
  46.6367811 , 46.6367811 , 46.6367811 , 46.6367811 , 46.6367811 ,
  46.6367811 , 46.6367811 , 46.63929459]


 BoxCounting Simulated Annealing
logR
[-2.07944154,-1.38629436,-0.98082925,-0.69314718,-0.47000363,-0.28768207,
 -0.13353139, 0.        ]
IndexZero
10
Tq
[ -4.08851488e+01, -3.70424749e+01, -3.31999845e+01, -2.93579645e+01,
  -2.55171016e+01, -2.16790640e+01, -1.78481020e+01, -1.40361728e+01,
  -1.02825014e+01, -6.71687035e+00, -3.43197204e+00,  1.26047813e-17,
   3.43413417e+00,  6.80512753e+00,  1.01301860e+01,  1.34237365e+01,
   1.66950660e+01,  1.99500308e+01,  2.31923622e+01,  2.64244794e+01,
   2.96479860e+01]
Dq
[ 3.71683171, 3.70424749, 3.68888717, 3.66974557, 3.64530023, 3.61317734,
  3.5696204 , 3.5090432 , 3.42750046, 3.35843518, 3.43197204, 3.46589708,
  3.43413417, 3.40256377, 3.37672865, 3.35593413, 3.33901321, 3.32500514,
  3.3131946 , 3.30305993, 3.29422067]
lnMrq
[[  8.98638356e+01,  8.80060755e+01,  8.75701904e+01,  8.58665523e+01,
    7.41918374e+01,  5.74460450e+01,  0.00000000e+00,  0.00000000e+00],
 [  8.13472080e+01,  7.94898237e+01,  7.90533690e+01,  7.73508405e+01,
    6.67772554e+01,  5.17014415e+01,  0.00000000e+00,  0.00000000e+00],
 [  7.28311663e+01,  7.09745363e+01,  7.05369376e+01,  6.88366265e+01,
    5.93653039e+01,  4.59568417e+01,  0.00000000e+00,  0.00000000e+00],
 [  6.43163404e+01,  6.24612252e+01,  6.20213260e+01,  6.03254402e+01,
    5.19576753e+01,  4.02122580e+01,  0.00000000e+00,  0.00000000e+00],
 [  5.58040921e+01,  5.39520167e+01,  5.35074844e+01,  5.18204048e+01,
    4.45570866e+01,  3.44677472e+01,  0.00000000e+00,  0.00000000e+00],
 [  4.72975061e+01,  4.54515047e+01,  4.49976272e+01,  4.33279574e+01,
    3.71677986e+01,  2.87235641e+01,  0.00000000e+00,  0.00000000e+00],
 [  3.88041603e+01,  3.69701302e+01,  3.64973131e+01,  3.48615567e+01,
    2.97962889e+01,  2.29808538e+01,  0.00000000e+00,  0.00000000e+00],
 [  3.03453200e+01,  2.85342359e+01,  2.80220209e+01,  2.64500260e+01,
    2.24524654e+01,  1.72447366e+01,  0.00000000e+00,  0.00000000e+00],
 [  2.19912279e+01,  2.02264511e+01,  1.96218285e+01,  1.81588792e+01,
    1.51587270e+01,  1.15378409e+01,  0.00000000e+00,  0.00000000e+00],
 [  1.39712219e+01,  1.23691945e+01,  1.15102791e+01,  1.01862296e+01,
    8.07657869e+00,  5.96532035e+00,  0.00000000e+00,  0.00000000e+00],
 [  6.66313270e+00,  5.66642669e+00,  4.70048037e+00,  3.66356165e+00,
    2.56494936e+00,  1.38629436e+00,  0.00000000e+00,  0.00000000e+00],
 [  0.00000000e+00,  0.00000000e+00, -2.22044605e-16, -1.11022302e-16,
    0.00000000e+00,  0.00000000e+00,  0.00000000e+00,  0.00000000e+00],
 [ -6.38108780e+00, -5.22785145e+00, -3.78660695e+00, -2.67050358e+00,
   -1.44323185e+00, -3.40716559e-01,  0.00000000e+00,  0.00000000e+00],
 [ -1.26517799e+01, -1.02372664e+01, -7.20717248e+00, -5.09727908e+00,
   -2.62078147e+00, -5.55589592e-01,  0.00000000e+00,  0.00000000e+00],
 [ -1.88666069e+01, -1.51079212e+01, -1.04456003e+01, -7.42214296e+00,
   -3.70178983e+00, -7.48010988e-01,  0.00000000e+00,  0.00000000e+00],
 [ -2.50461499e+01, -1.98843409e+01, -1.35888913e+01, -9.68863266e+00,
   -4.73578188e+00, -9.36254237e-01,  0.00000000e+00,  0.00000000e+00],
 [ -3.12001778e+01, -2.45959906e+01, -1.66784609e+01, -1.19160638e+01,
   -5.74410765e+00, -1.12372362e+00,  0.00000000e+00,  0.00000000e+00],
 [ -3.73340305e+01, -2.92629567e+01, -1.97340382e+01, -1.41150896e+01,
   -6.73746231e+00, -1.31104994e+00,  0.00000000e+00,  0.00000000e+00],
 [ -4.34508735e+01, -3.38988282e+01, -2.27655670e+01, -1.62924153e+01,
   -7.72170355e+00, -1.49834983e+00,  0.00000000e+00,  0.00000000e+00],
 [ -4.95526822e+01, -3.85127022e+01, -2.57786490e+01, -1.84526787e+01,
   -8.70025758e+00, -1.68564483e+00,  0.00000000e+00,  0.00000000e+00],
 [ -5.56407371e+01, -4.31106459e+01, -2.87769093e+01, -2.05993146e+01,
   -9.67521617e+00, -1.87293894e+00,  0.00000000e+00,  0.00000000e+00]]


 Fixed Size Genetic
logR
[-2.19722458,-1.5040774 ,-1.09861229,-0.81093022,-0.58778666,-0.40546511,
 -0.25131443,-0.11778304, 0.        ]
IndexZero
10
Tq
[-19.27251146,-17.67826523,-16.08426907,-14.49078915,-12.89839471,
 -11.30835642, -9.72373845, -8.15303495, -6.62509895, -5.24143855,
  -3.31426385,  0.        ,  3.36222886,  6.64649272,  9.87957608,
  13.07484331, 16.23936096, 19.37730724, 22.49139616, 25.58361373,
  28.65567653]
Dq
[ 1.7520465 , 1.76782652, 1.78714101, 1.81134864, 1.84262782, 1.88472607,
  1.94474769, 2.03825874, 2.20836632, 2.62071927, 3.31426385, 3.41156288,
  3.36222886, 3.32324636, 3.29319203, 3.26871083, 3.24787219, 3.22955121,
  3.21305659, 3.19795172, 3.18396406]
lnMrq
[[  9.00369395e+01,  8.81410829e+01,  8.74890512e+01,  8.63512485e+01,
    8.55231882e+01,  8.47261849e+01,  8.37028149e+01,  8.05667617e+01,
    0.00000000e+00],
 [  8.15203088e+01,  7.96246909e+01,  7.89724978e+01,  7.78347266e+01,
    7.70066025e+01,  7.62095380e+01,  7.51861879e+01,  7.20495685e+01,
    0.00000000e+00],
 [  7.30042569e+01,  7.11091241e+01,  7.04566017e+01,  6.93188964e+01,
    6.84906411e+01,  6.76934503e+01,  6.66701424e+01,  6.35323753e+01,
    0.00000000e+00],
 [  6.44893974e+01,  6.25952581e+01,  6.19420573e+01,  6.08044919e+01,
    5.99759639e+01,  5.91785086e+01,  5.81552927e+01,  5.50151822e+01,
    0.00000000e+00],
 [  5.59770385e+01,  5.40849592e+01,  5.34303364e+01,  5.22930750e+01,
    5.14639679e+01,  5.06659471e+01,  4.96429407e+01,  4.64979890e+01,
    0.00000000e+00],
 [  4.74700847e+01,  4.55823532e+01,  4.49246604e+01,  4.37880790e+01,
    4.29577084e+01,  4.21584376e+01,  4.11359334e+01,  3.79807958e+01,
    0.00000000e+00],
 [  3.89754751e+01,  3.70971619e+01,  3.64324782e+01,  3.52974589e+01,
    3.44642247e+01,  3.36620414e+01,  3.26408097e+01,  2.94636026e+01,
    0.00000000e+00],
 [  3.05120844e+01,  2.86550679e+01,  2.79727121e+01,  2.68413047e+01,
    2.60012482e+01,  2.51916318e+01,  2.41737438e+01,  2.09464094e+01,
    0.00000000e+00],
 [  2.21412559e+01,  2.03387896e+01,  1.96024039e+01,  1.84785968e+01,
    1.76208588e+01,  1.67892370e+01,  1.57796343e+01,  1.24292202e+01,
    0.00000000e+00],
 [  1.40708747e+01,  1.24630445e+01,  1.15529769e+01,  1.04378638e+01,
    9.52297610e+00,  8.61511901e+00,  7.60885862e+00,  3.93182567e+00,
    0.00000000e+00],
 [  6.69313778e+00,  5.70973141e+00,  4.79281090e+00,  3.83600552e+00,
    2.86846692e+00,  1.85785927e+00,  8.19779831e-01,  9.95033085e-03,
    0.00000000e+00],
 [  0.00000000e+00,  0.00000000e+00,  0.00000000e+00,  0.00000000e+00,
    0.00000000e+00,  0.00000000e+00,  0.00000000e+00,  0.00000000e+00,
    0.00000000e+00],
 [ -6.38658716e+00, -5.25930945e+00, -3.94946331e+00, -2.65426673e+00,
   -1.35691130e+00, -3.26634071e-01, -9.67692598e-03, -3.99920800e-06,
    0.00000000e+00],
 [ -1.26583576e+01, -1.02993026e+01, -7.58577468e+00, -4.94362878e+00,
   -2.38010764e+00, -5.17221148e-01, -1.45462874e-02, -5.99881799e-06,
    0.00000000e+00],
 [ -1.88744453e+01, -1.51934945e+01, -1.10469652e+01, -7.04618815e+00,
   -3.25828895e+00, -6.80749746e-01, -1.93086458e-02, -7.99763230e-06,
    0.00000000e+00],
 [ -2.50561346e+01, -1.99735471e+01, -1.43848716e+01, -9.01950468e+00,
   -4.05020345e+00, -8.33195923e-01, -2.40266868e-02, -9.99605076e-06,
    0.00000000e+00],
 [ -3.12133301e+01, -2.46558628e+01, -1.76258635e+01, -1.08911715e+01,
   -4.78283015e+00, -9.78061904e-01, -2.87022981e-02, -1.19940735e-05,
    0.00000000e+00],
 [ -3.73514643e+01, -2.92495211e+01, -2.07868745e+01, -1.26804891e+01,
   -5.47120220e+00, -1.11649915e+00, -3.33361274e-02, -1.39917007e-05,
    0.00000000e+00],
 [ -4.34737991e+01, -3.37597793e+01, -2.38807817e+01, -1.44041750e+01,
   -6.12489497e+00, -1.24911441e+00, -3.79287835e-02, -1.59889323e-05,
    0.00000000e+00],
 [ -4.95823972e+01, -3.81903513e+01, -2.69183045e+01, -1.60770607e+01,
   -6.75067370e+00, -1.37635333e+00, -4.24808654e-02, -1.79857685e-05,
    0.00000000e+00],
 [ -5.56786028e+01, -4.25451820e+01, -2.99086056e+01, -1.77116219e+01,
   -7.35368498e+00, -1.49859335e+00, -4.69929632e-02, -1.99822092e-05,
    0.00000000e+00]]
fitNessAverage
[ 46.75009755, 46.74434629, 46.74091081, 46.73579712, 46.73253487,
  46.73042608, 46.72812267, 46.72769999, 46.72635464, 46.72741418,
  46.72626384, 46.72234701, 46.72204345, 46.72291512, 46.72791164,
  46.72712313, 46.72641654, 46.72218663, 46.7218906 , 46.72086102,
  46.72314602, 46.72590487, 46.72588998, 46.73089947, 46.7329426 ,
  46.72707739, 46.72018221, 46.71622077, 46.71317547, 46.70723927,
  46.7039149 , 46.70299607, 46.69668336, 46.69217686, 46.68905128,
  46.6899228 ]
fitNessMax
[ 46.816576  , 46.81435725, 46.81435725, 46.81435725, 46.81435725,
  46.82141192, 46.81600477, 46.81600477, 46.81600477, 46.81600477,
  46.8040431 , 46.794411  , 46.80089374, 46.80089374, 46.82982825,
  46.82982825, 46.82982825, 46.82982825, 46.82982825, 46.82982825,
  46.82982825, 46.82982825, 46.82982825, 46.82982825, 46.82982825,
  46.82982825, 46.82982825, 46.82982825, 46.79415962, 46.79415962,
  46.79415962, 46.77862602, 46.77862602, 46.77862602, 46.77862602,
  46.77862602]
fitNessMin
[ 46.69256211, 46.67334306, 46.65848503, 46.65848503, 46.59638882,
  46.64869092, 46.64796141, 46.63591634, 46.63591634, 46.64085102,
  46.64085102, 46.62933182, 46.62933182, 46.64606306, 46.62041415,
  46.62041415, 46.64203813, 46.64203813, 46.64203813, 46.64023511,
  46.64132602, 46.64574791, 46.64574791, 46.66147143, 46.65721836,
  46.62976952, 46.61773533, 46.62244289, 46.63622818, 46.61800254,
  46.60611119, 46.60611119, 46.59498009, 46.59888431, 46.59888431,
  46.59888431]


 Genetic fixed size Simulated Annealing
logR
[-2.19722458,-1.5040774 ,-1.09861229,-0.81093022,-0.58778666,-0.40546511,
 -0.25131443,-0.11778304, 0.        ]
IndexZero
10
Tq
[-21.05123651,-19.28257952,-17.5141655 ,-15.7462526 ,-13.97939108,
 -12.21480064,-10.45538725, -8.70909   , -7.00279054, -5.42700432,
  -3.3142994 ,  0.        ,  3.36054262,  6.64406986,  9.87759971,
  13.07431211, 16.24102832, 19.38178487, 22.4993831 , 25.59614251,
  28.67423807]
Dq
[ 1.91374877, 1.92825795, 1.94601839, 1.96828158, 1.99705587, 2.03580011,
  2.09107745, 2.1772725 , 2.33426351, 2.71350216, 3.3142994 , 3.40983941,
  3.36054262, 3.32203493, 3.29253324, 3.26857803, 3.24820566, 3.23029748,
  3.21419759, 3.19951781, 3.18602645]
lnMrq
[[  9.00399538e+01,  8.81743982e+01,  8.74518253e+01,  8.63784521e+01,
    8.54349878e+01,  8.46277662e+01,  8.35629896e+01,  6.95806388e+01,
    0.00000000e+00],
 [  8.15233325e+01,  7.96579685e+01,  7.89352176e+01,  7.78618172e+01,
    7.69184946e+01,  7.61111406e+01,  7.50462997e+01,  6.21620579e+01,
    0.00000000e+00],
 [  7.30072989e+01,  7.11423264e+01,  7.04192130e+01,  6.93457592e+01,
    6.84027191e+01,  6.75950956e+01,  6.65301302e+01,  5.47434770e+01,
    0.00000000e+00],
 [  6.44924752e+01,  6.26283110e+01,  6.19044527e+01,  6.08308952e+01,
    5.98884174e+01,  5.90802399e+01,  5.80150387e+01,  4.73248961e+01,
    0.00000000e+00],
 [  5.59801847e+01,  5.41177148e+01,  5.33923043e+01,  5.23185501e+01,
    5.13771882e+01,  5.05678551e+01,  4.95022303e+01,  3.99063152e+01,
    0.00000000e+00],
 [  4.74733574e+01,  4.56145156e+01,  4.48857955e+01,  4.38116859e+01,
    4.28725278e+01,  4.20607255e+01,  4.09944286e+01,  3.24877343e+01,
    0.00000000e+00],
 [  3.89789684e+01,  3.71281221e+01,  3.63920551e+01,  3.53173671e+01,
    3.43825061e+01,  3.35652244e+01,  3.24982370e+01,  2.50691534e+01,
    0.00000000e+00],
 [  3.05159110e+01,  2.86834761e+01,  2.79297231e+01,  2.68542918e+01,
    2.59274407e+01,  2.50972937e+01,  2.40312877e+01,  1.76505725e+01,
    0.00000000e+00],
 [  2.21453771e+01,  2.03612398e+01,  1.95572019e+01,  1.84808213e+01,
    1.75658817e+01,  1.67033392e+01,  1.56461487e+01,  1.02320276e+01,
    0.00000000e+00],
 [  1.40744824e+01,  1.24722005e+01,  1.15171899e+01,  1.04316051e+01,
    9.50774661e+00,  8.55981092e+00,  7.51678566e+00,  2.87167996e+00,
    0.00000000e+00],
 [  6.69482193e+00,  5.70794048e+00,  4.78849124e+00,  3.83146350e+00,
    2.87751164e+00,  1.85159947e+00,  8.19779831e-01,  9.95033085e-03,
    0.00000000e+00],
 [  0.00000000e+00,  0.00000000e+00,  0.00000000e+00,  0.00000000e+00,
    0.00000000e+00,  0.00000000e+00,  0.00000000e+00,  0.00000000e+00,
    0.00000000e+00],
 [ -6.38767041e+00, -5.25612921e+00, -3.95642093e+00, -2.67737491e+00,
   -1.37637486e+00, -3.40991525e-01, -1.03272922e-02, -1.19928719e-05,
    0.00000000e+00],
 [ -1.26603125e+01, -1.02958473e+01, -7.60721430e+00, -5.00719913e+00,
   -2.43156633e+00, -5.42629153e-01, -1.55248602e-02, -1.79893618e-05,
    0.00000000e+00],
 [ -1.88771186e+01, -1.51944353e+01, -1.10896843e+01, -7.14794380e+00,
   -3.34859450e+00, -7.14858753e-01, -2.06105164e-02, -2.39786961e-05,
    0.00000000e+00],
 [ -2.50593309e+01, -1.99852131e+01, -1.44509144e+01, -9.14189297e+00,
   -4.18269151e+00, -8.74947422e-01, -2.56503766e-02, -2.99644705e-05,
    0.00000000e+00],
 [ -3.12168131e+01, -2.46865162e+01, -1.77101945e+01, -1.10046787e+01,
   -4.95771653e+00, -1.02700851e+00, -3.06463482e-02, -3.59466893e-05,
    0.00000000e+00],
 [ -3.73549652e+01, -2.93098906e+01, -2.08764564e+01, -1.27488326e+01,
   -5.68545346e+00, -1.17249399e+00, -3.55990779e-02, -4.19253544e-05,
    0.00000000e+00],
 [ -4.34770164e+01, -3.38635121e+01, -2.39554656e+01, -1.43913996e+01,
   -6.37207908e+00, -1.31218605e+00, -4.05091750e-02, -4.79004681e-05,
    0.00000000e+00],
 [ -4.95849873e+01, -3.83539080e+01, -2.69536326e+01, -1.59534370e+01,
   -7.02113662e+00, -1.44665007e+00, -4.53772391e-02, -5.38720323e-05,
    0.00000000e+00],
 [ -5.56801643e+01, -4.27868796e+01, -2.98796878e+01, -1.74560397e+01,
   -7.63516854e+00, -1.57635130e+00, -5.02038616e-02, -5.98400493e-05,
    0.00000000e+00]]

