BCAlgorithm
logR
[-2.07944154,-1.38629436,-0.98082925,-0.69314718,-0.47000363,-0.28768207,
 -0.13353139, 0.        ]
IndexZero
10
Tq
[ -4.94709945e+01, -4.49341107e+01, -4.03974327e+01, -3.58611688e+01,
  -3.13257404e+01, -2.67920064e+01, -2.22617396e+01, -1.77386894e+01,
  -1.32312030e+01, -8.76012577e+00, -4.36846628e+00,  9.36981075e-17,
   2.60027127e+00,  4.14636563e+00,  5.56351503e+00,  6.96390439e+00,
   8.36012061e+00,  9.75488207e+00,  1.11490483e+01,  1.25429525e+01,
   1.39367377e+01]
Dq
[ 4.49736314, 4.49341107, 4.48860363, 4.4826461 , 4.47510577, 4.4653344 ,
  4.45234792, 4.43467234, 4.41040102, 4.38006288, 4.36846628, 3.60119888,
  2.60027127, 2.07318282, 1.85450501, 1.7409761 , 1.67202412, 1.62581368,
  1.59272118, 1.56786907, 1.54852641]
lnMrq
[[  9.27478488e+01,  9.11962130e+01,  9.05178326e+01,  8.88477576e+01,
    8.60748716e+01,  0.00000000e+00,  0.00000000e+00,  0.00000000e+00],
 [  8.42099991e+01,  8.26584100e+01,  8.19799814e+01,  8.03098922e+01,
    7.75367170e+01,  0.00000000e+00,  0.00000000e+00,  0.00000000e+00],
 [  7.56724750e+01,  7.41209800e+01,  7.34424550e+01,  7.17723339e+01,
    6.89985962e+01,  0.00000000e+00,  0.00000000e+00,  0.00000000e+00],
 [  6.71356097e+01,  6.55843052e+01,  6.49055876e+01,  6.32353917e+01,
    6.04605770e+01,  0.00000000e+00,  0.00000000e+00,  0.00000000e+00],
 [  5.86000840e+01,  5.70491702e+01,  5.63700660e+01,  5.46996867e+01,
    5.19228624e+01,  0.00000000e+00,  0.00000000e+00,  0.00000000e+00],
 [  5.00673040e+01,  4.85172108e+01,  4.78373224e+01,  4.61664697e+01,
    4.33860607e+01,  0.00000000e+00,  0.00000000e+00,  0.00000000e+00],
 [  4.15402140e+01,  3.99919276e+01,  3.93104052e+01,  3.76382633e+01,
    3.48519874e+01,  0.00000000e+00,  0.00000000e+00,  0.00000000e+00],
 [  3.30251018e+01,  3.14811694e+01,  3.07960059e+01,  2.91201521e+01,
    2.63260111e+01,  0.00000000e+00,  0.00000000e+00,  0.00000000e+00],
 [  2.45357886e+01,  2.30040549e+01,  2.23095250e+01,  2.06223221e+01,
    1.78235576e+01,  0.00000000e+00,  0.00000000e+00,  0.00000000e+00],
 [  1.61042431e+01,  1.46142554e+01,  1.38893090e+01,  1.21647376e+01,
    9.38555347e+00,  0.00000000e+00,  0.00000000e+00,  0.00000000e+00],
 [  7.81439963e+00,  6.50428817e+00,  5.64897424e+00,  3.80666249e+00,
    1.38629436e+00,  0.00000000e+00,  0.00000000e+00,  0.00000000e+00],
 [ -2.22044605e-16,  0.00000000e+00, -2.22044605e-16, -3.33066907e-16,
    0.00000000e+00,  0.00000000e+00,  0.00000000e+00,  0.00000000e+00],
 [ -5.47529697e+00, -2.66819332e+00, -2.74300455e-01, -2.32408149e-02,
   -1.95901701e-03,  0.00000000e+00,  0.00000000e+00,  0.00000000e+00],
 [ -8.66864702e+00, -4.39392601e+00, -4.11861053e-01, -3.48669328e-02,
   -2.93915942e-03,  0.00000000e+00,  0.00000000e+00,  0.00000000e+00],
 [ -1.15949079e+01, -5.97343904e+00, -5.49150103e-01, -4.64892458e-02,
   -3.91887951e-03,  0.00000000e+00,  0.00000000e+00,  0.00000000e+00],
 [ -1.44983466e+01, -7.50900583e+00, -6.86437644e-01, -5.81115573e-02,
   -4.89859939e-03,  0.00000000e+00,  0.00000000e+00,  0.00000000e+00],
 [ -1.73987660e+01, -9.02804760e+00, -8.23725173e-01, -6.97338688e-02,
   -5.87831927e-03,  0.00000000e+00,  0.00000000e+00,  0.00000000e+00],
 [ -2.02986925e+01, -1.05401558e+01, -9.61012701e-01, -8.13561802e-02,
   -6.85803915e-03,  0.00000000e+00,  0.00000000e+00,  0.00000000e+00],
 [ -2.31985303e+01, -1.20491902e+01, -1.09830023e+00, -9.29784917e-02,
   -7.83775903e-03,  0.00000000e+00,  0.00000000e+00,  0.00000000e+00],
 [ -2.60983513e+01, -1.35568253e+01, -1.23558776e+00, -1.04600803e-01,
   -8.81747891e-03,  0.00000000e+00,  0.00000000e+00,  0.00000000e+00],
 [ -2.89981691e+01, -1.50638153e+01, -1.37287529e+00, -1.16223115e-01,
   -9.79719879e-03,  0.00000000e+00,  0.00000000e+00,  0.00000000e+00]]FSBCAlgorithm
logR
[-2.07944154,-1.38629436,-0.98082925,-0.69314718,-0.47000363,-0.28768207,
 -0.13353139, 0.        ]
IndexZero
10
Tq
[ -4.27979188e+00, -4.27991914e+00, -4.28017435e+00, -4.28068679e+00,
  -4.28171722e+00, -4.28379296e+00, -4.28798217e+00, -4.29644864e+00,
  -4.31357121e+00, -4.34767527e+00, -3.73230867e+00, -1.81991876e-17,
   3.33207309e+00,  5.72976674e+00,  7.61985426e+00,  9.26035632e+00,
   1.07707514e+01,  1.22111409e+01,  1.36120056e+01,  1.49889834e+01,
   1.63504482e+01]
Dq
[ 0.38907199, 0.42799191, 0.47557493, 0.53508585, 0.61167389, 0.71396549,
  0.85759643, 1.07411216, 1.43785707, 2.17383763, 3.73230867, 3.92922757,
  3.33207309, 2.86488337, 2.53995142, 2.31508908, 2.15415029, 2.03519015,
  1.94457222, 1.87362292, 1.81671646]
lnMrq
[[  9.28217073e+01,  9.11688511e+01,  9.05453136e+01,  8.95990168e+01,
    8.87393174e+01,  8.72918376e+01,  8.52145989e+01,  8.25639480e+01],
 [  8.42838576e+01,  8.26311139e+01,  8.20075204e+01,  8.10611829e+01,
    8.02014065e+01,  7.87538416e+01,  7.66765894e+01,  7.40258688e+01],
 [  7.57463335e+01,  7.40938184e+01,  7.34701113e+01,  7.25236918e+01,
    7.16637598e+01,  7.02160262e+01,  6.81387476e+01,  6.54878836e+01],
 [  6.72094678e+01,  6.55574206e+01,  6.49334814e+01,  6.39868969e+01,
    6.31266494e+01,  6.16785828e+01,  5.96012515e+01,  5.69500896e+01],
 [  5.86739410e+01,  5.70228632e+01,  5.63984450e+01,  5.54515278e+01,
    5.45906348e+01,  5.31419148e+01,  5.10644798e+01,  4.84126909e+01],
 [  5.01411583e+01,  4.84921261e+01,  4.78667045e+01,  4.69191159e+01,
    4.60568854e+01,  4.46068945e+01,  4.25292556e+01,  3.98761288e+01],
 [  4.16140657e+01,  3.99694716e+01,  3.93419035e+01,  3.83929633e+01,
    3.75279016e+01,  3.60754663e+01,  3.39974280e+01,  3.13414174e+01],
 [  3.30989744e+01,  3.14644359e+01,  3.08321391e+01,  2.98805074e+01,
    2.90092267e+01,  2.75521408e+01,  2.54733134e+01,  2.28111237e+01],
 [  2.46098438e+01,  2.29997381e+01,  2.23566154e+01,  2.13997803e+01,
    2.05138802e+01,  1.90478902e+01,  1.69674321e+01,  1.42927211e+01],
 [  1.61791759e+01,  1.46362118e+01,  1.39673225e+01,  1.30010463e+01,
    1.20757941e+01,  1.05910819e+01,  8.50690454e+00,  5.81511444e+00],
 [  7.89037534e+00,  6.58816489e+00,  5.86788653e+00,  4.88525073e+00,
    3.83342184e+00,  2.36590188e+00,  7.82098834e-01,  7.75085403e-02],
 [  0.00000000e+00,  0.00000000e+00,  0.00000000e+00,  0.00000000e+00,
   -2.22044605e-16,  0.00000000e+00,  0.00000000e+00,  0.00000000e+00],
 [ -6.73299516e+00, -3.64819595e+00, -1.59972995e+00, -4.25784797e-01,
   -8.05947409e-02, -1.21008276e-02, -1.32733217e-03, -8.58085574e-05],
 [ -1.17335913e+01, -6.04490348e+00, -2.41989425e+00, -6.28424834e-01,
   -1.19274985e-01, -1.80691266e-02, -1.98782078e-03, -1.28666504e-04],
 [ -1.56760409e+01, -7.94149131e+00, -3.04955507e+00, -7.94549178e-01,
   -1.52320358e-01, -2.33512507e-02, -2.60686454e-03, -1.71047354e-04],
 [ -1.91169307e+01, -9.55434337e+00, -3.58078912e+00, -9.41253856e-01,
   -1.82285891e-01, -2.82723271e-02, -3.20429969e-03, -2.13174592e-04],
 [ -2.23074644e+01, -1.09997526e+01, -4.04868407e+00, -1.07482738e+00,
   -2.10106669e-01, -3.29482397e-02, -3.78463916e-03, -2.55056745e-04],
 [ -2.53704390e+01, -1.23434956e+01, -4.47150584e+00, -1.19854812e+00,
   -2.36280648e-01, -3.74381038e-02, -4.35016957e-03, -2.96698185e-04],
 [ -2.83661671e+01, -1.36224886e+01, -4.86026471e+00, -1.31442043e+00,
   -2.61123441e-01, -4.17778560e-02, -4.90253153e-03, -3.38103070e-04],
 [ -3.13242528e+01, -1.48579712e+01, -5.22219272e+00, -1.42379415e+00,
   -2.84855192e-01, -4.59917189e-02, -5.44304072e-03, -3.79275450e-04],
 [ -3.42597281e+01, -1.60626659e+01, -5.56232738e+00, -1.52764064e+00,
   -3.07638687e-01, -5.00971602e-02, -5.97279407e-03, -4.20219273e-04]]

\SBAlgorithm
logR
[-1.94591015,-1.25276297,-0.84729786,-0.55961579,-0.33647224,-0.15415068,
  0.        ]
IndexZero
10
Tq
[-42.85780464,-39.09646886,-35.3350049 ,-31.57239705,-27.8053493 ,
 -24.02376229,-20.1993289 ,-16.29184526,-12.31975585, -8.30542052,
  -4.06443541,  0.        ,  3.32786736,  5.94739756,  8.07963819,
   9.93702165, 11.64562068, 13.27295138, 14.8540833 , 16.40748517,
  17.94326152]
Dq
[ 3.89616406, 3.90964689, 3.92611166, 3.94654963, 3.97219276, 4.00396038,
  4.03986578, 4.07296131, 4.10658528, 4.15271026, 4.06443541, 3.71171051,
  3.32786736, 2.97369878, 2.69321273, 2.48425541, 2.32912414, 2.21215856,
  2.1220119 , 2.05093565, 1.99369572]
lnMrq
[[ -9.10908804,-16.34759031,-22.3424173 ,-28.04344594,-55.284789  ,
  -83.99091737,-93.89890298],
 [ -8.41164765,-15.23471578,-20.91198015,-26.21565244,-50.97042978,
  -77.05962248,-85.36502595],
 [ -7.71195312,-14.11634934,-19.47142182,-24.38572296,-46.65407061,
  -70.11895339,-76.83022536],
 [ -7.00876676,-12.99008406,-18.01739   ,-22.55264785,-42.33503944,
  -63.1588584 ,-68.2947394 ],
 [ -6.30011394,-11.85221872,-16.54510328,-20.71469562,-38.01242792,
  -56.15551344,-59.75874344],
 [ -5.58278003,-10.69684711,-15.04747427,-18.868663  ,-33.6849362 ,
  -49.04736708,-51.22236649],
 [ -4.85138531, -9.51407362,-13.51341829,-17.00807016,-29.35027986,
  -41.67619497,-42.6857035 ],
 [ -4.0965701 , -8.28613294,-11.92414178,-15.11836109,-25.00152173,
  -33.8137727 ,-34.14882442],
 [ -3.3010911 , -6.9773183 ,-10.24276421,-13.16257115,-20.59297556,
  -25.51558415,-25.61178091],
 [ -2.43019491, -5.49824986, -8.36636591,-11.02232873,-15.692194  ,
  -17.04414433,-17.07461125],
 [ -1.40307792, -3.52313298, -5.66304411, -7.50886548, -8.41692905,
   -8.52766658, -8.53734387],
 [  0.        ,  0.        ,  0.        ,  0.        ,  0.        ,
    0.        ,  0.        ],
 [  2.28718257,  5.3388818 ,  7.29992002,  8.23879549,  8.48670287,
    8.53090477,  8.53740441],
 [  5.82846222, 11.51431526, 14.98986705, 16.56399218, 16.98461778,
   17.06301984, 17.07485732],
 [ 10.2984086 , 18.12300547, 22.85825261, 24.92552274, 25.48759672,
   25.59573033, 25.6123496 ],
 [ 15.27685803, 25.01077844, 30.83358677, 33.30839873, 33.99379795,
   34.1288049 , 34.14987422],
 [ 20.51624977, 32.08129423, 38.88033296, 41.70589398, 42.50234669,
   42.66213606, 42.68742577],
 [ 25.8899177 , 39.26948808, 46.97811041, 50.11434053, 51.01272778,
   51.19566447, 51.22500004],
 [ 31.33552126, 46.53384278, 55.11425117, 58.53147145, 59.52459973,
   59.72935292, 59.76259371],
 [ 36.8219336 , 53.84875966, 63.28040275, 66.95575856, 68.03771907,
   68.26317591, 68.30020413],
 [ 42.33295004, 61.19846604, 71.47078668, 75.38610457, 76.55190357,
   76.79711484, 76.83782919]]


 SandBox Genetic
logR
[-2.07944154,-1.38629436,-0.98082925,-0.69314718,-0.47000363,-0.28768207,
 -0.13353139, 0.        ]
IndexZero
10
Tq
[-24.89433622,-22.72519334,-20.55686253,-18.38803023,-16.21354685,
 -14.01813614,-11.77775587, -9.49021942, -7.17157764, -4.78440796,
  -2.34653133,  0.        ,  1.96196019,  2.56872264,  2.66050896,
   2.69250287,  2.71107607,  2.72327704,  2.73121539,  2.73604877,
   2.738605  ]
Dq
[ 2.26312147, 2.27251933, 2.28409584, 2.29850378, 2.31622098, 2.33635602,
  2.35555117, 2.37255486, 2.39052588, 2.39220398, 2.34653133, 2.25709101,
  1.96196019, 1.28436132, 0.88683632, 0.67312572, 0.54221521, 0.45387951,
  0.39017363, 0.3420061 , 0.30428944]
lnMrq
[[-47.54038084,-49.77472679,-52.40227151,-55.28615232,-69.71575778,
  -86.23204352,-94.05611251,-94.06917074],
 [-43.23685386,-45.4150035 ,-48.01786566,-50.83067882,-64.03420018,
  -79.07688182,-85.5064469 ,-85.51742958],
 [-38.9315595 ,-41.04754148,-43.62571156,-46.37240654,-58.34505552,
  -71.91383213,-76.95648805,-76.96568808],
 [-34.62422602,-36.67036954,-39.22345359,-41.91040202,-52.64662712,
  -64.72962374,-68.40629081,-68.41394625],
 [-30.31451102,-32.28069584,-34.80746588,-37.44297616,-46.93689454,
  -57.48086484,-59.85589938,-59.86220408],
 [-26.00197481,-27.87440906,-30.3718342 ,-32.96678513,-41.21320082,
  -50.0463648 ,-51.30534944,-51.31046158],
 [-21.68603967,-23.44515301,-25.9061895 ,-28.4745094 ,-35.47050871,
  -42.23617886,-42.75466974,-42.75871876],
 [-17.36592467,-18.9824691 ,-21.39048892,-23.94800255,-29.68733995,
  -34.02330651,-34.20388354,-34.20697563],
 [-13.0405359 ,-14.46770577,-16.77973837,-19.33152428,-23.68985477,
  -25.58976009,-25.65300964,-25.65523218],
 [ -8.70826836, -9.86427417,-11.94778962,-14.35469323,-16.6554521 ,
  -17.07798915,-17.10206324,-17.10348842],
 [ -4.36647385, -5.0949722 , -6.51676852, -7.90961652, -8.46237246,
   -8.54257939, -8.55105669, -8.55174436],
 [  0.        ,  0.        ,  0.        ,  0.        ,  0.        ,
    0.        ,  0.        ,  0.        ],
 [  4.92842077,  5.7790249 ,  7.34248486,  8.25366944,  8.50106751,
    8.54498004,  8.55109866,  8.55174465],
 [ 12.65981447, 12.97741955, 15.07624571, 16.59071349, 17.01252746,
   17.09092217, 17.10223264, 17.1034896 ],
 [ 21.191198  , 21.24751905, 23.02691106, 24.96445046, 25.52904839,
   25.63735079, 25.6533965 , 25.65523483],
 [ 29.74262324, 29.754253  , 31.1241323 , 33.36007181, 34.04879113,
   34.18408518, 34.20458578, 34.20698035],
 [ 38.29438855, 38.29731449, 39.33043146, 41.77088997, 42.57086125,
   42.73104333, 42.75579681, 42.75872614],
 [ 46.84616016, 46.84704512, 47.62111381, 50.19324781, 51.09473775,
   51.27818045, 51.30702656, 51.3104722 ],
 [ 55.39793191, 55.39827989, 55.97732034, 58.62488328, 59.62008091,
   59.82546796, 59.85827253, 59.86221854],
 [ 63.94970366, 63.94990614, 64.38373126, 67.06426782, 68.14665175,
   68.37288552, 68.40953264, 68.41396514],
 [ 72.50147542, 72.50164414, 72.82794072, 75.51029762, 76.67427297,
   76.92041756, 76.96080516, 76.96571201]]
fitNessAverage
[ 1.74016168, 1.73763404, 1.73610305, 1.73326687, 1.73286024, 1.7314466 ,
  1.73126123, 1.73142545, 1.73126278, 1.73203738, 1.73314135, 1.73110265,
  1.72931901, 1.72757282, 1.72777546, 1.72730532, 1.72887772, 1.72708255,
  1.72761031, 1.72668565, 1.72824215, 1.72716055]
fitNessMax
[ 1.79521934, 1.79521934, 1.79521934, 1.79521934, 1.79521934, 1.78774589,
  1.78774589, 1.78774589, 1.78774589, 1.78774589, 1.77635689, 1.77124063,
  1.77124063, 1.77078237, 1.76912852, 1.76427314, 1.76489782, 1.76489782,
  1.76427314, 1.76019762, 1.76019762, 1.75707639]
fitNessMin
[ 1.70848337, 1.67744997, 1.67744997, 1.6875267 , 1.67961441, 1.67961441,
  1.67832823, 1.67961441, 1.64618901, 1.68319175, 1.67955291, 1.68248469,
  1.68248469, 1.68422033, 1.68422033, 1.68422033, 1.67439568, 1.67439568,
  1.67439568, 1.68261132, 1.69333979, 1.6936543 ]


 SandBox Simulated Annealing
logR
[-1.94591015,-1.25276297,-0.84729786,-0.55961579,-0.33647224,-0.15415068,
  0.        ]
IndexZero
10
Tq
[-22.96227103,-21.09341455,-19.22266292,-17.34629582,-15.4528316 ,
 -13.51396139,-11.49587171, -9.40362962, -7.25048258, -4.95269561,
  -2.48015   ,  0.        ,  2.10723532,  2.745642  ,  2.82195852,
   2.83645039,  2.83999206,  2.83973259,  2.8372692 ,  2.83325581,
   2.82811682]
Dq
[ 2.08747918, 2.10934145, 2.13585144, 2.16828698, 2.20754737, 2.2523269 ,
  2.29917434, 2.35090741, 2.41682753, 2.4763478 , 2.48015   , 2.41073034,
  2.10723532, 1.372821  , 0.94065284, 0.7091126 , 0.56799841, 0.47328876,
  0.40532417, 0.35415698, 0.3142352 ]
lnMrq
[[-47.56489813,-49.79658088,-52.35254554,-55.24413342,-70.06646294,
  -86.60206629,-94.05722317],
 [-43.26004401,-45.43791613,-47.96527116,-50.79675153,-64.37668439,
  -79.43967718,-85.50723892],
 [-38.95334399,-41.07171355,-43.57024212,-46.3421381 ,-58.67694715,
  -72.26476624,-76.95703811],
 [-34.64451154,-36.69610574,-39.16523734,-41.8785371 ,-52.96458529,
  -65.0585999 ,-68.40665958],
 [-30.33318448,-32.30842673,-34.74684625,-37.40330062,-47.23606445,
  -57.76411483,-59.85613476],
 [-26.01889633,-27.90469407,-30.3095413 ,-32.91209801,-41.48626037,
  -50.24146158,-51.30548909],
 [-21.70103247,-23.47861903,-25.84372747,-28.39702717,-35.70578556,
  -42.3244951 ,-42.75474322],
 [-17.37876048,-19.01956973,-21.33103701,-23.84125697,-29.86405848,
  -34.04853879,-34.2039139 ],
 [-13.05091309,-14.50802016,-16.73022558,-19.19781608,-23.76891998,
  -25.59452229,-25.65301477],
 [ -8.71577614, -9.90469077,-11.92236296,-14.23855881,-16.65279339,
  -17.07826183,-17.10205695],
 [ -4.37052343, -5.125616  , -6.52494013, -7.892738  , -8.4595066 ,
   -8.54235343, -8.55104955],
 [  0.        ,  0.        ,  0.        ,  0.        ,  0.        ,
    0.        ,  0.        ],
 [  4.91702396,  5.8155261 ,  7.37832131,  8.26231931,  8.50140921,
    8.54474154,  8.55108556],
 [ 12.62470198, 12.97987888, 15.13915322, 16.60810777, 17.01387658,
   17.09054201, 17.10220209],
 [ 21.15492709, 21.21896503, 23.10377078, 24.98960048, 25.53150266,
   25.63691478, 25.6533454 ],
 [ 29.70632431, 29.71925137, 31.20388042, 33.39216968, 34.05235575,
   34.18365361, 34.20451203],
 [ 38.25809302, 38.26123053, 39.40462012, 41.80927129, 42.57552314,
   42.73065598, 42.75569908],
 [ 46.80986929, 46.81077247, 47.68412709, 50.23733451, 51.10047732,
   51.27786295, 51.30690412],
 [ 55.36164576, 55.36197098, 56.02634516, 58.67415449, 59.62687551,
   59.82523657, 59.85812513],
 [ 63.91342225, 63.91358937, 64.41826799, 67.11824727, 68.15447759,
   68.3727504 , 68.40936037],
 [ 72.46519874, 72.46532546, 72.849025  , 75.56854846, 76.68310632,
   76.92038494, 76.9606084 ]]


 BoxCounting Genetic
logR
[-2.07944154,-1.38629436,-0.98082925,-0.69314718,-0.47000363,-0.28768207,
 -0.13353139, 0.        ]
IndexZero
10
Tq
[ -4.33631649e+00, -4.33647182e+00, -4.33678381e+00, -4.33741179e+00,
  -4.33867985e+00, -4.34125283e+00, -4.34651303e+00, -4.35739958e+00,
  -4.38043155e+00, -4.43042802e+00, -3.73336395e+00,  3.14470693e-17,
   3.34246369e+00,  5.78652389e+00,  7.79495718e+00,  9.61306352e+00,
   1.13266545e+01,  1.29748091e+01,  1.45816698e+01,  1.61631484e+01,
   1.77292058e+01]
Dq
[ 0.39421059, 0.43364718, 0.48186487, 0.54217647, 0.61981141, 0.72354214,
  0.86930261, 1.08934989, 1.46014385, 2.21521401, 3.73336395, 3.93356573,
  3.34246369, 2.89326195, 2.59831906, 2.40326588, 2.2653309 , 2.16246819,
  2.08309569, 2.02039355, 1.96991176]
lnMrq
[[  9.28133129e+01,  9.11721708e+01,  9.05497932e+01,  8.96053782e+01,
    8.87109519e+01,  8.72840242e+01,  8.53917840e+01,  8.21628402e+01],
 [  8.42754701e+01,  8.26344361e+01,  8.20120054e+01,  8.10675475e+01,
    8.01730329e+01,  7.87460559e+01,  7.68537318e+01,  7.36246686e+01],
 [  7.57379596e+01,  7.40971453e+01,  7.34746067e+01,  7.25300628e+01,
    7.16353703e+01,  7.02082958e+01,  6.83158025e+01,  6.50864970e+01],
 [  6.72011211e+01,  6.55607568e+01,  6.49379970e+01,  6.39932810e+01,
    6.30982277e+01,  6.16709627e+01,  5.97781258e+01,  5.65483254e+01],
 [  5.86656486e+01,  5.70262166e+01,  5.64029985e+01,  5.54579388e+01,
    5.45621487e+01,  5.31345147e+01,  5.12409754e+01,  4.80101538e+01],
 [  5.01329736e+01,  4.84955106e+01,  4.78713264e+01,  4.69255823e+01,
    4.60282710e+01,  4.45999325e+01,  4.27049420e+01,  3.94719822e+01],
 [  4.16060931e+01,  3.99729095e+01,  3.93466412e+01,  3.83995427e+01,
    3.74990353e+01,  3.60693755e+01,  3.41713395e+01,  3.09338106e+01],
 [  3.30914121e+01,  3.14679572e+01,  3.08370485e+01,  2.98873064e+01,
    2.89798821e+01,  2.75477816e+01,  2.56432080e+01,  2.23956390e+01],
 [  2.46030476e+01,  2.30033668e+01,  2.23617099e+01,  2.14069229e+01,
    2.04836994e+01,  1.90470085e+01,  1.71279073e+01,  1.38574683e+01],
 [  1.61737134e+01,  1.46398933e+01,  1.39724159e+01,  1.30081142e+01,
    1.20444432e+01,  1.05975954e+01,  8.64420821e+00,  5.32418006e+00],
 [  7.88701330e+00,  6.59193433e+00,  5.87234312e+00,  4.88537437e+00,
    3.80310060e+00,  2.38600670e+00,  8.19779831e-01,  3.92207132e-02],
 [ -1.11022302e-16,  0.00000000e+00,  0.00000000e+00, -1.11022302e-16,
   -1.11022302e-16,  0.00000000e+00,  0.00000000e+00,  0.00000000e+00],
 [ -6.72953807e+00, -3.71568006e+00, -1.57616604e+00, -4.23349584e-01,
   -7.77907815e-02, -8.14738734e-03, -6.84974613e-04, -1.56641288e-05],
 [ -1.17765157e+01, -6.27498397e+00, -2.37317648e+00, -6.24830684e-01,
   -1.15321671e-01, -1.21737440e-02, -1.02694125e-03, -2.34951349e-05],
 [ -1.58949219e+01, -8.45188301e+00, -2.99428215e+00, -7.84052466e-01,
   -1.48133533e-01, -1.61466199e-02, -1.36829885e-03, -3.13223687e-05],
 [ -1.96161358e+01, -1.04457734e+01, -3.53141585e+00, -9.21045565e-01,
   -1.78237901e-01, -2.00782557e-02, -1.70917972e-03, -3.91473643e-05],
 [ -2.31192034e+01, -1.23407847e+01, -4.01684618e+00, -1.04374739e+00,
   -2.06305569e-01, -2.39697598e-02, -2.04958482e-03, -4.69701226e-05],
 [ -2.64843616e+01, -1.41777506e+01, -4.46606555e+00, -1.15628232e+00,
   -2.32708918e-01, -2.78220312e-02, -2.38951503e-03, -5.47906443e-05],
 [ -2.97632345e+01, -1.59777799e+01, -4.88813157e+00, -1.26112212e+00,
   -2.57704535e-01, -3.16359387e-02, -2.72897121e-03, -6.26089301e-05],
 [ -3.29909472e+01, -1.77524602e+01, -5.28909319e+00, -1.35989180e+00,
   -2.81486878e-01, -3.54123265e-02, -3.06795426e-03, -7.04249808e-05],
 [ -3.61896252e+01, -1.95085782e+01, -5.67331591e+00, -1.45372886e+00,
   -3.04210408e-01, -3.91520148e-02, -3.40646503e-03, -7.82387970e-05]]
fitNessAverage
[ 1.51077195, 1.51220326, 1.51414712, 1.51457236, 1.51589626, 1.51626607,
  1.51595539, 1.51392111, 1.51359803, 1.51214058, 1.51096252, 1.51006493,
  1.50663314, 1.506718  , 1.5051428 , 1.50427257, 1.50488231, 1.50406401,
  1.50425915, 1.50229794, 1.50539585, 1.50702251, 1.50659514, 1.50721543,
  1.5070514 , 1.50694583, 1.50722721, 1.50776367, 1.5064    , 1.50588843,
  1.50469926, 1.50482387, 1.50490915, 1.50420492, 1.50421613, 1.50432968,
  1.50319129, 1.50407765, 1.50426612, 1.50340222, 1.50293305, 1.50302033,
  1.50591671]
fitNessMax
[ 1.53142496, 1.54341087, 1.5575364 , 1.5575364 , 1.55685066, 1.55685066,
  1.55710052, 1.55559349, 1.55193248, 1.54088666, 1.54681293, 1.54675216,
  1.54457543, 1.54457543, 1.54457543, 1.54955212, 1.54955212, 1.54147651,
  1.54147651, 1.54790475, 1.54790475, 1.56069668, 1.544306  , 1.54870789,
  1.544306  , 1.54637493, 1.55576129, 1.54637493, 1.53946073, 1.54625705,
  1.53946073, 1.55424294, 1.55424294, 1.53530612, 1.53403307, 1.54394803,
  1.54590668, 1.54590668, 1.54590668, 1.54590668, 1.54590668, 1.54590668,
  1.55922469]
fitNessMin
[ 1.47122453, 1.47122453, 1.47122453, 1.47122453, 1.47122453, 1.46316015,
  1.47490586, 1.47607543, 1.47607543, 1.47074731, 1.47607543, 1.46881333,
  1.45628968, 1.44929567, 1.44013174, 1.46954234, 1.46165413, 1.46165413,
  1.44865912, 1.44865912, 1.46165413, 1.46165413, 1.46165413, 1.44189597,
  1.46165413, 1.4610985 , 1.46165413, 1.46165413, 1.46434743, 1.46409734,
  1.46409734, 1.46409734, 1.46288487, 1.46409734, 1.46409734, 1.46409734,
  1.44826252, 1.44826252, 1.44826252, 1.44826252, 1.44826252, 1.44826252,
  1.46466948]


 BoxCounting Simulated Annealing
logR
[-2.07944154,-1.38629436,-0.98082925,-0.69314718,-0.47000363,-0.28768207,
 -0.13353139, 0.        ]
IndexZero
10
Tq
[ -4.33631649e+00, -4.33647182e+00, -4.33678381e+00, -4.33741179e+00,
  -4.33867985e+00, -4.34125283e+00, -4.34651303e+00, -4.35739958e+00,
  -4.38043155e+00, -4.43042802e+00, -3.73336395e+00,  3.14470693e-17,
   3.34246369e+00,  5.78652389e+00,  7.79495718e+00,  9.61306352e+00,
   1.13266545e+01,  1.29748091e+01,  1.45816698e+01,  1.61631484e+01,
   1.77292058e+01]
Dq
[ 0.39421059, 0.43364718, 0.48186487, 0.54217647, 0.61981141, 0.72354214,
  0.86930261, 1.08934989, 1.46014385, 2.21521401, 3.73336395, 3.93356573,
  3.34246369, 2.89326195, 2.59831906, 2.40326588, 2.2653309 , 2.16246819,
  2.08309569, 2.02039355, 1.96991176]
lnMrq
[[  9.28133129e+01,  9.11721708e+01,  9.05497932e+01,  8.96053782e+01,
    8.87109519e+01,  8.72840242e+01,  8.53917840e+01,  8.21628402e+01],
 [  8.42754701e+01,  8.26344361e+01,  8.20120054e+01,  8.10675475e+01,
    8.01730329e+01,  7.87460559e+01,  7.68537318e+01,  7.36246686e+01],
 [  7.57379596e+01,  7.40971453e+01,  7.34746067e+01,  7.25300628e+01,
    7.16353703e+01,  7.02082958e+01,  6.83158025e+01,  6.50864970e+01],
 [  6.72011211e+01,  6.55607568e+01,  6.49379970e+01,  6.39932810e+01,
    6.30982277e+01,  6.16709627e+01,  5.97781258e+01,  5.65483254e+01],
 [  5.86656486e+01,  5.70262166e+01,  5.64029985e+01,  5.54579388e+01,
    5.45621487e+01,  5.31345147e+01,  5.12409754e+01,  4.80101538e+01],
 [  5.01329736e+01,  4.84955106e+01,  4.78713264e+01,  4.69255823e+01,
    4.60282710e+01,  4.45999325e+01,  4.27049420e+01,  3.94719822e+01],
 [  4.16060931e+01,  3.99729095e+01,  3.93466412e+01,  3.83995427e+01,
    3.74990353e+01,  3.60693755e+01,  3.41713395e+01,  3.09338106e+01],
 [  3.30914121e+01,  3.14679572e+01,  3.08370485e+01,  2.98873064e+01,
    2.89798821e+01,  2.75477816e+01,  2.56432080e+01,  2.23956390e+01],
 [  2.46030476e+01,  2.30033668e+01,  2.23617099e+01,  2.14069229e+01,
    2.04836994e+01,  1.90470085e+01,  1.71279073e+01,  1.38574683e+01],
 [  1.61737134e+01,  1.46398933e+01,  1.39724159e+01,  1.30081142e+01,
    1.20444432e+01,  1.05975954e+01,  8.64420821e+00,  5.32418006e+00],
 [  7.88701330e+00,  6.59193433e+00,  5.87234312e+00,  4.88537437e+00,
    3.80310060e+00,  2.38600670e+00,  8.19779831e-01,  3.92207132e-02],
 [ -1.11022302e-16,  0.00000000e+00,  0.00000000e+00, -1.11022302e-16,
   -1.11022302e-16,  0.00000000e+00,  0.00000000e+00,  0.00000000e+00],
 [ -6.72953807e+00, -3.71568006e+00, -1.57616604e+00, -4.23349584e-01,
   -7.77907815e-02, -8.14738734e-03, -6.84974613e-04, -1.56641288e-05],
 [ -1.17765157e+01, -6.27498397e+00, -2.37317648e+00, -6.24830684e-01,
   -1.15321671e-01, -1.21737440e-02, -1.02694125e-03, -2.34951349e-05],
 [ -1.58949219e+01, -8.45188301e+00, -2.99428215e+00, -7.84052466e-01,
   -1.48133533e-01, -1.61466199e-02, -1.36829885e-03, -3.13223687e-05],
 [ -1.96161358e+01, -1.04457734e+01, -3.53141585e+00, -9.21045565e-01,
   -1.78237901e-01, -2.00782557e-02, -1.70917972e-03, -3.91473643e-05],
 [ -2.31192034e+01, -1.23407847e+01, -4.01684618e+00, -1.04374739e+00,
   -2.06305569e-01, -2.39697598e-02, -2.04958482e-03, -4.69701226e-05],
 [ -2.64843616e+01, -1.41777506e+01, -4.46606555e+00, -1.15628232e+00,
   -2.32708918e-01, -2.78220312e-02, -2.38951503e-03, -5.47906443e-05],
 [ -2.97632345e+01, -1.59777799e+01, -4.88813157e+00, -1.26112212e+00,
   -2.57704535e-01, -3.16359387e-02, -2.72897121e-03, -6.26089301e-05],
 [ -3.29909472e+01, -1.77524602e+01, -5.28909319e+00, -1.35989180e+00,
   -2.81486878e-01, -3.54123265e-02, -3.06795426e-03, -7.04249808e-05],
 [ -3.61896252e+01, -1.95085782e+01, -5.67331591e+00, -1.45372886e+00,
   -3.04210408e-01, -3.91520148e-02, -3.40646503e-03, -7.82387970e-05]]


Execution time

Box Counting	Box Counting Fixed	SandBox	Genetic SandBox	Simulated SandBox	Genetic BCFS	Simulated BCFS
[ 106751.32063985, 106396.43849993,  20063.28431201,  68997.02797794,
   60096.73167491,  94662.9537251 ,  57915.91078901,  72580.34619594,
   61520.79408288]
Fractal dimension
3.69702027641