BCAlgorithm
logR
[-2.07944154,-1.38629436,-0.98082925,-0.69314718,-0.47000363,-0.28768207,
 -0.13353139, 0.        ]
IndexZero
10
Tq
[ -4.23086063e+01, -3.83092081e+01, -3.43096014e+01, -3.03100465e+01,
  -2.63113061e+01, -2.23153857e+01, -1.83275409e+01, -1.43625963e+01,
  -1.04680370e+01, -6.79422931e+00, -3.46659243e+00, -1.29924513e-17,
   3.47022106e+00,  6.86855932e+00,  1.02147575e+01,  1.35208996e+01,
   1.67932345e+01,  2.00364315e+01,  2.32553581e+01,  2.64549867e+01,
   2.96396949e+01]
Dq
[ 3.84623694, 3.83092081, 3.81217793, 3.78875581, 3.75875802, 3.71923095,
  3.66550819, 3.59064908, 3.48934566, 3.39711465, 3.46659243, 3.50739735,
  3.47022106, 3.43427966, 3.40491916, 3.3802249 , 3.35864689, 3.33940525,
  3.32219402, 3.30687334, 3.29329944]
lnMrq
[[  8.98546069e+01,  8.77379526e+01,  8.65594552e+01,  8.62712010e+01,
    6.12493262e+01,  5.38169898e+01,  0.00000000e+00,  0.00000000e+00],
 [  8.13379681e+01,  7.92218506e+01,  7.80434989e+01,  7.77546705e+01,
    5.51520601e+01,  4.84352908e+01,  0.00000000e+00,  0.00000000e+00],
 [  7.28219061e+01,  7.07068802e+01,  6.95287963e+01,  6.92388146e+01,
    4.90634100e+01,  4.30535918e+01,  0.00000000e+00,  0.00000000e+00],
 [  6.43070458e+01,  6.21942558e+01,  6.10166365e+01,  6.07243327e+01,
    4.29867060e+01,  3.76718928e+01,  0.00000000e+00,  0.00000000e+00],
 [  5.57947466e+01,  5.36865817e+01,  5.25096841e+01,  5.22126762e+01,
    3.69266121e+01,  3.22901939e+01,  0.00000000e+00,  0.00000000e+00],
 [  4.72881108e+01,  4.51896327e+01,  4.40135993e+01,  4.37069187e+01,
    3.08898799e+01,  2.69084958e+01,  0.00000000e+00,  0.00000000e+00],
 [  3.87947975e+01,  3.67168961e+01,  3.55411116e+01,  3.52138121e+01,
    2.48869159e+01,  2.15268102e+01,  0.00000000e+00,  0.00000000e+00],
 [  3.03362678e+01,  2.83027016e+01,  2.71241523e+01,  2.67494070e+01,
    1.89353334e+01,  1.61453296e+01,  0.00000000e+00,  0.00000000e+00],
 [  2.19828008e+01,  2.00481891e+01,  1.88569378e+01,  1.83603078e+01,
    1.30694975e+01,  1.07671976e+01,  0.00000000e+00,  0.00000000e+00],
 [  1.39626230e+01,  1.22860966e+01,  1.10614143e+01,  1.02545640e+01,
    7.38668726e+00,  5.44607567e+00,  0.00000000e+00,  0.00000000e+00],
 [  6.65544035e+00,  5.63835467e+00,  4.65396035e+00,  3.63758616e+00,
    2.48490665e+00,  1.09861229e+00,  0.00000000e+00,  0.00000000e+00],
 [  0.00000000e+00,  0.00000000e+00,  0.00000000e+00, -2.22044605e-16,
   -1.11022302e-16,  0.00000000e+00,  0.00000000e+00,  0.00000000e+00],
 [ -6.37018646e+00, -5.18752045e+00, -3.87192960e+00, -2.41873157e+00,
   -1.28292597e+00, -1.58854405e-01,  0.00000000e+00,  0.00000000e+00],
 [ -1.26309359e+01, -1.01574430e+01, -7.42214779e+00, -4.54903337e+00,
   -2.36656114e+00, -2.47652558e-01,  0.00000000e+00,  0.00000000e+00],
 [ -1.88379509e+01, -1.49803388e+01, -1.07931565e+01, -6.57189604e+00,
   -3.39670426e+00, -3.30875007e-01,  0.00000000e+00,  0.00000000e+00],
 [ -2.50116090e+01, -1.96778406e+01, -1.40515834e+01, -8.53704836e+00,
   -4.40349598e+00, -4.13644697e-01,  0.00000000e+00,  0.00000000e+00],
 [ -3.11610864e+01, -2.42584461e+01, -1.72340537e+01, -1.04658724e+01,
   -5.39650693e+00, -4.96377598e-01,  0.00000000e+00,  0.00000000e+00],
 [ -3.72911082e+01, -2.87329531e+01, -2.03623034e+01, -1.23699188e+01,
   -6.37974095e+00, -5.79107510e-01,  0.00000000e+00,  0.00000000e+00],
 [ -4.34043034e+01, -3.31190473e+01, -2.34504844e+01, -1.42561619e+01,
   -7.35531040e+00, -6.61837179e-01,  0.00000000e+00,  0.00000000e+00],
 [ -4.95022028e+01, -3.74382009e+01, -2.65086387e+01, -1.61291403e+01,
   -8.32459214e+00, -7.44566828e-01,  0.00000000e+00,  0.00000000e+00],
 [ -5.55857260e+01, -4.17105340e+01, -2.95442728e+01, -1.79919801e+01,
   -9.28863179e+00, -8.27296476e-01,  0.00000000e+00,  0.00000000e+00]]FSBCAlgorithm
logR
[-2.19722458,-1.5040774 ,-1.09861229,-0.81093022,-0.58778666,-0.40546511,
 -0.25131443,-0.11778304, 0.        ]
IndexZero
10
Tq
[-19.35161456,-17.7573306 ,-16.16325817,-14.56962334,-12.97691197,
 -11.38621792, -9.80021621, -8.22647733, -6.69133921, -5.28828321,
  -3.31926197,  0.        ,  3.36205463,  6.64589218,  9.87875169,
  13.07426329, 16.23944915, 19.37787029, 22.49083286, 25.5781277 ,
  28.63893721]
Dq
[ 1.75923769, 1.77573306, 1.79591757, 1.82120292, 1.85384457, 1.89770299,
  1.96004324, 2.05661933, 2.2304464 , 2.6441416 , 3.31926197, 3.41191324,
  3.36205463, 3.32294609, 3.29291723, 3.26856582, 3.24788983, 3.22964505,
  3.21297612, 3.19726596, 3.18210413]
lnMrq
[[  9.00447741e+01,  8.81799244e+01,  8.74758862e+01,  8.64115467e+01,
    8.55260128e+01,  8.45576347e+01,  8.36615133e+01,  8.02522272e+01,
    0.00000000e+00],
 [  8.15281475e+01,  7.96634846e+01,  7.89593313e+01,  7.78949946e+01,
    7.70094389e+01,  7.60410428e+01,  7.51448589e+01,  7.17352126e+01,
    0.00000000e+00],
 [  7.30121034e+01,  7.11478222e+01,  7.04434334e+01,  6.93791025e+01,
    6.84935015e+01,  6.75250682e+01,  6.66287567e+01,  6.32183812e+01,
    0.00000000e+00],
 [  6.44972585e+01,  6.26337662e+01,  6.19288882e+01,  6.08645703e+01,
    5.99788733e+01,  5.90103626e+01,  5.81137874e+01,  5.47019258e+01,
    0.00000000e+00],
 [  5.59849258e+01,  5.41230897e+01,  5.34171745e+01,  5.23528854e+01,
    5.14669791e+01,  5.04983033e+01,  4.96011755e+01,  4.61862511e+01,
    0.00000000e+00],
 [  4.74780152e+01,  4.56197344e+01,  4.49115408e+01,  4.38473183e+01,
    4.29609342e+01,  4.19918949e+01,  4.10935833e+01,  3.76722258e+01,
    0.00000000e+00],
 [  3.89834639e+01,  3.71330503e+01,  3.64195273e+01,  3.53554562e+01,
    3.44679050e+01,  3.34980215e+01,  3.25970978e+01,  2.91617710e+01,
    0.00000000e+00],
 [  3.05200973e+01,  2.86879195e+01,  2.79603495e+01,  2.68965470e+01,
    2.60058243e+01,  2.50338037e+01,  2.41268714e+01,  2.06593004e+01,
    0.00000000e+00],
 [  2.21489770e+01,  2.03650746e+01,  1.95919140e+01,  1.85275281e+01,
    1.76265623e+01,  1.66482287e+01,  1.57264253e+01,  1.21754074e+01,
    0.00000000e+00],
 [  1.40769657e+01,  1.24754609e+01,  1.15474917e+01,  1.04703689e+01,
    9.52620964e+00,  8.52279569e+00,  7.55103500e+00,  3.75984268e+00,
    0.00000000e+00],
 [  6.69577976e+00,  5.70941724e+00,  4.79167382e+00,  3.83548747e+00,
    2.86256653e+00,  1.84556876e+00,  7.96921439e-01,  1.00493359e-02,
    0.00000000e+00],
 [  0.00000000e+00,  0.00000000e+00,  0.00000000e+00,  0.00000000e+00,
    0.00000000e+00,  0.00000000e+00,  0.00000000e+00,  0.00000000e+00,
    0.00000000e+00],
 [ -6.38797149e+00, -5.25490480e+00, -3.94674290e+00, -2.65908910e+00,
   -1.35881798e+00, -3.22648787e-01, -9.45779180e-03, -6.11737071e-06,
    0.00000000e+00],
 [ -1.26605892e+01, -1.02904760e+01, -7.58434050e+00, -4.96393076e+00,
   -2.39127936e+00, -5.10653696e-01, -1.42139776e-02, -9.17607010e-06,
    0.00000000e+00],
 [ -1.88772556e+01, -1.51819629e+01, -1.10521982e+01, -7.08883408e+00,
   -3.28811502e+00, -6.72379104e-01, -1.88231340e-02, -1.22321340e-05,
    0.00000000e+00],
 [ -2.50593285e+01, -1.99626798e+01, -1.44002860e+01, -9.09101184e+00,
   -4.10628911e+00, -8.23575268e-01, -2.33665612e-02, -1.52868849e-05,
    0.00000000e+00],
 [ -3.12167281e+01, -2.46505659e+01, -1.76495804e+01, -1.09954355e+01,
   -4.86995604e+00, -9.67775675e-01, -2.78499923e-02, -1.83403243e-05,
    0.00000000e+00],
 [ -3.73548756e+01, -2.92554518e+01, -2.08067789e+01, -1.28139054e+01,
   -5.59135209e+00, -1.10619248e+00, -3.22759866e-02, -2.13924531e-05,
    0.00000000e+00],
 [ -4.34770026e+01, -3.37815113e+01, -2.38691339e+01, -1.45514635e+01,
   -6.27736883e+00, -1.23946909e+00, -3.66467603e-02, -2.44432720e-05,
    0.00000000e+00],
 [ -4.95851248e+01, -3.82285751e+01, -2.68282436e+01, -1.62097301e+01,
   -6.93216119e+00, -1.36806360e+00, -4.09643748e-02, -2.74927818e-05,
    0.00000000e+00],
 [ -5.56805216e+01, -4.25938314e+01, -2.96762187e+01, -1.77895811e+01,
   -7.55835405e+00, -1.49234935e+00, -4.52307629e-02, -3.05409833e-05,
    0.00000000e+00]]

\SBAlgorithm
logR
[-2.07944154,-1.38629436,-0.98082925,-0.69314718,-0.47000363,-0.28768207,
 -0.13353139, 0.        ]
IndexZero
10
Tq
[-36.87154211,-33.50729851,-30.14355406,-26.78030524,-23.41789143,
 -20.05700221,-16.69869021,-13.34434258, -9.9955908 , -6.65417745,
  -3.32180721,  0.        ,  3.31003631,  6.6074831 ,  9.89190358,
  13.1631344 , 16.42109301, 19.66554896, 22.89593911, 26.11134841,
  29.31078886]
Dq
[ 3.35195837, 3.35072985, 3.34928378, 3.34753816, 3.34541306, 3.3428337 ,
  3.33973804, 3.33608564, 3.3318636 , 3.32708872, 3.32180721, 3.31609202,
  3.31003631, 3.30374155, 3.29730119, 3.2907836 , 3.2842186 , 3.27759149,
  3.27084844, 3.26391855, 3.25675432]
lnMrq
[[-25.76617867,-37.72867623,-51.09314803,-65.55949745,-79.06724894,
  -90.46617257,-93.63188911,-93.68909164],
 [-23.48189558,-34.4238718 ,-46.83656027,-59.94416173,-72.25412362,
  -82.40085275,-85.1203781 ,-85.1719015 ],
 [-21.18306368,-31.10345253,-42.52371578,-54.28281893,-65.38326522,
  -74.29059544,-76.60875532,-76.65471136],
 [-18.87095821,-27.76562653,-38.14234758,-48.56541799,-58.44240277,
  -66.13937007,-68.09702702,-68.13752121],
 [-16.54670316,-24.4080437 ,-33.68124216,-42.78147908,-51.42077466,
  -57.95215668,-59.58519891,-59.62033107],
 [-14.21126264,-21.02766873,-29.13224816,-36.92150475,-44.31156704,
  -49.73411237,-51.07327624,-51.10314092],
 [-11.86544603,-17.62066843,-24.49156274,-30.97853399,-37.11345765,
  -41.4900126 ,-42.56126384,-42.58595077],
 [ -9.50992074,-14.18235092,-19.75959398,-24.9491364 ,-29.83030562,
  -33.22398517,-34.04916615,-34.06876062],
 [ -7.14522816,-10.70721394,-14.93966341,-18.83336501,-22.46929818,
  -24.93945404,-25.53698726,-25.55157047],
 [ -4.77179983, -7.18917038,-10.03646543,-12.63383333,-15.03877366,
  -16.6391969 ,-17.02473098,-17.03438031],
 [ -2.38997229, -3.62199943, -5.05498582, -6.35454427, -7.5466977 ,
   -8.325447  , -8.51240081, -8.51719016],
 [  0.        ,  0.        ,  0.        ,  0.        ,  0.        ,
    0.        ,  0.        ,  0.        ],
 [  2.39793401,  3.68129491,  5.12407352,  6.42527613,  7.59550665,
    8.33569156,  8.51246843,  8.51719016],
 [  4.80370956,  7.42458702, 10.3132206 , 12.9169537 , 15.23496388,
   16.68044127, 17.02500166, 17.03438032],
 [  7.21726264, 11.23070594, 15.56394712, 19.47103302, 22.91426921,
   25.03326888, 25.53759708, 25.55157048],
 [  9.63858026, 15.09902547, 20.87355686, 26.08400737, 30.62991984,
   33.39335464, 34.05025224, 34.06876064],
 [ 12.06769665, 19.02829818, 26.24063766, 32.75306076, 38.37890657,
   41.76000503, 42.56296487, 42.5859508 ],
 [ 14.50469044, 23.01764689, 31.66571356, 39.47625589, 46.15864274,
   50.13262686, 51.07573281, 51.10314097],
 [ 16.94968253, 27.06735838, 37.15178553, 46.25262886, 53.96691224,
   58.5107079 , 59.58855407, 59.62033114],
 [ 19.40283436, 31.17904626, 42.70406544, 53.08207377, 61.80182648,
   66.89380198, 68.10142676, 68.13752131],
 [ 21.86434629, 35.35477178, 48.32798781, 59.96490118, 69.66178448,
   75.28151764, 76.61434912, 76.65471147]]


 SandBox Genetic
logR
[-2.07944154,-1.38629436,-0.98082925,-0.69314718,-0.47000363,-0.28768207,
 -0.13353139, 0.        ]
IndexZero
10
Tq
[-36.89787495,-33.52169961,-30.14909962,-26.77988298,-23.41401609,
 -20.05163976,-16.69317437,-13.33944325, -9.99169463, -6.65147613,
  -3.32041656,  0.        ,  3.3086032 ,  6.60460305,  9.88752482,
  13.15701036, 16.41251865, 19.65299732, 22.87666098, 26.08110964,
  29.26402525]
Dq
[ 3.35435227, 3.35216996, 3.34989996, 3.34748537, 3.34485944, 3.34193996,
  3.33863487, 3.33486081, 3.33056488, 3.32573806, 3.32041656, 3.31467341,
  3.3086032 , 3.30230152, 3.29584161, 3.28925259, 3.28250373, 3.27549955,
  3.26809443, 3.2601387 , 3.25155836]
lnMrq
[[-25.77608843,-37.70810345,-50.85046596,-65.59869485,-79.1671011 ,
  -90.48023468,-93.63022088,-93.68909203],
 [-23.49426677,-34.40496227,-46.64165292,-59.95167245,-72.2973518 ,
  -82.3972019 ,-85.11885331,-85.17190185],
 [-21.19662855,-31.08674318,-42.37251415,-54.26717033,-65.38423881,
  -74.27736092,-76.6073788 ,-76.65471167],
 [-18.88471881,-27.75154301,-38.02914781,-48.53543144,-58.41648891,
  -66.12245753,-68.09580214,-68.13752149],
 [-16.55989495,-24.39687347,-33.59938549,-42.74553086,-51.38245827,
  -57.93530883,-59.58412783,-59.62033131],
 [-14.22331492,-21.0195252 ,-29.07507108,-36.88655007,-44.27230295,
  -49.71933935,-51.07236013,-51.10314113],
 [-11.8759445 ,-17.61544954,-24.45316475,-30.94923921,-37.08028673,
  -41.47813818,-42.560503  ,-42.58595094],
 [ -9.51857469,-14.17970343,-19.7351352 ,-24.92756652,-29.80596864,
  -33.21512952,-34.0485602 ,-34.06876076],
 [ -7.1518433 ,-10.70652425,-14.92528403,-18.81941384,-22.45356336,
  -24.93338179,-25.53653527,-25.55157057],
 [ -4.77625661, -7.18960973,-10.029096  ,-12.62613833,-15.03003077,
  -16.63553349,-17.02443153,-17.03438038],
 [ -2.39220908, -3.62264248, -5.05221462, -6.35141048, -7.54309877,
   -8.32379644, -8.51225212, -8.51719019],
 [  0.        ,  0.        ,  0.        ,  0.        ,  0.        ,
    0.        ,  0.        ,  0.        ],
 [  2.40015298,  3.68255235,  5.12263551,  6.42309738,  7.59302489,
    8.33434979,  8.51232204,  8.51719019],
 [  4.80810357,  7.42748448, 10.31138487, 12.91318794, 15.23076275,
   16.67801084, 17.02471137, 17.03438039],
 [  7.22376921, 11.23569049, 15.5628747 , 19.46623435, 22.90889239,
   25.02995268, 25.53716549, 25.55157058],
 [  9.64712602, 15.1072957 , 20.87528648, 26.0791802 , 30.6238324 ,
   33.38931321, 34.04968206, 34.06876078],
 [ 12.07820573, 19.04290311, 26.24934007, 32.75028945, 38.37262104,
   41.75536437, 42.56225885, 42.58595098],
 [ 14.51709437, 23.04491966, 31.68953459, 39.47944823, 46.15282846,
   50.1274854 , 51.07489376, 51.10314118],
 [ 16.96393226, 27.11841208, 37.20505016, 46.26828104, 53.96248918,
   58.50514221, 59.58758478, 59.62033138],
 [ 19.41891489, 31.27070382, 42.80887212, 53.11984606, 61.80004355,
   66.88787153, 68.10033005, 68.13752159],
 [ 21.88229423, 35.50899487, 48.51343275, 60.03767636, 69.66428091,
   75.27526849, 76.61312775, 76.65471179]]
fitNessAverage
[ 46.6807656 , 46.67487097, 46.67241498, 46.67503293, 46.67397337,
  46.67385895, 46.67398666, 46.67489339, 46.67435903, 46.67362464,
  46.67582285, 46.66955412, 46.68371193, 46.69269926, 46.69294203,
  46.69858739, 46.70498365, 46.70374214, 46.70269132, 46.70037865,
  46.69768981, 46.69503098, 46.68905985, 46.69504247, 46.70037063,
  46.70651216, 46.71134343, 46.71228549, 46.71249699, 46.71455636,
  46.7103805 , 46.71272392, 46.71311771, 46.71460672, 46.70855161,
  46.70032911, 46.70104358, 46.70143101, 46.70399795, 46.69990529,
  46.70223768, 46.70074503, 46.70594449, 46.70644379, 46.70978876,
  46.70754252, 46.70634382, 46.70129848, 46.69783176, 46.69647141,
  46.69742615, 46.70056715, 46.69989383, 46.70203569, 46.70275179,
  46.70428805, 46.70166794, 46.70212052, 46.70537593, 46.70592938,
  46.70895515, 46.71093596]
fitNessMax
[ 46.74760801, 46.7584024 , 46.8175161 , 46.8175161 , 46.8175161 ,
  46.8050383 , 46.8050383 , 46.8050383 , 46.8050383 , 46.79704906,
  46.81602825, 46.81602825, 46.79704906, 46.8180085 , 46.82491094,
  46.82491094, 46.81981937, 46.81981937, 46.80091276, 46.80713095,
  46.82146286, 46.81557218, 46.79221564, 46.81824726, 46.84870163,
  46.84870163, 46.84870163, 46.84870163, 46.84870163, 46.84870163,
  46.84870163, 46.84870163, 46.84870163, 46.79855207, 46.79855207,
  46.79977922, 46.79977922, 46.79977922, 46.81187566, 46.79977922,
  46.86607514, 46.80929493, 46.81231018, 46.80929493, 46.79887293,
  46.81381485, 46.79540738, 46.8020426 , 46.8020426 , 46.8020426 ,
  46.82781358, 46.82781358, 46.82781358, 46.83668807, 46.83668807,
  46.83668807, 46.79258324, 46.79258324, 46.80460453, 46.80460453,
  46.82819355, 46.80460453]
fitNessMin
[ 46.59923907, 46.5603956 , 46.53874422, 46.55543392, 46.55543392,
  46.55815433, 46.5665594 , 46.56438667, 46.56438667, 46.56438667,
  46.54893557, 46.5426553 , 46.54893557, 46.54893557, 46.56880283,
  46.5852568 , 46.58554206, 46.58554206, 46.58554206, 46.58648558,
  46.59708436, 46.58276583, 46.58276583, 46.5881344 , 46.59845454,
  46.59845454, 46.59845454, 46.59845454, 46.59845454, 46.59845454,
  46.59845454, 46.59845454, 46.62283865, 46.62403138, 46.57966227,
  46.57966227, 46.58099497, 46.58099497, 46.58099497, 46.60164102,
  46.60164102, 46.60164102, 46.60164102, 46.60164102, 46.61179381,
  46.59619953, 46.59327166, 46.59327166, 46.59159491, 46.59159491,
  46.59159491, 46.5804719 , 46.5804719 , 46.5804719 , 46.5804719 ,
  46.5804719 , 46.5804719 , 46.5804719 , 46.5804719 , 46.60690972,
  46.60690972, 46.62211144]


 SandBox Simulated Annealing
logR
[-2.07944154,-1.38629436,-0.98082925,-0.69314718,-0.47000363,-0.28768207,
 -0.13353139, 0.        ]
IndexZero
10
Tq
[-36.86680657,-33.50672425,-30.14543761,-26.78323371,-23.42086432,
 -20.05947443,-16.70049695,-13.34554339, -9.99632131, -6.65456682,
  -3.32195883,  0.        ,  3.31011564,  6.60760594,  9.89213482,
  13.16376603, 16.42286013, 19.66995547, 22.90566688, 26.13061664,
  29.34539598]
Dq
[ 3.35152787, 3.35067242, 3.34949307, 3.34790421, 3.34583776, 3.34324574,
  3.34009939, 3.33638585, 3.3321071 , 3.32728341, 3.32195883, 3.31620442,
  3.31011564, 3.30380297, 3.29737827, 3.29094151, 3.28457203, 3.27832591,
  3.27223813, 3.26632708, 3.26059955]
lnMrq
[[-25.76212154,-37.71272614,-50.99913592,-65.4592933 ,-78.94122533,
  -90.44352289,-93.63061396,-93.68909718],
 [-23.48004574,-34.40747335,-46.76148523,-59.87083339,-72.17978789,
  -82.38885375,-85.11923747,-85.17190653],
 [-21.18267991,-31.08701984,-42.46538405,-54.23024268,-65.34582775,
  -74.28378856,-76.60774352,-76.65471588],
 [-18.87146187,-27.74962413,-38.09818199,-48.52781572,-58.42729451,
  -66.13461903,-68.09613925,-68.13752523],
 [-16.54765936,-24.39296312,-33.64848348,-42.75402527,-51.41605487,
  -57.94802017,-59.58443111,-59.62033458],
 [-14.21235957,-21.01400055,-29.1083089 ,-36.90078927,-44.30958949,
  -49.7301647 ,-51.072625  ,-51.10314393],
 [-11.86647471,-17.60886748,-24.47434688,-30.96262095,-37.11089297,
  -41.48631488,-42.56072624,-42.58595328],
 [ -9.51075661,-14.17279332,-19.74759436,-24.93716554,-29.82676256,
  -33.22075574,-34.04873974,-34.06876262],
 [ -7.145815  ,-10.7001476 ,-14.93182229,-18.82495107,-22.46561965,
  -24.93690158,-25.53666994,-25.55157197],
 [ -4.77213639, -7.18466618,-10.03195234,-12.62862613,-15.03587809,
  -16.63745819,-17.02452093,-17.03438131],
 [ -2.3901014 , -3.61991851, -5.05305787, -6.35212141, -7.54514169,
   -8.32457993, -8.51229647, -8.51719066],
 [  0.        ,  0.        ,  0.        ,  0.        ,  0.        ,
    0.        ,  0.        ,  0.        ],
 [  2.39795588,  3.67968734,  5.12261982,  6.42297312,  7.59389966,
    8.33486939,  8.51236529,  8.51719066],
 [  4.80362206,  7.4218061 , 10.31044083, 12.91211271, 15.23170993,
   16.67886242, 17.02479646, 17.03438132],
 [  7.21691407, 11.22683514, 15.55933409, 19.46299875, 22.90925292,
   25.03100469, 25.5372908 , 25.55157198],
 [  9.63780095, 15.09327357, 20.86538861, 26.07158028, 30.6229153 ,
   33.3904728 , 34.04984577, 34.06876264],
 [ 12.06630074, 19.01816849, 26.22487531, 32.73419972, 38.36956128,
   41.75656415, 42.56245904, 42.5859533 ],
 [ 14.50247726, 22.99773525, 31.63419803, 39.44754717, 46.14645551,
   50.12867418, 51.07512841, 51.10314396],
 [ 16.94643815, 27.02787771, 37.08985228, 46.20856436, 53.95119335,
   58.50627897, 59.58785186, 59.62033462],
 [ 19.39833375, 31.10452677, 42.58840454, 53.01432354, 61.78163878,
   66.88892154, 68.10062747, 68.13752529],
 [ 21.85835671, 35.223809  , 48.12649087, 59.86190834, 69.63587174,
   75.27620113, 76.61345345, 76.65471595]]


 BoxCounting Genetic
logR
[-2.07944154,-1.38629436,-0.98082925,-0.69314718,-0.47000363,-0.28768207,
 -0.13353139, 0.        ]
IndexZero
10
Tq
[ -3.82053156, -3.82073112, -3.82113513, -3.82195755, -3.82364561,
  -3.8271589 , -3.83468004, -3.85190482, -3.89772614, -4.03201446,
  -3.21714553,  0.        ,  3.4603203 ,  6.86836641, 10.2353184 ,
  13.57118651, 16.88195172, 20.17098177, 23.43983464, 26.68888768,
  29.91808354]
Dq
[ 0.34732105, 0.38207311, 0.42457057, 0.47774469, 0.54623509, 0.63785982,
  0.76693601, 0.9629762 , 1.29924205, 2.01600723, 3.21714553, 3.47927494,
  3.4603203 , 3.43418321, 3.4117728 , 3.39279663, 3.37639034, 3.3618303 ,
  3.34854781, 3.33611096, 3.3242315 ]
lnMrq
[[  9.00367148e+01,  8.81803200e+01,  8.74870963e+01,  8.63263882e+01,
    8.54726401e+01,  8.44592265e+01,  8.40327447e+01,  8.05667627e+01],
 [  8.15200908e+01,  7.96638656e+01,  7.89705622e+01,  7.78099301e+01,
    7.69560613e+01,  7.59426848e+01,  7.55158018e+01,  7.20495724e+01],
 [  7.30040514e+01,  7.11481743e+01,  7.04547045e+01,  6.92942280e+01,
    6.84401190e+01,  6.74268088e+01,  6.69991162e+01,  6.35323906e+01],
 [  6.44892156e+01,  6.26340603e+01,  6.19402363e+01,  6.07800825e+01,
    5.99254965e+01,  5.89122946e+01,  5.84829614e+01,  5.50152432e+01],
 [  5.59768990e+01,  5.41232679e+01,  5.34286660e+01,  5.22691906e+01,
    5.14136621e+01,  5.04006006e+01,  4.99679232e+01,  4.64982331e+01],
 [  4.74700150e+01,  4.56196801e+01,  4.49232877e+01,  4.37652636e+01,
    4.29078868e+01,  4.18948661e+01,  4.14553137e+01,  3.79817719e+01],
 [  3.89755018e+01,  3.71325285e+01,  3.64316943e+01,  3.52768273e+01,
    3.44158608e+01,  3.34021615e+01,  3.29483015e+01,  2.94675012e+01],
 [  3.05121827e+01,  2.86864696e+01,  2.79731028e+01,  2.68251002e+01,
    2.59571609e+01,  2.49397582e+01,  2.44555729e+01,  2.09619136e+01],
 [  2.21412055e+01,  2.03620241e+01,  1.96051114e+01,  1.84707337e+01,
    1.75881257e+01,  1.65568845e+01,  1.60065833e+01,  1.24898446e+01],
 [  1.40702270e+01,  1.24717654e+01,  1.15587781e+01,  1.04394928e+01,
    9.51226851e+00,  8.44207396e+00,  7.73588893e+00,  4.15104006e+00],
 [  6.69230704e+00,  5.70913479e+00,  4.79438460e+00,  3.83146350e+00,
    2.87356464e+00,  1.82454929e+00,  8.28551818e-01,  1.98026273e-02],
 [  0.00000000e+00,  0.00000000e+00,  0.00000000e+00,  0.00000000e+00,
    0.00000000e+00,  0.00000000e+00,  0.00000000e+00,  0.00000000e+00],
 [ -6.38563370e+00, -5.25800694e+00, -3.94917640e+00, -2.66185310e+00,
   -1.36433506e+00, -3.17640418e-01, -8.00599220e-03, -1.99865997e-05],
 [ -1.26565006e+01, -1.02971324e+01, -7.59222023e+00, -4.96873275e+00,
   -2.39948059e+00, -5.03317114e-01, -1.20290437e-02, -2.99800494e-05],
 [ -1.88716154e+01, -1.51911369e+01, -1.10683736e+01, -7.09063172e+00,
   -3.29759882e+00, -6.65303881e-01, -1.59487547e-02, -3.99600192e-05],
 [ -2.50521837e+01, -1.99721972e+01, -1.44289581e+01, -9.07798057e+00,
   -4.11291552e+00, -8.18503688e-01, -1.98226292e-02, -4.99332986e-05],
 [ -3.12080653e+01, -2.46568672e+01, -1.76988935e+01, -1.09492281e+01,
   -4.86657531e+00, -9.65826684e-01, -2.36538848e-02, -5.98998979e-05],
 [ -3.73446544e+01, -2.92531577e+01, -2.08927334e+01, -1.27136079e+01,
   -5.56885794e+00, -1.10808044e+00, -2.74439225e-02, -6.98598220e-05],
 [ -4.34651693e+01, -3.37632881e+01, -2.40202269e+01, -1.43804100e+01,
   -6.22595957e+00, -1.24561397e+00, -3.11940225e-02, -7.98130759e-05],
 [ -4.95716205e+01, -3.81859773e+01, -2.70886113e+01, -1.59624119e+01,
   -6.84249773e+00, -1.37864884e+00, -3.49054153e-02, -8.97596646e-05],
 [ -5.56652908e+01, -4.25195833e+01, -3.01037309e+01, -1.74752852e+01,
   -7.42253288e+00, -1.50736146e+00, -3.85792863e-02, -9.96995930e-05]]
fitNessAverage
[ 46.66766666, 46.67319275, 46.6737524 , 46.67516855, 46.67628102,
  46.67609347, 46.6751959 , 46.67030538, 46.66939893, 46.66941031,
  46.67195085, 46.6709129 , 46.67017852, 46.6703731 , 46.67164093,
  46.67188569, 46.67156045, 46.67081012, 46.66879997, 46.67746034,
  46.68496142, 46.68966101, 46.69127363, 46.6935223 , 46.69497209,
  46.69508298, 46.69557777, 46.69585679, 46.69508657, 46.69593291,
  46.69671015, 46.69576283, 46.69584784, 46.69757147]
fitNessMax
[ 46.72622227, 46.7506015 , 46.74907372, 46.75807934, 46.78556277,
  46.78556277, 46.78556277, 46.78556277, 46.77956867, 46.77956867,
  46.77956867, 46.77956867, 46.78922827, 46.75455035, 46.7630986 ,
  46.75274101, 46.75274101, 46.75274101, 46.7499874 , 46.7499874 ,
  46.76526732, 46.77392287, 46.77392287, 46.77392287, 46.77392287,
  46.75891398, 46.75891398, 46.75891398, 46.75891398, 46.76270788,
  46.76270788, 46.76108998, 46.77310362, 46.77310362]
fitNessMin
[ 46.59738434, 46.59738434, 46.59738434, 46.56391624, 46.56391624,
  46.56391624, 46.59468083, 46.59468083, 46.59468083, 46.61284603,
  46.61719561, 46.61719561, 46.61746515, 46.62924599, 46.62924599,
  46.62924599, 46.63099155, 46.63099155, 46.61901486, 46.60025319,
  46.6316172 , 46.6316172 , 46.6316172 , 46.63760481, 46.63760481,
  46.63665041, 46.63665041, 46.63665041, 46.64277027, 46.64277027,
  46.64277027, 46.62680459, 46.62680459, 46.62680459]


 BoxCounting Simulated Annealing
logR
[-2.07944154,-1.38629436,-0.98082925,-0.69314718,-0.47000363,-0.28768207,
 -0.13353139, 0.        ]
IndexZero
10
Tq
[ -3.82053156, -3.82073112, -3.82113513, -3.82195755, -3.82364561,
  -3.8271589 , -3.83468004, -3.85190482, -3.89772614, -4.03201446,
  -3.21714553,  0.        ,  3.4603203 ,  6.86836641, 10.2353184 ,
  13.57118651, 16.88195172, 20.17098177, 23.43983464, 26.68888768,
  29.91808354]
Dq
[ 0.34732105, 0.38207311, 0.42457057, 0.47774469, 0.54623509, 0.63785982,
  0.76693601, 0.9629762 , 1.29924205, 2.01600723, 3.21714553, 3.47927494,
  3.4603203 , 3.43418321, 3.4117728 , 3.39279663, 3.37639034, 3.3618303 ,
  3.34854781, 3.33611096, 3.3242315 ]
lnMrq
[[  9.00367148e+01,  8.81803200e+01,  8.74870963e+01,  8.63263882e+01,
    8.54726401e+01,  8.44592265e+01,  8.40327447e+01,  8.05667627e+01],
 [  8.15200908e+01,  7.96638656e+01,  7.89705622e+01,  7.78099301e+01,
    7.69560613e+01,  7.59426848e+01,  7.55158018e+01,  7.20495724e+01],
 [  7.30040514e+01,  7.11481743e+01,  7.04547045e+01,  6.92942280e+01,
    6.84401190e+01,  6.74268088e+01,  6.69991162e+01,  6.35323906e+01],
 [  6.44892156e+01,  6.26340603e+01,  6.19402363e+01,  6.07800825e+01,
    5.99254965e+01,  5.89122946e+01,  5.84829614e+01,  5.50152432e+01],
 [  5.59768990e+01,  5.41232679e+01,  5.34286660e+01,  5.22691906e+01,
    5.14136621e+01,  5.04006006e+01,  4.99679232e+01,  4.64982331e+01],
 [  4.74700150e+01,  4.56196801e+01,  4.49232877e+01,  4.37652636e+01,
    4.29078868e+01,  4.18948661e+01,  4.14553137e+01,  3.79817719e+01],
 [  3.89755018e+01,  3.71325285e+01,  3.64316943e+01,  3.52768273e+01,
    3.44158608e+01,  3.34021615e+01,  3.29483015e+01,  2.94675012e+01],
 [  3.05121827e+01,  2.86864696e+01,  2.79731028e+01,  2.68251002e+01,
    2.59571609e+01,  2.49397582e+01,  2.44555729e+01,  2.09619136e+01],
 [  2.21412055e+01,  2.03620241e+01,  1.96051114e+01,  1.84707337e+01,
    1.75881257e+01,  1.65568845e+01,  1.60065833e+01,  1.24898446e+01],
 [  1.40702270e+01,  1.24717654e+01,  1.15587781e+01,  1.04394928e+01,
    9.51226851e+00,  8.44207396e+00,  7.73588893e+00,  4.15104006e+00],
 [  6.69230704e+00,  5.70913479e+00,  4.79438460e+00,  3.83146350e+00,
    2.87356464e+00,  1.82454929e+00,  8.28551818e-01,  1.98026273e-02],
 [  0.00000000e+00,  0.00000000e+00,  0.00000000e+00,  0.00000000e+00,
    0.00000000e+00,  0.00000000e+00,  0.00000000e+00,  0.00000000e+00],
 [ -6.38563370e+00, -5.25800694e+00, -3.94917640e+00, -2.66185310e+00,
   -1.36433506e+00, -3.17640418e-01, -8.00599220e-03, -1.99865997e-05],
 [ -1.26565006e+01, -1.02971324e+01, -7.59222023e+00, -4.96873275e+00,
   -2.39948059e+00, -5.03317114e-01, -1.20290437e-02, -2.99800494e-05],
 [ -1.88716154e+01, -1.51911369e+01, -1.10683736e+01, -7.09063172e+00,
   -3.29759882e+00, -6.65303881e-01, -1.59487547e-02, -3.99600192e-05],
 [ -2.50521837e+01, -1.99721972e+01, -1.44289581e+01, -9.07798057e+00,
   -4.11291552e+00, -8.18503688e-01, -1.98226292e-02, -4.99332986e-05],
 [ -3.12080653e+01, -2.46568672e+01, -1.76988935e+01, -1.09492281e+01,
   -4.86657531e+00, -9.65826684e-01, -2.36538848e-02, -5.98998979e-05],
 [ -3.73446544e+01, -2.92531577e+01, -2.08927334e+01, -1.27136079e+01,
   -5.56885794e+00, -1.10808044e+00, -2.74439225e-02, -6.98598220e-05],
 [ -4.34651693e+01, -3.37632881e+01, -2.40202269e+01, -1.43804100e+01,
   -6.22595957e+00, -1.24561397e+00, -3.11940225e-02, -7.98130759e-05],
 [ -4.95716205e+01, -3.81859773e+01, -2.70886113e+01, -1.59624119e+01,
   -6.84249773e+00, -1.37864884e+00, -3.49054153e-02, -8.97596646e-05],
 [ -5.56652908e+01, -4.25195833e+01, -3.01037309e+01, -1.74752852e+01,
   -7.42253288e+00, -1.50736146e+00, -3.85792863e-02, -9.96995930e-05]]


Execution time

Box Counting	Box Counting Fixed	SandBox	Genetic SandBox	Simulated SandBox	Genetic BCFS	Simulated BCFS
[ 45043.04901195, 44833.50661516, 16598.10272884, 85067.08281088,
  48360.54418206, 75022.48277807, 48511.27336287, 98744.79647017,
  48513.29498386]
Fractal dimension
3.47489236919