FSBCAlgorithm
logR
[-3.09104245,-2.39789527,-1.99243016,-1.70474809,-1.48160454,-1.29928298,
 -1.1451323 ,-1.01160091,-0.89381788,-0.78845736,-0.69314718,-0.6061358 ,
 -0.5260931 ,-0.45198512,-0.38299225,-0.31845373,-0.25782911,-0.2006707 ,
 -0.14660347,-0.09531018,-0.04652002, 0.        ]
IndexZero
10
Tq
[ -4.23687505e+00, -4.23663540e+00, -4.23615801e+00, -4.23520995e+00,
  -4.23333804e+00, -4.22968122e+00, -4.22267816e+00, -4.20975779e+00,
  -4.18755044e+00, -4.14158717e+00, -2.96907393e+00, -2.31313768e-17,
   2.44150215e+00,  4.26177226e+00,  5.61924179e+00,  6.75810516e+00,
   7.80231614e+00,  8.79842362e+00,  9.76677272e+00,  1.07175952e+01,
   1.16568399e+01]
Dq
[ 0.38517046, 0.42366354, 0.47068422, 0.52940124, 0.60476258, 0.70494687,
  0.84453563, 1.05243945, 1.39585015, 2.07079358, 2.96907393, 2.82663527,
  2.44150215, 2.13088613, 1.8730806 , 1.68952629, 1.56046323, 1.46640394,
  1.39525325, 1.3396994 , 1.29520443]
lnMrq
[[  9.02929959e+01,  8.88289635e+01,  8.84639115e+01,  8.75097101e+01,
    8.71580307e+01,  8.64913069e+01,  8.61405812e+01,  8.55996972e+01,
    8.53680575e+01,  8.48240145e+01,  8.44643584e+01,  8.39493511e+01,
    8.35369453e+01,  8.27658598e+01,  8.22342059e+01,  8.16993757e+01,
    8.11488550e+01,  8.04998987e+01,  7.96944763e+01,  7.84541941e+01,
    7.67270579e+01,  7.62562837e+01],
 [  8.19994315e+01,  8.05355143e+01,  8.01702992e+01,  7.92161573e+01,
    7.88644093e+01,  7.81977836e+01,  7.78470501e+01,  7.73061439e+01,
    7.70744413e+01,  7.65302924e+01,  7.61706791e+01,  7.56557925e+01,
    7.52434694e+01,  7.44728723e+01,  7.39413678e+01,  7.34063992e+01,
    7.28559235e+01,  7.22070971e+01,  7.14018087e+01,  7.01612286e+01,
    6.84341871e+01,  6.79626417e+01],
 [  7.37063550e+01,  7.22426801e+01,  7.18771341e+01,  7.09231135e+01,
    7.05712274e+01,  6.99047962e+01,  6.95540468e+01,  6.90131011e+01,
    6.87812715e+01,  6.82369141e+01,  6.78773843e+01,  6.73627349e+01,
    6.69505742e+01,  6.61809564e+01,  6.56497455e+01,  6.51144955e+01,
    6.45641092e+01,  6.39155396e+01,  6.31105177e+01,  6.18693448e+01,
    6.01425124e+01,  5.96694243e+01],
 [  6.54142585e+01,  6.39511049e+01,  6.35848845e+01,  6.26311128e+01,
    6.22789477e+01,  6.16129005e+01,  6.12621182e+01,  6.07211079e+01,
    6.04890217e+01,  5.99442572e+01,  5.95848885e+01,  5.90706984e+01,
    5.86588541e+01,  5.78912004e+01,  5.73605611e+01,  5.68247373e+01,
    5.62745266e+01,  5.56264591e+01,  5.48219643e+01,  5.35796162e+01,
    5.18532603e+01,  5.13770914e+01],
 [  5.71241340e+01,  5.56621378e+01,  5.52945311e+01,  5.43412763e+01,
    5.39885452e+01,  5.33232516e+01,  5.29724003e+01,  5.24313051e+01,
    5.21986962e+01,  5.16531487e+01,  5.12940838e+01,  5.07807638e+01,
    5.03695249e+01,  4.96058092e+01,  4.90762679e+01,  4.85392715e+01,
    4.79893996e+01,  4.73422907e+01,  4.65388258e+01,  4.52941661e+01,
    4.35689317e+01,  4.30866362e+01],
 [  4.88379823e+01,  4.73786644e+01,  4.70081781e+01,  4.60560180e+01,
    4.57021307e+01,  4.50383050e+01,  4.46873048e+01,  4.41461739e+01,
    4.39124869e+01,  4.33654732e+01,  4.30069600e+01,  4.24952179e+01,
    4.20851025e+01,  4.13292598e+01,  4.08017889e+01,  4.02624082e+01,
    3.97131648e+01,  3.90677964e+01,  3.82662885e+01,  3.70171481e+01,
    3.52946338e+01,  3.48002784e+01],
 [  4.05598354e+01,  3.91070440e+01,  3.87305084e+01,  3.77807399e+01,
    3.74244708e+01,  3.67634854e+01,  3.64121480e+01,  3.58713429e+01,
    3.56353862e+01,  3.50857573e+01,  3.47281782e+01,  3.42190564e+01,
    3.38108991e+01,  3.30706613e+01,  3.25469998e+01,  3.20028808e+01,
    3.14546992e+01,  3.08121383e+01,  3.00141220e+01,  2.87565275e+01,
    2.70407374e+01,  2.65232142e+01],
 [  3.22977687e+01,  3.08618399e+01,  3.04725453e+01,  2.95283024e+01,
    2.91670859e+01,  2.85116439e+01,  2.81594724e+01,  2.76204071e+01,
    2.73795026e+01,  2.68256562e+01,  2.64694375e+01,  2.59638481e+01,
    2.55586414e+01,  2.48486146e+01,  2.43317698e+01,  2.37788212e+01,
    2.32320031e+01,  2.25925803e+01,  2.17998590e+01,  2.05270723e+01,
    1.88278902e+01,  1.82682925e+01],
 [  2.40676669e+01,  2.26778387e+01,  2.22625693e+01,  2.13325973e+01,
    2.09611674e+01,  2.03172857e+01,  1.99627560e+01,  1.94295563e+01,
    1.91772474e+01,  1.86182496e+01,  1.82632121e+01,  1.77598114e+01,
    1.73572600e+01,  1.67021101e+01,  1.61969978e+01,  1.56299605e+01,
    1.50830292e+01,  1.44413206e+01,  1.36528219e+01,  1.23550049e+01,
    1.06958749e+01,  1.00686677e+01],
 [  1.58995614e+01,  1.46401364e+01,  1.41827827e+01,  1.32985649e+01,
    1.29083982e+01,  1.22935887e+01,  1.19320560e+01,  1.14132098e+01,
    1.11327435e+01,  1.05751473e+01,  1.02168529e+01,  9.70731417e+00,
    9.29929952e+00,  8.72513323e+00,  8.23623021e+00,  7.65203896e+00,
    7.09487591e+00,  6.42363624e+00,  5.62370373e+00,  4.30199630e+00,
    2.78675608e+00,  2.13219234e+00],
 [  7.84663549e+00,  6.94720842e+00,  6.50283315e+00,  5.80931185e+00,
    5.42441463e+00,  4.91286442e+00,  4.55233096e+00,  4.08484963e+00,
    3.74943643e+00,  3.24835210e+00,  2.87183292e+00,  2.37511503e+00,
    1.96866709e+00,  1.51729521e+00,  1.14015402e+00,  7.57060506e-01,
    4.70316080e-01,  2.41572687e-01,  1.06497369e-01,  2.91946583e-02,
    7.47201484e-03,  3.12012734e-03],
 [  0.00000000e+00,  2.22044605e-16,  0.00000000e+00,  0.00000000e+00,
    0.00000000e+00,  0.00000000e+00, -1.11022302e-16,  0.00000000e+00,
    0.00000000e+00,  0.00000000e+00, -1.11022302e-16,  0.00000000e+00,
    0.00000000e+00,  0.00000000e+00,  0.00000000e+00,  0.00000000e+00,
    0.00000000e+00,  0.00000000e+00,  0.00000000e+00,  0.00000000e+00,
    0.00000000e+00,  0.00000000e+00],
 [ -7.43475657e+00, -5.55997427e+00, -4.32703436e+00, -3.24178186e+00,
   -2.45083520e+00, -1.80472152e+00, -1.31285072e+00, -9.31052780e-01,
   -6.42194385e-01, -4.22915022e-01, -2.65434675e-01, -1.55499265e-01,
   -8.44202040e-02, -4.18856650e-02, -1.84922308e-02, -7.26399851e-03,
   -2.68426213e-03, -9.66424791e-04, -3.07597116e-04, -7.52182663e-05,
   -1.62090689e-05, -3.93405461e-06],
 [ -1.37150627e+01, -9.64365707e+00, -7.02504548e+00, -5.12675058e+00,
   -3.77527993e+00, -2.76357256e+00, -1.98904901e+00, -1.40720271e+00,
   -9.64730781e-01, -6.35075335e-01, -3.97831509e-01, -2.33052854e-01,
   -1.26494304e-01, -6.27837918e-02, -2.77199501e-02, -1.08909795e-02,
   -4.02535504e-03, -1.44968024e-03, -4.61407555e-04, -1.12817901e-04,
   -2.43137018e-05, -5.90108772e-06],
 [ -1.81661831e+01, -1.28785536e+01, -9.16740744e+00, -6.58838560e+00,
   -4.80161962e+00, -3.50602540e+00, -2.51480823e+00, -1.77517920e+00,
   -1.21372504e+00, -7.98459895e-01, -5.00260233e-01, -2.94049256e-01,
   -1.60664689e-01, -8.03648001e-02, -3.57112195e-02, -1.40812841e-02,
   -5.22364172e-03, -1.89364259e-03, -6.08407491e-04, -1.49837467e-04,
   -3.23776336e-05, -7.86467879e-06],
 [ -2.18651533e+01, -1.55089498e+01, -1.10818808e+01, -7.87360019e+00,
   -5.69524543e+00, -4.14484808e+00, -2.96477860e+00, -2.08842518e+00,
   -1.42505929e+00, -9.36676245e-01, -5.87052511e-01, -3.46413241e-01,
   -1.90726721e-01, -9.62466279e-02, -4.30733200e-02, -1.70512213e-02,
   -6.35009058e-03, -2.31794501e-03, -7.52004056e-04, -1.86563979e-04,
   -4.04212468e-05, -9.82655075e-06],
 [ -2.53894832e+01, -1.77454708e+01, -1.28153828e+01, -9.05994971e+00,
   -6.50981707e+00, -4.71944471e+00, -3.36523194e+00, -2.36609184e+00,
   -1.61181114e+00, -1.05834835e+00, -6.63448212e-01, -3.92869330e-01,
   -2.17854993e-01, -1.10876846e-01, -4.99768754e-02, -1.98647727e-02,
   -7.42297653e-03, -2.72605491e-03, -8.92494774e-04, -2.23004956e-04,
   -4.84446878e-05, -1.17867072e-05],
 [ -2.88602833e+01, -1.98152380e+01, -1.43688306e+01, -1.01756555e+01,
   -7.27202694e+00, -5.24946156e+00, -3.72968296e+00, -2.61782476e+00,
   -1.78063141e+00, -1.16791971e+00, -7.32179399e-01, -4.34841474e-01,
   -2.42655105e-01, -1.24482132e-01, -5.65077493e-02, -2.25539729e-02,
   -8.45144821e-03, -3.11970287e-03, -1.03002797e-03, -2.59164199e-04,
   -5.64480298e-05, -1.37451499e-05],
 [ -3.23104177e+01, -2.18288214e+01, -1.57670401e+01, -1.12283019e+01,
   -7.99744403e+00, -5.74657132e+00, -4.06639139e+00, -2.84944058e+00,
   -1.93553259e+00, -1.26809579e+00, -7.94928892e-01, -4.73233103e-01,
   -2.65525436e-01, -1.37213935e-01, -6.27207225e-02, -2.51389737e-02,
   -9.44189882e-03, -3.50027048e-03, -1.16473750e-03, -2.95045401e-04,
   -6.44313451e-05, -1.57018808e-05],
 [ -3.57515515e+01, -2.38236299e+01, -1.70583206e+01, -1.22175772e+01,
   -8.69546578e+00, -6.21850928e+00, -4.38096529e+00, -3.06484740e+00,
   -2.07919544e+00, -1.36068662e+00, -8.52831929e-01, -5.08675535e-01,
   -2.86758508e-01, -1.49185971e-01, -6.86550137e-02, -2.76339929e-02,
   -1.03993448e-02, -3.86896549e-03, -1.29674999e-03, -3.30652200e-04,
   -7.23947058e-05, -1.76569015e-05],
 [ -3.91884521e+01, -2.58115317e+01, -1.82879970e+01, -1.31429809e+01,
   -9.37157759e+00, -6.67075417e+00, -4.67748868e+00, -3.26685524e+00,
   -2.21352892e+00, -1.44697852e+00, -9.06700278e-01, -5.41635448e-01,
   -3.06581332e-01, -1.60488525e-01, -7.43407192e-02, -3.00497292e-02,
   -1.13278710e-02, -4.22685914e-03, -1.42618563e-03, -3.65988184e-04,
   -8.03381838e-05, -1.96102138e-05]]
