BCAlgorithm
logR
[-1.79175947,-1.09861229,-0.69314718,-0.40546511,-0.18232156, 0.        ]
IndexZero
10
Tq
[ -2.95748401e+01, -2.69178012e+01, -2.42611687e+01, -2.16053713e+01,
-1.89513147e+01, -1.63009581e+01, -1.36586793e+01, -1.10346276e+01,
-8.45284541e+00, -5.96645485e+00, -3.53122093e+00,  5.74671904e-18,
3.63706757e+00,  7.09405798e+00,  1.04312381e+01,  1.36904570e+01,
1.68965931e+01,  2.00647580e+01,  2.32046613e+01,  2.63229119e+01,
2.94242129e+01]
Dq
[ 2.68862183, 2.69178012, 2.69568541, 2.70067141, 2.70733068, 2.71682634,
2.73173587, 2.75865691, 2.81761514, 2.98322743, 3.53122093, 3.73723127,
3.63706757, 3.54702899, 3.47707938, 3.42261424, 3.37931862, 3.34412634,
3.31495162, 3.29036399, 3.26935698]
lnMrq
[[  8.09233892e+01,  7.94453608e+01,  7.81167191e+01,  7.00864434e+01,
6.89871490e+01,  0.00000000e+00],
[  7.33323665e+01,  7.18538923e+01,  7.05257438e+01,  6.31884316e+01,
6.20884435e+01,  0.00000000e+00],
[  6.57422094e+01,  6.42628380e+01,  6.29356733e+01,  5.62911474e+01,
5.51897607e+01,  0.00000000e+00],
[  5.81538378e+01,  5.66726563e+01,  5.53474484e+01,  4.93953532e+01,
4.82911572e+01,  0.00000000e+00],
[  5.05692029e+01,  4.90843627e+01,  4.77630231e+01,  4.25026203e+01,
4.13928310e+01,  0.00000000e+00],
[  4.29925480e+01,  4.15003147e+01,  4.01865264e+01,  3.56161899e+01,
3.44954748e+01,  0.00000000e+00],
[  3.54333965e+01,  3.39263707e+01,  3.26269164e+01,  2.87427531e+01,
2.76014999e+01,  0.00000000e+00],
[  2.79138112e+01,  2.63784767e+01,  2.51045162e+01,  2.18962794e+01,
2.07191994e+01,  0.00000000e+00],
[  2.04852710e+01,  1.89053680e+01,  1.76696498e+01,  1.51085283e+01,
1.38759016e+01,  0.00000000e+00],
[  1.32575810e+01,  1.16739856e+01,  1.04706299e+01,  8.48368147e+00,
7.15081707e+00,  0.00000000e+00],
[  6.39692966e+00,  5.19295685e+00,  4.07753744e+00,  2.70805020e+00,
1.09861229e+00,  0.00000000e+00],
[  0.00000000e+00, -1.11022302e-16,  0.00000000e+00, -1.11022302e-16,
0.00000000e+00,  0.00000000e+00],
[ -6.00631956e+00, -4.28742865e+00, -2.32565899e+00, -1.10823453e+00,
-9.08880270e-03,  0.00000000e+00],
[ -1.17506155e+01, -8.14518599e+00, -4.24607475e+00, -2.00203971e+00,
-1.36535809e-02,  0.00000000e+00],
[ -1.73232094e+01, -1.17830083e+01, -6.07135581e+00, -2.84837692e+00,
-1.82048353e-02,  0.00000000e+00],
[ -2.27772136e+01, -1.53016662e+01, -7.86796942e+00, -3.67094665e+00,
-2.27560443e-02,  0.00000000e+00],
[ -2.81450059e+01, -1.87537893e+01, -9.65354248e+00, -4.47691617e+00,
-2.73072532e-02,  0.00000000e+00],
[ -3.34478921e+01, -2.21668676e+01, -1.14333101e+01, -5.27064950e+00,
-3.18584621e-02,  0.00000000e+00],
[ -3.87008538e+01, -2.55553934e+01, -1.32090144e+01, -6.05543589e+00,
-3.64096709e-02,  0.00000000e+00],
[ -4.39148860e+01, -2.89272496e+01, -1.49813518e+01, -6.83377837e+00,
-4.09608798e-02,  0.00000000e+00],
[ -4.90982434e+01, -3.22869327e+01, -1.67506897e+01, -7.60753782e+00,
-4.55120887e-02,  0.00000000e+00]]

FSBCAlgorithm
logR
[-2.07944154,-1.38629436,-0.98082925,-0.69314718,-0.47000363,-0.28768207,
-0.13353139, 0.        ]
IndexZero
10
Tq
[-19.92177782,-18.26958792,-16.61773558,-14.96657781,-13.31686994,
-11.67025501,-10.03045131, -8.4063263 , -6.82025582, -5.3269381 ,
-3.36008445,  0.        ,  3.26342318,  6.32946641,  9.27339722,
12.1277855 , 14.90862639, 17.62522869, 20.28433241, 22.89205562,
25.4546811 ]
Dq
[ 1.81107071, 1.82695879, 1.84641506, 1.87082223, 1.90240999, 1.9450425 ,
2.00609026, 2.10158158, 2.27341861, 2.66346905, 3.36008445, 3.40358624,
3.26342318, 3.1647332 , 3.09113241, 3.03194637, 2.98172528, 2.93753812,
2.89776177, 2.86150695, 2.8282979 ]
lnMrq
[[  8.11534096e+01,  7.96781932e+01,  7.87941133e+01,  7.78093176e+01,
7.71042192e+01,  7.59219189e+01,  7.22962423e+01,  0.00000000e+00],
[  7.35622537e+01,  7.20869325e+01,  7.12027458e+01,  7.02179280e+01,
6.95127242e+01,  6.83302116e+01,  6.47045198e+01,  0.00000000e+00],
[  6.59718221e+01,  6.44962877e+01,  6.36118841e+01,  6.26270208e+01,
6.19216032e+01,  6.07386610e+01,  5.71129373e+01,  0.00000000e+00],
[  5.83828776e+01,  5.69069062e+01,  5.60220577e+01,  5.50370997e+01,
5.43312451e+01,  5.31474284e+01,  4.95216370e+01,  0.00000000e+00],
[  5.07970270e+01,  4.93201501e+01,  4.84343772e+01,  4.74492178e+01,
4.67424605e+01,  4.55568464e+01,  4.19309063e+01,  0.00000000e+00],
[  4.32177420e+01,  4.17389647e+01,  4.08512313e+01,  3.98656294e+01,
3.91569756e+01,  3.79676124e+01,  3.43413326e+01,  0.00000000e+00],
[  3.56527917e+01,  3.41699962e+01,  3.32779698e+01,  3.22913438e+01,
3.15786001e+01,  3.03812296e+01,  2.67541278e+01,  0.00000000e+00],
[  2.81203261e+01,  2.66293128e+01,  2.57273846e+01,  2.47381888e+01,
2.40162514e+01,  2.28010890e+01,  1.91718442e+01,  0.00000000e+00],
[  2.06641127e+01,  1.91604439e+01,  1.82337241e+01,  1.72371816e+01,
1.64930803e+01,  1.52354846e+01,  1.16001279e+01,  0.00000000e+00],
[  1.33847575e+01,  1.19029874e+01,  1.09111061e+01,  9.88867741e+00,
9.08275715e+00,  7.70859207e+00,  4.07094844e+00,  0.00000000e+00],
[  6.45520027e+00,  5.31439579e+00,  4.31553127e+00,  3.25696068e+00,
2.25154935e+00,  8.64200477e-01,  3.28549228e-02,  0.00000000e+00],
[  0.00000000e+00,  0.00000000e+00,  0.00000000e+00,  0.00000000e+00,
0.00000000e+00,  0.00000000e+00,  0.00000000e+00,  0.00000000e+00],
[ -6.04878349e+00, -4.38975236e+00, -2.70810878e+00, -1.07886169e+00,
-1.37110690e-01, -4.53717454e-03, -7.08440044e-05,  0.00000000e+00],
[ -1.18302387e+01, -8.36454076e+00, -4.93728498e+00, -1.79550191e+00,
-2.07893078e-01, -6.80251525e-03, -1.06257493e-04,  0.00000000e+00],
[ -1.74325417e+01, -1.21101074e+01, -6.94301105e+00, -2.39126903e+00,
-2.68767819e-01, -8.87241802e-03, -1.41272119e-04,  0.00000000e+00],
[ -2.28983153e+01, -1.56952628e+01, -8.80350111e+00, -2.92306925e+00,
-3.24905654e-01, -1.08437751e-02, -1.76084580e-04,  0.00000000e+00],
[ -2.82483631e+01, -1.91537029e+01, -1.05550648e+01, -3.41259733e+00,
-3.77719312e-01, -1.27442269e-02, -2.10699772e-04,  0.00000000e+00],
[ -3.34940092e+01, -2.25063566e+01, -1.22190002e+01, -3.87044643e+00,
-4.27883018e-01, -1.45876409e-02, -2.45120174e-04,  0.00000000e+00],
[ -3.86431657e+01, -2.57690488e+01, -1.38100290e+01, -4.30271268e+00,
-4.75820939e-01, -1.63830432e-02, -2.79348193e-04,  0.00000000e+00],
[ -4.37035965e+01, -2.89554190e+01, -1.53396103e+01, -4.71334395e+00,
-5.21837334e-01, -1.81370340e-02, -3.13386202e-04,  0.00000000e+00],
[ -4.86843500e+01, -3.20778436e+01, -1.68173299e+01, -5.10512809e+00,
-5.66165599e-01, -1.98547046e-02, -3.47236536e-04,  0.00000000e+00]]

SBAlgorithm
logR
[-1.94591015,-1.25276297,-0.84729786,-0.55961579,-0.33647224,-0.15415068,
0.        ]
IndexZero
10
Tq
[-41.05635087,-37.15078784,-33.2512389 ,-29.36121438,-25.48533123,
-21.62892453,-17.79803505,-14.00628247,-10.29408552, -6.71753549,
-3.29493259,  0.        ,  3.19774859,  6.31820714,  9.37311099,
12.36906544, 15.309698  , 18.19731928, 21.03429456, 23.82404046,
26.57141666]
Dq
[ 3.73239553, 3.71507878, 3.6945821 , 3.6701518 , 3.6407616 , 3.60482076,
3.55960701, 3.50157062, 3.43136184, 3.35876775, 3.29493259, 3.24215991,
3.19774859, 3.15910357, 3.12437033, 3.09226636, 3.0619396 , 3.03288655,
3.00489922, 2.97800506, 2.95237963]
lnMrq
[[-12.13720247,-23.19881595,-37.23091179,-55.67292824,-73.71911094,
-83.43628301,-83.51010526],
[-11.41525795,-21.64664807,-34.45394152,-51.22271749,-67.61285309,
-75.86139744,-75.91827848],
[-10.67750092,-20.08335912,-31.67056738,-46.76577702,-61.49282231,
-68.28231593,-68.3264515 ],
[ -9.91481648,-18.50427865,-28.87788372,-42.29895687,-55.34838135,
-60.70021468,-60.73462433],
[ -9.11272397,-16.90101936,-26.07081869,-37.8167056 ,-49.15601763,
-53.11594955,-53.14279695],
[ -8.24875187,-15.25683625,-23.23927614,-33.30779543,-42.86259064,
-45.53013416,-45.55096938],
[ -7.29022017,-13.53490458,-20.35943083,-28.74488205,-36.3643803 ,
-37.94320467,-37.95914162],
[ -6.19592885,-11.65106522,-17.3641053 ,-24.047919  ,-29.53184655,
-30.35546987,-30.36731367],
[ -4.92675014, -9.43991931,-14.05289781,-18.98369306,-22.35104134,
-22.76714818,-22.77548553],
[ -3.46285942, -6.72645662,-10.03449999,-13.18843308,-14.96590127,
-15.17839442,-15.1836572 ],
[ -1.81205262, -3.52841195, -5.23345667, -6.74117925, -7.49881054,
-7.58931875, -7.59182869],
[  0.        ,  0.        ,  0.        ,  0.        ,  0.        ,
0.        ,  0.        ],
[  1.94526372,  3.74334311,  5.45900132,  6.87513016,  7.51359672,
7.58950502,  7.59182887],
[  4.00185555,  7.64155482, 11.06609144, 13.83080007, 15.03582934,
15.17915502, 15.18365792],
[  6.15553388, 11.66329885, 16.78518173, 20.84327646, 22.56400059,
22.76891975, 22.77548714],
[  8.39832386, 15.79091157, 22.59594282, 27.89925113, 30.09666688,
30.35877675, 30.36731653],
[ 10.72648582, 20.01318112, 28.48538872, 34.99030755, 37.63292885,
37.94870923, 37.9591461 ],
[ 13.13832515, 24.32147112, 34.44410763, 42.11070438, 45.17216793,
45.53870445, 45.55097583],
[ 15.63195664, 28.70755571, 40.46434695, 49.25629426, 52.71393111,
53.12875262, 53.14280574],
[ 18.20341764, 33.16264115, 46.5390519 , 56.42394145, 60.25787244,
60.71884617, 60.7346358 ],
[ 20.84576966, 37.67730617, 52.66147577, 63.61118664, 67.80371966,
68.30897911, 68.32646603]]


SandBox Genetic
logR
[-1.94591015,-1.25276297,-0.84729786,-0.55961579,-0.33647224,-0.15415068,
0.        ]
IndexZero
10
Tq
[-40.96890986,-37.0657395 ,-33.17054705,-29.28677207,-25.41762829,
-21.56431234,-17.73085415,-13.94343821,-10.25034295, -6.69354391,
-3.28434867,  0.        ,  3.18792038,  6.29868936,  9.34326155,
12.32754042, 15.25475398, 18.12713406, 20.94722049, 23.71873663,
26.44683853]
Dq
[ 3.72444635, 3.70657395, 3.68561634, 3.66084651, 3.63108976, 3.59405206,
3.54617083, 3.48585955, 3.41678098, 3.34677196, 3.28434867, 3.23206299,
3.18792038, 3.14934468, 3.11442052, 3.0818851 , 3.0509508 , 3.02118901,
2.99246007, 2.96484208, 2.93853761]
lnMrq
[[-12.12455674,-24.81204242,-38.34990126,-56.80280019,-75.01257428,
-83.47407999,-83.51021948],
[-11.40619673,-23.16378451,-35.51490759,-52.28928076,-68.83218978,
-75.88778298,-75.91838159],
[-10.67362364,-21.49490599,-32.67781414,-47.77307987,-62.63895655,
-68.30070302,-68.32654364],
[ -9.91820541,-19.79394682,-29.8359584 ,-43.25122365,-56.41561279,
-60.71300465,-60.73470565],
[ -9.12574287,-18.04300054,-26.98294607,-38.71690281,-50.11788452,
-53.12481663,-53.14286761],
[ -8.27329014,-16.21392082,-24.10268368,-34.15329429,-43.64746845,
-45.53623957,-45.55102952],
[ -7.32606631,-14.26151981,-21.15250465,-29.51460334,-36.87117259,
-37.94735212,-37.95919139],
[ -6.23877733,-12.11223099,-18.01750138,-24.66975537,-29.75898449,
-30.35821574,-30.3673532 ],
[ -4.96816224, -9.65879439,-14.44118567,-19.32954862,-22.42574265,
-22.76887853,-22.77551497],
[ -3.49402779, -6.80476039,-10.16058454,-13.29125898,-14.98807172,
-15.17937817,-15.18367669],
[ -1.82804702, -3.55373883, -5.26315182, -6.76428101, -7.50490762,
-7.58974423, -7.59183837],
[  0.        ,  0.        ,  0.        ,  0.        ,  0.        ,
0.        ,  0.        ],
[  1.96051052,  3.76348611,  5.47815982,  6.88830157,  7.51705255,
7.58983615,  7.59183842],
[  4.03210133,  7.6806196 , 11.10207313, 13.85434739, 15.04192028,
15.17974967, 15.18367688],
[  6.20172149, 11.72181649, 16.83775276, 20.8758055 , 22.57235712,
22.76972897, 22.77551539],
[  8.46245271, 15.87074478, 22.66620246, 27.94004165, 30.10704359,
30.35976478, 30.36735394],
[ 10.81121551, 20.11681092, 28.57518916, 35.03905693, 37.64512737,
37.94984967, 37.95919254],
[ 13.24657482, 24.45126013, 34.5555177 , 42.16736627, 45.18601837,
45.5399776 , 45.55103118],
[ 15.76660172, 28.8651605 , 40.59919169, 49.32097995, 52.72928651,
53.13014368, 53.14286987],
[ 18.36715755, 33.34866515, 46.69857301, 56.49686133, 60.27460582,
60.72034387, 60.7347086 ],
[ 21.04118817, 37.89123901, 52.84616073, 63.69261277, 67.82172154,
68.31057484, 68.32654738]]
fitNessAverage
[ 19.89558344, 19.90115144, 19.90218418, 19.90653283, 19.91878895,
19.91956563, 19.92284437, 19.91662915, 19.91526539, 19.93188184,
19.94452941, 19.96189023, 19.97301323, 19.97459307, 19.98378454,
19.99692515, 20.00406294, 19.99993   , 20.00101789, 20.00451765,
19.99743906, 19.98718743, 19.98556654, 19.98070699, 19.98621046,
19.98770645, 19.99981972, 20.0006611 , 20.00669784, 20.00620236,
20.00684807, 20.00338487, 19.99781145, 20.00234075, 20.00757614,
20.01150701, 20.01716024, 20.01904423, 20.02144047, 20.02591427,
20.03419251, 20.04186626, 20.04485631, 20.04205423, 20.03744375,
20.04278202, 20.04706862, 20.05006724, 20.05171922, 20.04975117,
20.05175232, 20.04334756, 20.03783944, 20.04641495, 20.04325047,
20.03131534, 20.02893416, 20.03244761]
fitNessMax
[ 20.0290195 , 20.10427464, 20.10427464, 20.09838121, 20.10693659,
20.12615934, 20.13227108, 20.13227108, 20.12615934, 20.1408148 ,
20.16588325, 20.16588325, 20.19320423, 20.19320423, 20.20392448,
20.24461911, 20.24461911, 20.20030711, 20.23344478, 20.17102638,
20.17102638, 20.17102638, 20.20582056, 20.15308275, 20.15308275,
20.2205063 , 20.2205063 , 20.2205063 , 20.2205063 , 20.17597793,
20.17597793, 20.17597793, 20.17597793, 20.15941313, 20.19583552,
20.24422508, 20.27505716, 20.21655222, 20.21655222, 20.22204387,
20.20970313, 20.21931743, 20.21931743, 20.20567952, 20.20340424,
20.20340424, 20.21072149, 20.21058074, 20.24614161, 20.24614161,
20.23942985, 20.23942985, 20.23942985, 20.23942985, 20.23942985,
20.20070571, 20.20070571, 20.18838995]
fitNessMin
[ 19.76639866, 19.69488247, 19.67352377, 19.67352377, 19.67352377,
19.7414393 , 19.7414393 , 19.7414393 , 19.74576398, 19.74576398,
19.69561185, 19.75059612, 19.75059612, 19.75059612, 19.75059612,
19.80740152, 19.80740152, 19.82711908, 19.82711908, 19.82711908,
19.79272236, 19.79272236, 19.79272236, 19.79272236, 19.79272236,
19.79272236, 19.79272236, 19.79272236, 19.79272236, 19.79272236,
19.79272236, 19.77145288, 19.77145288, 19.77145288, 19.79272236,
19.83797724, 19.83797724, 19.82931036, 19.82931036, 19.73383106,
19.82931036, 19.82931036, 19.76892804, 19.82123364, 19.82931036,
19.85675329, 19.85675329, 19.85675329, 19.85675329, 19.85442991,
19.85442991, 19.83760455, 19.74975922, 19.82545269, 19.84470578,
19.80588485, 19.80588485, 19.80588485]


SandBox Simulated Annealing
logR
[-1.94591015,-1.25276297,-0.84729786,-0.55961579,-0.33647224,-0.15415068,
0.        ]
IndexZero
10
Tq
[-40.99169393,-37.07561975,-33.16692415,-29.26873783,-25.38412292,
-21.51550292,-17.67143022,-13.88308594,-10.19971343, -6.65995466,
-3.26879191,  0.        ,  3.17558036,  6.27720151,  9.31532782,
12.29494768, 15.21822545, 18.0865627 , 20.90217164, 23.66895769,
26.3925376 ]
Dq
[ 3.72651763, 3.70756198, 3.68521379, 3.65859223, 3.62630327, 3.58591715,
3.53428604, 3.47077149, 3.39990448, 3.32997733, 3.26879191, 3.21808222,
3.17558036, 3.13860076, 3.10510927, 3.07373692, 3.04364509, 3.01442712,
2.98602452, 2.95861971, 2.93250418]
lnMrq
[[-12.34537714,-24.7386157 ,-38.87223355,-57.6202333 ,-75.56418437,
-83.47956519,-83.51023241],
[-11.62201927,-23.10411403,-35.97922331,-53.0196976 ,-69.31578533,
-75.89185649,-75.91839339],
[-10.88219793,-21.45444339,-33.08352466,-48.41470366,-63.05059084,
-68.30372718,-68.32655431],
[-10.11646092,-19.77938793,-30.18217644,-43.80122668,-56.74873478,
-60.71524786,-60.73471517],
[ -9.30971636,-18.06124868,-27.26854562,-39.17099323,-50.3630158 ,
-53.12647648,-53.14287597],
[ -8.4383084 ,-16.26923643,-24.32692755,-34.5056762 ,-43.79904036,
-45.53746063,-45.55103672],
[ -7.46737938,-14.35029832,-21.31742844,-29.76007101,-36.94598612,
-37.94823943,-37.95919741],
[ -6.35259745,-12.21751934,-18.13341326,-24.81340925,-29.79298212,
-30.35884501,-30.36735804],
[ -5.05247858, -9.75278068,-14.52660707,-19.40406346,-22.4434491 ,
-22.76930385,-22.77551861],
[ -3.54857327, -6.86623382,-10.2191393 ,-13.33346331,-14.99802453,
-15.17963779,-15.18367913],
[ -1.85398636, -3.58061851, -5.28956745, -6.78345794, -7.50943327,
-7.58986486, -7.59183959],
[  0.        ,  0.        ,  0.        ,  0.        ,  0.        ,
0.        ,  0.        ],
[  1.98236361,  3.78242954,  5.49644411,  6.90268357,  7.52095317,
7.5899444 ,  7.59183965],
[  4.07097292,  7.71235807, 11.13252377, 13.87923552, 15.04920025,
15.17995803, 15.18367935],
[  6.25299389, 11.76230454, 16.87626059, 20.90845747, 22.58258482,
22.77003228, 22.77551911],
[  8.52255005, 15.91834934, 22.71042685, 27.97853086, 30.11986948,
30.36015991, 30.36735893],
[ 10.87801818, 20.17210658, 28.62434232, 35.08203061, 37.66027054,
37.95033488, 37.95919879],
[ 13.31931544, 24.51605568, 34.60995292, 42.21390232, 45.20325206,
45.54055207, 45.55103872],
[ 15.84531965, 28.9411604 , 40.65982459, 49.37049113, 52.74842563,
53.13080713, 53.14287869],
[ 18.45199846, 33.4364592 , 46.7663136 , 56.54901903, 60.29549707,
60.72109637, 60.73471872],
[ 21.13190703, 37.99002337, 52.92152434, 63.74728142, 67.84423593,
68.31141663, 68.3265588 ]]


BoxCounting Genetic
logR
[-2.07944154,-1.38629436,-0.98082925,-0.69314718,-0.47000363,-0.28768207,
-0.13353139, 0.        ]
IndexZero
10
Tq
[-19.97957611,-18.32740207,-16.67558161,-15.02448808,-13.37491031,
-11.7285608 ,-10.08930564, -8.46633946, -6.88281613, -5.39426883,
-3.3607098 ,  0.        ,  3.2616541 ,  6.32922642,  9.27984427,
12.14806932, 14.9520466 , 17.70319212, 20.4098887 , 23.07897903,
25.71633777]
Dq
[ 1.8163251 , 1.83274021, 1.8528424 , 1.87806101, 1.91070147, 1.95476013,
2.01786113, 2.11658487, 2.29427204, 2.69713441, 3.3607098 , 3.40074585,
3.2616541 , 3.16461321, 3.09328142, 3.03701733, 2.99040932, 2.95053202,
2.91569839, 2.88487238, 2.85737086]
lnMrq
[[  8.11465545e+01,  7.96905812e+01,  7.88083418e+01,  7.77501189e+01,
7.71067854e+01,  7.58883401e+01,  7.20065941e+01,  0.00000000e+00],
[  7.35553884e+01,  7.20993100e+01,  7.12169499e+01,  7.01587839e+01,
6.95152518e+01,  6.82966614e+01,  6.44147324e+01,  0.00000000e+00],
[  6.59649364e+01,  6.45086439e+01,  6.36260388e+01,  6.25679863e+01,
6.19240534e+01,  6.07051676e+01,  5.68228707e+01,  0.00000000e+00],
[  5.83759514e+01,  5.69192190e+01,  5.60361119e+01,  5.49782855e+01,
5.43335400e+01,  5.31140478e+01,  4.92310090e+01,  0.00000000e+00],
[  5.07900211e+01,  4.93323737e+01,  4.84482259e+01,  4.73908471e+01,
4.67444438e+01,  4.55236884e+01,  4.16391473e+01,  0.00000000e+00],
[  4.32105809e+01,  4.17510035e+01,  4.08646574e+01,  3.98081542e+01,
3.91583370e+01,  3.79348913e+01,  3.40472856e+01,  0.00000000e+00],
[  3.56453390e+01,  3.41816487e+01,  3.32905242e+01,  3.22356833e+01,
3.15787383e+01,  3.03493610e+01,  2.64554239e+01,  0.00000000e+00],
[  2.81123745e+01,  2.66401505e+01,  2.57381634e+01,  2.46862230e+01,
2.40140778e+01,  2.27708946e+01,  1.88635621e+01,  0.00000000e+00],
[  2.06555332e+01,  1.91695501e+01,  1.82411096e+01,  1.71927679e+01,
1.64869795e+01,  1.52087778e+01,  1.12717132e+01,  0.00000000e+00],
[  1.33762780e+01,  1.19085586e+01,  1.09133785e+01,  9.85945294e+00,
9.07210190e+00,  7.69051307e+00,  3.70475305e+00,  0.00000000e+00],
[  6.44964860e+00,  5.31537112e+00,  4.31495157e+00,  3.25269737e+00,
2.25129180e+00,  8.62889955e-01,  1.98026273e-02,  0.00000000e+00],
[  0.00000000e+00,  0.00000000e+00,  0.00000000e+00,  0.00000000e+00,
0.00000000e+00,  0.00000000e+00,  0.00000000e+00,  0.00000000e+00],
[ -6.04541196e+00, -4.39162266e+00, -2.70655635e+00, -1.10840833e+00,
-1.42296346e-01, -2.93604479e-03, -2.01716557e-05,  0.00000000e+00],
[ -1.18298310e+01, -8.37320693e+00, -4.93525295e+00, -1.86236556e+00,
-2.16405962e-01, -4.40209083e-03, -3.02576361e-05,  0.00000000e+00],
[ -1.74442476e+01, -1.21318226e+01, -6.94864338e+00, -2.49267630e+00,
-2.81139412e-01, -5.85577056e-03, -4.03335457e-05,  0.00000000e+00],
[ -2.29345129e+01, -1.57375861e+01, -8.83206206e+00, -3.05506610e+00,
-3.41447145e-01, -7.30264133e-03, -5.04044704e-05,  0.00000000e+00],
[ -2.83253755e+01, -1.92257585e+01, -1.06271661e+01, -3.57227218e+00,
-3.98517755e-01, -8.74283785e-03, -6.04704153e-05,  0.00000000e+00],
[ -3.36322136e+01, -2.26192529e+01, -1.23583655e+01, -4.05618038e+00,
-4.52903912e-01, -1.01764367e-02, -7.05313828e-05,  0.00000000e+00],
[ -3.88661011e+01, -2.59359768e+01, -1.40413938e+01, -4.51401195e+00,
-5.04972761e-01, -1.16035125e-02, -8.05873753e-05,  0.00000000e+00],
[ -4.40361201e+01, -2.91911013e+01, -1.56870024e+01, -4.95062749e+00,
-5.55006423e-01, -1.30241386e-02, -9.06383951e-05,  0.00000000e+00],
[ -4.91503766e+01, -3.23975035e+01, -1.73028392e+01, -5.36954340e+00,
-6.03234081e-01, -1.44383872e-02, -1.00684445e-04,  0.00000000e+00]]
fitNessAverage
[ 23.30660599, 23.32361795, 23.34219049, 23.35148344, 23.35902066,
23.36424402, 23.36892203, 23.37430702, 23.38172211, 23.3766445 ,
23.37981919, 23.37849583, 23.38092451, 23.377442  , 23.3744196 ,
23.37295806, 23.37463133, 23.37233065, 23.36950949, 23.35965977,
23.35514079, 23.35293964, 23.35988768, 23.36475695]
fitNessMax
[ 23.40625569, 23.53951387, 23.5587289 , 23.53951387, 23.53951387,
23.49038134, 23.52002273, 23.51774193, 23.54708485, 23.54708485,
23.54708485, 23.51951249, 23.54316888, 23.5160046 , 23.5160046 ,
23.51595849, 23.51464446, 23.50679235, 23.50679235, 23.50679235,
23.50679235, 23.50679235, 23.53725059, 23.55207454]
fitNessMin
[ 23.13652504, 23.13652504, 23.13652504, 23.13652504, 23.17686973,
23.17686973, 23.17686973, 23.17686973, 23.17686973, 23.17686973,
23.18694048, 23.19387196, 23.19104904, 23.19104904, 23.18572834,
23.18572834, 23.18439653, 23.17972958, 23.18572834, 23.16034703,
23.17685277, 23.17685277, 23.1364855 , 23.08382989]


BoxCounting Simulated Annealing
logR
[-1.94591015,-1.25276297,-0.84729786,-0.55961579,-0.33647224,-0.15415068,
0.        ]
IndexZero
10
Tq
[ -3.90382812e+01, -3.54295904e+01, -3.18212621e+01, -2.82136675e+01,
-2.46075768e+01, -2.10046333e+01, -1.74084880e+01, -1.38276870e+01,
-1.02833383e+01, -6.82933504e+00, -3.55217397e+00, -2.20940782e-17,
3.45554970e+00,  6.73626193e+00,  9.91213443e+00,  1.30185043e+01,
1.60761857e+01,  1.90989506e+01,  2.20963512e+01,  2.50751066e+01,
2.80399582e+01]
Dq
[ 3.54893465, 3.54295904, 3.53569579, 3.52670843, 3.51536811, 3.50077222,
3.4816976 , 3.45692176, 3.42777942, 3.41466752, 3.55217397, 3.5771113 ,
3.4555497 , 3.36813096, 3.30404481, 3.25462609, 3.21523715, 3.18315843,
3.15662159, 3.13438832, 3.11555091]
lnMrq
[[  8.10667238e+01,  7.95302818e+01,  7.85579612e+01,  7.70178866e+01,
6.89872502e+01,  0.00000000e+00,  0.00000000e+00],
[  7.34754850e+01,  7.19391746e+01,  7.09663943e+01,  6.94266885e+01,
6.20886930e+01,  0.00000000e+00,  0.00000000e+00],
[  6.58848909e+01,  6.43488374e+01,  6.33751395e+01,  6.18361680e+01,
5.51903720e+01,  0.00000000e+00,  0.00000000e+00],
[  5.82956321e+01,  5.67600711e+01,  5.57845467e+01,  5.42470337e+01,
4.82926424e+01,  0.00000000e+00,  0.00000000e+00],
[  5.07091867e+01,  4.91745400e+01,  4.81954025e+01,  4.66607744e+01,
4.13963962e+01,  0.00000000e+00,  0.00000000e+00],
[  4.31288229e+01,  4.15957642e+01,  4.06095767e+01,  3.90806160e+01,
3.45038879e+01,  0.00000000e+00,  0.00000000e+00],
[  3.55620850e+01,  3.40313865e+01,  3.30318614e+01,  3.15139094e+01,
2.76208880e+01,  0.00000000e+00,  0.00000000e+00],
[  2.80272970e+01,  2.64987548e+01,  2.54756923e+01,  2.39787745e+01,
2.07625207e+01,  0.00000000e+00,  0.00000000e+00],
[  2.05705452e+01,  1.90411045e+01,  1.79824100e+01,  1.65251113e+01,
1.39695141e+01,  0.00000000e+00,  0.00000000e+00],
[  1.33011429e+01,  1.17916624e+01,  1.06924510e+01,  9.31003714e+00,
7.34831487e+00,  0.00000000e+00,  0.00000000e+00],
[  6.40522846e+00,  5.22574667e+00,  4.18965474e+00,  2.99573227e+00,
1.38629436e+00,  0.00000000e+00,  0.00000000e+00],
[  0.00000000e+00,  0.00000000e+00,  0.00000000e+00, -1.11022302e-16,
-1.11022302e-16,  0.00000000e+00,  0.00000000e+00],
[ -6.00590625e+00, -4.34598736e+00, -2.48414427e+00, -9.51939715e-01,
-1.92201465e-02,  0.00000000e+00,  0.00000000e+00],
[ -1.17602401e+01, -8.34874611e+00, -4.47633981e+00, -1.61020155e+00,
-2.88973158e-02,  0.00000000e+00,  0.00000000e+00],
[ -1.73550501e+01, -1.21764981e+01, -6.29913500e+00, -2.20138892e+00,
-3.85300810e-02,  0.00000000e+00,  0.00000000e+00],
[ -2.28410614e+01, -1.58939512e+01, -8.04707720e+00, -2.77037372e+00,
-4.81626031e-02,  0.00000000e+00,  0.00000000e+00],
[ -2.82496023e+01, -1.95365766e+01, -9.75501409e+00, -3.33114506e+00,
-5.77951237e-02,  0.00000000e+00,  0.00000000e+00],
[ -3.36018602e+01, -2.31270210e+01, -1.14390665e+01, -3.88879313e+00,
-6.74276443e-02,  0.00000000e+00,  0.00000000e+00],
[ -3.89127034e+01, -2.66805783e+01, -1.31082091e+01, -4.44524682e+00,
-7.70601649e-02,  0.00000000e+00,  0.00000000e+00],
[ -4.41926685e+01, -3.02078116e+01, -1.47679369e+01, -5.00124339e+00,
-8.66926855e-02,  0.00000000e+00,  0.00000000e+00],
[ -4.94492261e+01, -3.37161088e+01, -1.64217236e+01, -5.55706503e+00,
-9.63252061e-02,  0.00000000e+00,  0.00000000e+00]]


Fixed Size Genetic
logR
[-2.07944154,-1.38629436,-0.98082925,-0.69314718,-0.47000363,-0.28768207,
-0.13353139, 0.        ]
IndexZero
10
Tq
[-20.09488485,-18.44255   ,-16.79040846,-15.13867484,-13.48782487,
-11.83896185,-10.19479693, -8.56244282, -6.96163425, -5.44165308,
-3.36059491,  0.        ,  3.25812842,  6.31763709,  9.25437618,
12.1002239 , 14.87046025, 17.57418795, 20.21863589, 22.81094885,
25.35863837]
Dq
[ 1.82680771, 1.844255  , 1.86560094, 1.89233435, 1.92683212, 1.97316031,
2.03895939, 2.1406107 , 2.32054475, 2.72082654, 3.36059491, 3.39998533,
3.25812842, 3.15881854, 3.08479206, 3.02505598, 2.97409205, 2.92903132,
2.88837656, 2.85136861, 2.81762649]
lnMrq
[[  8.11397169e+01,  7.96876049e+01,  7.87739487e+01,  7.77862470e+01,
7.71219890e+01,  7.58985547e+01,  7.13144230e+01,  0.00000000e+00],
[  7.35485541e+01,  7.20963547e+01,  7.11826797e+01,  7.01948446e+01,
6.95305306e+01,  6.83068340e+01,  6.37235365e+01,  0.00000000e+00],
[  6.59581087e+01,  6.45057309e+01,  6.35920151e+01,  6.26039130e+01,
6.19394831e+01,  6.07152559e+01,  5.61336222e+01,  0.00000000e+00],
[  5.83691366e+01,  5.69163914e+01,  5.60025830e+01,  5.50139470e+01,
5.43492732e+01,  5.31239667e+01,  4.85456440e+01,  0.00000000e+00],
[  5.07832309e+01,  4.93297186e+01,  4.84156903e+01,  4.74259878e+01,
4.67607875e+01,  4.55332668e+01,  4.09615043e+01,  0.00000000e+00],
[  4.32038368e+01,  4.17486968e+01,  4.08341098e+01,  3.98422845e+01,
3.91759061e+01,  3.79437844e+01,  3.33849100e+01,  0.00000000e+00],
[  3.56386784e+01,  3.41800402e+01,  3.32639167e+01,  3.22678955e+01,
3.15987435e+01,  3.03568745e+01,  2.58229013e+01,  0.00000000e+00],
[  2.81058561e+01,  2.66398988e+01,  2.57191395e+01,  2.47149240e+01,
2.40387781e+01,  2.27756290e+01,  1.82881980e+01,  0.00000000e+00],
[  2.06492430e+01,  1.91716757e+01,  1.82354849e+01,  1.72153862e+01,
1.65199277e+01,  1.52078850e+01,  1.08017172e+01,  0.00000000e+00],
[  1.33704238e+01,  1.19133691e+01,  1.09253789e+01,  9.87212406e+00,
9.11546103e+00,  7.67809729e+00,  3.42523987e+00,  0.00000000e+00],
[  6.44521175e+00,  5.31802195e+00,  4.32585303e+00,  3.24959900e+00,
2.27521390e+00,  8.45868268e-01,  1.98026273e-02,  0.00000000e+00],
[  0.00000000e+00,  0.00000000e+00,  0.00000000e+00,  0.00000000e+00,
0.00000000e+00,  0.00000000e+00,  0.00000000e+00,  0.00000000e+00],
[ -6.03592890e+00, -4.38051649e+00, -2.70401870e+00, -1.05695624e+00,
-1.24607339e-01, -3.32099869e-03, -3.02474534e-05,  0.00000000e+00],
[ -1.18042473e+01, -8.33750939e+00, -4.94682953e+00, -1.76293085e+00,
-1.88347962e-01, -4.97905558e-03, -4.53715232e-05,  0.00000000e+00],
[ -1.73936389e+01, -1.20549388e+01, -6.98966339e+00, -2.36259628e+00,
-2.43591475e-01, -6.60671272e-03, -6.04704102e-05,  0.00000000e+00],
[ -2.28464428e+01, -1.55967423e+01, -8.91357843e+00, -2.91021736e+00,
-2.94741384e-01, -8.21838405e-03, -7.55568193e-05,  0.00000000e+00],
[ -2.81828601e+01, -1.89929946e+01, -1.07566952e+01, -3.42521741e+00,
-3.43031787e-01, -9.81479322e-03, -9.06307730e-05,  0.00000000e+00],
[ -3.34133986e+01, -2.22648980e+01, -1.25406828e+01, -3.91678336e+00,
-3.89069158e-01, -1.13963108e-02, -1.05692282e-04,  0.00000000e+00],
[ -3.85451673e+01, -2.54329102e+01, -1.42792229e+01, -4.39018612e+00,
-4.33241190e-01, -1.29632862e-02, -1.20741358e-04,  0.00000000e+00],
[ -4.35855041e+01, -2.85179060e+01, -1.59815871e+01, -4.84887397e+00,
-4.75826421e-01, -1.45160585e-02, -1.35778011e-04,  0.00000000e+00],
[ -4.85436934e+01, -3.15395134e+01, -1.76544030e+01, -5.29530332e+00,
-5.17036409e-01, -1.60549569e-02, -1.50802252e-04,  0.00000000e+00]]
fitNessAverage
[ 19.95834391, 19.95628718, 19.94312136, 19.93361056, 19.91972039,
19.91711494, 19.91525859, 19.92427947, 19.92671515, 19.92551259,
19.93526854, 19.97763619, 19.99448653, 20.00231302, 19.98445937,
19.98291001, 19.980247  , 19.99348444, 20.00422731, 20.00699722,
20.01470027, 20.01357479, 20.01592251, 20.02425098, 20.02536973,
20.03105686, 20.03150847, 20.03365117, 20.01449594, 20.00260612,
19.98148424, 19.97909917, 19.9738475 , 19.98785369, 19.99153783,
19.98494929, 19.97749976, 19.98127868, 19.97229485, 19.97860248,
19.97207538, 19.97127311, 19.97129237, 19.9877535 , 19.99752838]
fitNessMax
[ 20.07963044, 20.14470057, 20.15806013, 20.24017934, 20.24017934,
20.24017934, 20.24017934, 20.24017934, 20.23305229, 20.19120551,
20.19120551, 20.22594697, 20.23173312, 20.25565352, 20.22594697,
20.22594697, 20.25624136, 20.22124727, 20.28375228, 20.28398592,
20.28398592, 20.28375228, 20.28375228, 20.29079114, 20.28375228,
20.28375228, 20.27109638, 20.28166737, 20.28166737, 20.28166737,
20.28166737, 20.19730376, 20.19730376, 20.19730376, 20.23395497,
20.23395497, 20.21226549, 20.21226549, 20.19937511, 20.19937511,
20.19195772, 20.19195772, 20.18029219, 20.25254778, 20.25254778]
fitNessMin
[ 19.86298161, 19.72865865, 19.66740862, 19.66740862, 19.66085869,
19.66085869, 19.66085869, 19.66085869, 19.66085869, 19.66085869,
19.66085869, 19.69086522, 19.69086522, 19.69086522, 19.60738933,
19.73329997, 19.65920794, 19.75923544, 19.77768552, 19.77768552,
19.78381816, 19.78381816, 19.68627128, 19.68627128, 19.70069056,
19.70069056, 19.70069056, 19.70069056, 19.70069056, 19.70069056,
19.70069056, 19.70114303, 19.70114303, 19.70114303, 19.70114303,
19.70114303, 19.70114303, 19.70114303, 19.75355117, 19.75355117,
19.75355117, 19.78619825, 19.78619825, 19.78231469, 19.76564129]


Genetic fixed size Simulated Annealing
logR
[-1.94591015,-1.25276297,-0.84729786,-0.55961579,-0.33647224,-0.15415068,
0.        ]
IndexZero
10
Tq
[ -4.05375471, -4.05406981, -4.05470878, -4.05601377, -4.05870819,
-4.06436451, -4.07653916, -4.10370151, -4.16705169, -4.30636561,
-3.3013376 ,  0.        ,  3.45631195,  6.73034327,  9.88610674,
12.95442967, 15.95033238, 18.88204337, 21.75513649, 24.57477301,
27.34676148]
Dq
[ 0.36852316, 0.40540698, 0.4505232 , 0.50700172, 0.57981546, 0.67739409,
0.81530783, 1.02592538, 1.38901723, 2.15318281, 3.3013376 , 3.56973462,
3.45631195, 3.36517163, 3.29536891, 3.23860742, 3.19006648, 3.14700723,
3.10787664, 3.07184663, 3.03852905]
lnMrq
[[  8.11590474e+01,  7.96919629e+01,  7.88022590e+01,  7.78256774e+01,
7.70727218e+01,  7.57079818e+01,  7.13134470e+01],
[  7.35678372e+01,  7.21006932e+01,  7.12109212e+01,  7.02343058e+01,
6.94812367e+01,  6.81162072e+01,  6.37215852e+01],
[  6.59772964e+01,  6.45100301e+01,  6.36201186e+01,  6.26434342e+01,
6.18901353e+01,  6.05245225e+01,  5.61297235e+01],
[  5.83881318e+01,  5.69206111e+01,  5.60304095e+01,  5.50535836e+01,
5.42998162e+01,  5.29330239e+01,  4.85378618e+01],
[  5.08018363e+01,  4.93337769e+01,  4.84429609e+01,  4.74658399e+01,
4.67111083e+01,  4.53419175e+01,  4.09460001e+01],
[  4.32216525e+01,  4.17524252e+01,  4.08602684e+01,  3.98825166e+01,
3.91257732e+01,  3.77516609e+01,  3.33541384e+01],
[  3.56548994e+01,  3.41830863e+01,  3.32878716e+01,  3.23087153e+01,
3.15476871e+01,  3.01633298e+01,  2.57622767e+01],
[  2.81189277e+01,  2.66415058e+01,  2.57388342e+01,  2.47563421e+01,
2.39859012e+01,  2.25796608e+01,  1.81704150e+01],
[  2.06565693e+01,  1.91701440e+01,  1.82473951e+01,  1.72561511e+01,
1.64639043e+01,  1.50084584e+01,  1.05785787e+01],
[  1.33696345e+01,  1.19051398e+01,  1.09245638e+01,  9.90613226e+00,
9.05617050e+00,  7.47638693e+00,  3.03591431e+00],
[  6.43968578e+00,  5.30380230e+00,  4.31053063e+00,  3.25192368e+00,
2.22137504e+00,  7.41937345e-01,  9.95033085e-03],
[  0.00000000e+00,  0.00000000e+00,  0.00000000e+00,  0.00000000e+00,
0.00000000e+00,  0.00000000e+00,  0.00000000e+00],
[ -6.02515647e+00, -4.36457214e+00, -2.66352612e+00, -1.01558573e+00,
-1.21048058e-01, -3.22092962e-03, -1.00857770e-05],
[ -1.17848776e+01, -8.31965040e+00, -4.85311449e+00, -1.68789108e+00,
-1.83318950e-01, -4.82576194e-03, -1.51287036e-05],
[ -1.73705205e+01, -1.20519562e+01, -6.82956279e+00, -2.25237302e+00,
-2.37035982e-01, -6.38316055e-03, -2.01665695e-05],
[ -2.28252989e+01, -1.56286304e+01, -8.67070503e+00, -2.76030566e+00,
-2.86673042e-01, -7.91524133e-03, -2.52019176e-05],
[ -2.81699105e+01, -1.90814686e+01, -1.04107185e+01, -3.23075648e+00,
-3.33483816e-01, -9.42368276e-03, -3.02347506e-05],
[ -3.34149033e+01, -2.24293055e+01, -1.20681813e+01, -3.67297666e+00,
-3.78062973e-01, -1.09093950e-02, -3.52650696e-05],
[ -3.85667036e+01, -2.56862332e+01, -1.36555517e+01, -4.09218972e+00,
-4.20774971e-01, -1.23732210e-02, -4.02928758e-05],
[ -4.36311867e+01, -2.88651819e+01, -1.51831604e+01, -4.49165704e+00,
-4.61874624e-01, -1.38159671e-02, -4.53181706e-05],
[ -4.86156445e+01, -3.19790328e+01, -1.66606693e+01, -4.87358770e+00,
-5.01553948e-01, -1.52384055e-02, -5.03409552e-05]]


Execution time

Box Counting	Box Counting Fixed	SandBox	Genetic SandBox	Simulated SandBox	Genetic BCFS	Simulated BCFS
[ 68581.7578299 , 70942.03717184,  1647.58905506, 26952.55496192,
8707.16085505, 18637.00811219,  8856.55711794, 13702.76590586,
8855.79008102]
Fractal dimension
3.31089262088
