BCAlgorithm
logR
[-2.19722458,-1.5040774 ,-1.09861229,-0.81093022,-0.58778666,-0.40546511,
-0.25131443,-0.11778304, 0.        ]
IndexZero
10
Tq
[ -4.75767234e+01, -4.31738234e+01, -3.87711252e+01, -3.43688364e+01,
-2.99673850e+01, -2.55676654e+01, -2.11715886e+01, -1.67833782e+01,
-1.24128547e+01, -8.08463155e+00, -3.85907339e+00, -2.48317518e-17,
2.25043806e+00,  3.73395849e+00,  5.07744792e+00,  6.39433871e+00,
7.70153042e+00,  9.00343627e+00,  1.03019039e+01,  1.15979825e+01,
1.28923661e+01]
Dq
[ 4.32515668, 4.31738234, 4.30790279, 4.29610455, 4.281055  , 4.26127756,
4.23431772, 4.19584456, 4.13761822, 4.04231577, 3.85907339, 3.02916024,
2.25043806, 1.86697925, 1.69248264, 1.59858468, 1.54030608, 1.50057271,
1.47170055, 1.44974781, 1.43248512]
lnMrq
[[  8.51118505e+01,  8.35334691e+01,  8.29558598e+01,  8.09565768e+01,
7.94902542e+01,  0.00000000e+00,  0.00000000e+00,  0.00000000e+00,
0.00000000e+00],
[  7.72730343e+01,  7.56948303e+01,  7.51169252e+01,  7.31177665e+01,
7.16514480e+01,  0.00000000e+00,  0.00000000e+00,  0.00000000e+00,
0.00000000e+00],
[  6.94345370e+01,  6.78566916e+01,  6.72781916e+01,  6.52792986e+01,
6.38129667e+01,  0.00000000e+00,  0.00000000e+00,  0.00000000e+00,
0.00000000e+00],
[  6.15966839e+01,  6.00195685e+01,  5.94398685e+01,  5.74415572e+01,
5.59751346e+01,  0.00000000e+00,  0.00000000e+00,  0.00000000e+00,
0.00000000e+00],
[  5.37601393e+01,  5.21845227e+01,  5.16023934e+01,  4.96053939e+01,
4.81385970e+01,  0.00000000e+00,  0.00000000e+00,  0.00000000e+00,
0.00000000e+00],
[  4.59262720e+01,  4.43537760e+01,  4.37667024e+01,  4.17727565e+01,
4.03046333e+01,  0.00000000e+00,  0.00000000e+00,  0.00000000e+00,
0.00000000e+00],
[  3.80979432e+01,  3.65320872e+01,  3.59348746e+01,  3.39482431e+01,
3.24757582e+01,  0.00000000e+00,  0.00000000e+00,  0.00000000e+00,
0.00000000e+00],
[  3.02812628e+01,  2.87300340e+01,  2.81117998e+01,  2.61429270e+01,
2.46568292e+01,  0.00000000e+00,  0.00000000e+00,  0.00000000e+00,
0.00000000e+00],
[  2.24897162e+01,  2.09725122e+01,  2.03099963e+01,  1.83830675e+01,
1.68569183e+01,  0.00000000e+00,  0.00000000e+00,  0.00000000e+00,
0.00000000e+00],
[  1.47547577e+01,  1.33232397e+01,  1.25653382e+01,  1.07248855e+01,
9.09200741e+00,  0.00000000e+00,  0.00000000e+00,  0.00000000e+00,
0.00000000e+00],
[  7.15851400e+00,  5.96870756e+00,  4.99721227e+00,  3.29583687e+00,
1.60943791e+00,  0.00000000e+00,  0.00000000e+00,  0.00000000e+00,
0.00000000e+00],
[  0.00000000e+00,  2.22044605e-16, -2.22044605e-16, -2.22044605e-16,
-1.11022302e-16,  0.00000000e+00,  0.00000000e+00,  0.00000000e+00,
0.00000000e+00],
[ -5.51348898e+00, -1.90267722e+00, -2.56680484e-01, -3.89718062e-02,
-3.94290554e-03,  0.00000000e+00,  0.00000000e+00,  0.00000000e+00,
0.00000000e+00],
[ -9.27676176e+00, -2.92402645e+00, -3.85433993e-01, -5.84860166e-02,
-5.91599414e-03,  0.00000000e+00,  0.00000000e+00,  0.00000000e+00,
0.00000000e+00],
[ -1.26534438e+01, -3.90484093e+00, -5.13913295e-01, -7.79813836e-02,
-7.88799309e-03,  0.00000000e+00,  0.00000000e+00,  0.00000000e+00,
0.00000000e+00],
[ -1.59547215e+01, -4.88177980e+00, -6.42391624e-01, -9.74767295e-02,
-9.85999136e-03,  0.00000000e+00,  0.00000000e+00,  0.00000000e+00,
0.00000000e+00],
[ -1.92280292e+01, -5.85823008e+00, -7.70869949e-01, -1.16972075e-01,
-1.18319896e-02,  0.00000000e+00,  0.00000000e+00,  0.00000000e+00,
0.00000000e+00],
[ -2.24859908e+01, -6.83461442e+00, -8.99348273e-01, -1.36467421e-01,
-1.38039879e-02,  0.00000000e+00,  0.00000000e+00,  0.00000000e+00,
0.00000000e+00],
[ -2.57339532e+01, -7.81098964e+00, -1.02782660e+00, -1.55962767e-01,
-1.57759862e-02,  0.00000000e+00,  0.00000000e+00,  0.00000000e+00,
0.00000000e+00],
[ -2.89749653e+01, -8.78736358e+00, -1.15630492e+00, -1.75458113e-01,
-1.77479845e-02,  0.00000000e+00,  0.00000000e+00,  0.00000000e+00,
0.00000000e+00],
[ -3.22110455e+01, -9.76373735e+00, -1.28478325e+00, -1.94953459e-01,
-1.97199827e-02,  0.00000000e+00,  0.00000000e+00,  0.00000000e+00,
0.00000000e+00]]
FSBCAlgorithm
logR
[-2.19722458,-1.5040774 ,-1.09861229,-0.81093022,-0.58778666,-0.40546511,
-0.25131443,-0.11778304, 0.        ]
IndexZero
10
Tq
[ -4.43718683e+00, -4.43669267e+00, -4.43570605e+00, -4.43374062e+00,
-4.42984412e+00, -4.42219674e+00, -4.40749925e+00, -4.38045027e+00,
-4.33496303e+00, -4.27011426e+00, -3.43263048e+00, -4.04746061e-18,
2.73334990e+00,  4.54127229e+00,  6.01821732e+00,  7.36629013e+00,
8.63806845e+00,  9.85612311e+00,  1.10338550e+01,  1.21805952e+01,
1.33033607e+01]
Dq
[ 0.40338062, 0.44366927, 0.49285623, 0.55421758, 0.63283487, 0.73703279,
0.88149985, 1.09511257, 1.44498768, 2.13505713, 3.43263048, 3.41397347,
2.7333499 , 2.27063614, 2.00607244, 1.84157253, 1.72761369, 1.64268719,
1.576265  , 1.52257439, 1.47815119]
lnMrq
[[  8.51996078e+01,  8.36451396e+01,  8.31163677e+01,  8.21765824e+01,
8.14118340e+01,  7.99493755e+01,  7.82157258e+01,  7.64249820e+01,
7.45992351e+01],
[  7.73607912e+01,  7.58064815e+01,  7.52776207e+01,  7.43378468e+01,
7.35730577e+01,  7.21109271e+01,  7.03779068e+01,  6.85872360e+01,
6.67614731e+01],
[  6.95222931e+01,  6.79683059e+01,  6.74392649e+01,  6.64995145e+01,
6.57346430e+01,  6.42731726e+01,  6.25414078e+01,  6.07508776e+01,
5.89250762e+01],
[  6.16844386e+01,  6.01311140e+01,  5.96017047e+01,  5.86620041e+01,
5.78969645e+01,  5.64368262e+01,  5.47075582e+01,  5.29172925e+01,
5.10913955e+01],
[  5.38478917e+01,  5.22959479e+01,  5.17657772e+01,  5.08261847e+01,
5.00607967e+01,  4.86033531e+01,  4.68790206e+01,  4.50892329e+01,
4.32630895e+01],
[  4.60140209e+01,  4.44650171e+01,  4.39332482e+01,  4.29938961e+01,
4.22277688e+01,  4.07757830e+01,  3.90610857e+01,  3.72720996e+01,
3.54453033e+01],
[  3.81856868e+01,  3.66431545e+01,  3.61079549e+01,  3.51691522e+01,
3.44013883e+01,  3.29604245e+01,  3.12640591e+01,  2.94762227e+01,
2.76476751e+01],
[  3.03689876e+01,  2.88414362e+01,  2.82986610e+01,  2.73611274e+01,
2.65894879e+01,  2.51704323e+01,  2.35071427e+01,  2.17203787e+01,
1.98871772e+01],
[  2.25772954e+01,  2.10870433e+01,  2.05271229e+01,  1.95923820e+01,
1.88106277e+01,  1.74329201e+01,  1.58231225e+01,  1.40357061e+01,
1.21906405e+01],
[  1.48412057e+01,  1.34527262e+01,  1.28552294e+01,  1.19250105e+01,
1.11134456e+01,  9.80232581e+00,  8.26111912e+00,  6.46954718e+00,
4.60538036e+00],
[  7.23670024e+00,  6.15105431e+00,  5.50162160e+00,  4.57235327e+00,
3.67519633e+00,  2.47969873e+00,  1.23807725e+00,  3.40334520e-01,
5.76814361e-02],
[  0.00000000e+00,  0.00000000e+00,  0.00000000e+00, -1.11022302e-16,
-1.11022302e-16,  0.00000000e+00,  0.00000000e+00,  0.00000000e+00,
0.00000000e+00],
[ -6.01709428e+00, -3.18162416e+00, -1.41155625e+00, -4.69276247e-01,
-1.29686158e-01, -3.22144687e-02, -6.96215479e-03, -1.16181373e-03,
-1.41948830e-04],
[ -1.02321687e+01, -4.94970828e+00, -2.05715831e+00, -6.87046291e-01,
-1.91171321e-01, -4.79005762e-02, -1.03952811e-02, -1.73831264e-03,
-2.12726814e-04],
[ -1.36821388e+01, -6.39384807e+00, -2.55931636e+00, -8.64493611e-01,
-2.43768981e-01, -6.15619006e-02, -1.34387191e-02, -2.27912778e-03,
-2.82309504e-04],
[ -1.68540196e+01, -7.68026609e+00, -2.98912433e+00, -1.01999892e+00,
-2.91459693e-01, -7.41331677e-02, -1.62757045e-02, -2.80090809e-03,
-3.51232473e-04],
[ -1.98683208e+01, -8.86055474e+00, -3.37362179e+00, -1.16064279e+00,
-3.35759542e-01, -8.59658164e-02, -1.89719796e-02, -3.30668736e-03,
-4.19516219e-04],
[ -2.27743484e+01, -9.96057751e+00, -3.72676744e+00, -1.29018327e+00,
-3.77477172e-01, -9.72419283e-02, -2.15611105e-02, -3.79803813e-03,
-4.87171940e-04],
[ -2.56008133e+01, -1.09968464e+01, -4.05672633e+00, -1.41093469e+00,
-4.17116261e-01, -1.08072270e-01, -2.40633658e-02, -4.27622102e-03,
-5.54210424e-04],
[ -2.83674447e+01, -1.19815973e+01, -4.36867146e+00, -1.52446293e+00,
-4.55021258e-01, -1.18531174e-01, -2.64922998e-02, -4.74233600e-03,
-6.20642234e-04],
[ -3.10888694e+01, -1.29246216e+01, -4.66608247e+00, -1.63189957e+00,
-4.91442998e-01, -1.28671926e-01, -2.88576168e-02, -5.19735648e-03,
-6.86477716e-04]]

SBAlgorithm
logR
[-2.07944154,-1.38629436,-0.98082925,-0.69314718,-0.47000363,-0.28768207,
-0.13353139, 0.        ]
IndexZero
10
Tq
[-38.28804506,-34.90607108,-31.50931806,-28.0912758 ,-24.65101221,
-21.19511433,-17.73300548,-14.27137299,-10.80278151, -7.23910439,
-3.51176844,  0.        ,  2.67296913,  4.6219822 ,  6.24644917,
7.72794534,  9.1258365 , 10.46806653, 11.77121574, 13.04606441,
14.29995699]
Dq
[ 3.48073137, 3.49060711, 3.50103534, 3.51140947, 3.52157317, 3.53251906,
3.5466011 , 3.56784325, 3.60092717, 3.6195522 , 3.51176844, 3.12815495,
2.67296913, 2.3109911 , 2.08214972, 1.93198633, 1.8251673 , 1.74467775,
1.68160225, 1.63075805, 1.58888411]
lnMrq
[[ -8.78736652,-15.96050659,-22.90569981,-28.79513761,-39.30732821,
-63.30732664,-84.03078879,-86.22145628],
[ -8.09094682,-14.84351338,-21.27855582,-26.81284397,-36.36446643,
-58.18990867,-76.83850623,-78.38343225],
[ -7.39282535,-13.71941129,-19.64622529,-24.82464593,-33.42004589,
-53.07188647,-69.55277323,-70.54532793],
[ -6.6920832 ,-12.58515523,-18.00659272,-22.82792025,-30.4737184 ,
-47.95271983,-62.13221149,-62.70715273],
[ -5.98726789,-11.43619364,-16.35630875,-20.81847205,-27.52497703,
-42.83073038,-54.5645417 ,-54.86891488],
[ -5.27603905,-10.26555915,-14.68983029,-18.78919007,-24.57292791,
-37.70035566,-46.87768365,-47.03062157],
[ -4.5545179 , -9.06221771,-12.99751527,-16.72726816,-21.6156017 ,
-32.54471728,-39.11601383,-39.19227911],
[ -3.81599605, -7.80772876,-11.26156321,-14.6083661 ,-18.64771719,
-27.31995005,-31.31497748,-31.353893  ],
[ -3.04806186, -6.46822108, -9.44617916,-12.38374382,-15.65134256,
-21.86203272,-23.49514569,-23.51546806],
[ -2.2250319 , -4.9694082 , -7.46417701, -9.93835798,-12.49421234,
-15.38198892,-15.66668728,-15.67700852],
[ -1.28221335, -3.08791731, -4.91480723, -6.52629083, -7.50370483,
-7.79769193, -7.83427495, -7.83851809],
[  0.        ,  0.        ,  0.        ,  0.        ,  0.        ,
0.        ,  0.        ,  0.        ],
[  2.30709107,  5.09697066,  6.74929192,  7.50424256,  7.75219844,
7.81898782,  7.83520177,  7.83854289],
[  5.99232015, 11.15212737, 13.89526388, 15.1161328 , 15.52811984,
15.64211782, 15.67090386, 15.67710808],
[ 10.35022636, 17.5286634 , 21.19595421, 22.76827087, 23.31297453,
23.46707587, 23.50690475, 23.51569337],
[ 14.99195566, 24.06809715, 28.58252025, 30.44409936, 31.10302413,
31.29317724, 31.34310385, 31.35429682],
[ 19.79351069, 30.71506405, 36.02275274, 38.13623463, 38.89667554,
39.120095  , 39.17944716, 39.19291674],
[ 24.6973887 , 37.44233994, 43.49928528, 45.84058955, 46.69306403,
46.94763742, 47.01590312, 47.03155162],
[ 29.66968931, 44.23320991, 51.00200642, 53.55460712, 54.49165003,
54.77567996, 54.85245166, 54.87020012],
[ 34.68883943, 51.07569618, 58.52464288, 61.27654693, 62.29206519,
62.60413644, 62.68907897, 62.70886109],
[ 39.74072316, 57.96034594, 66.06307443, 69.00514863, 70.09404194,
70.43294441, 70.52577502, 70.54753348]]


SandBox Genetic
logR
[-1.94591015,-1.25276297,-0.84729786,-0.55961579,-0.33647224,-0.15415068,
0.        ]
IndexZero
10
Tq
[-8.15822089,-7.70077441,-7.21312138,-6.69602607,-6.1541341 ,-5.58889542,
-4.98241622,-4.26494083,-3.35014685,-2.26773125,-1.11474668, 0.        ,
0.8538688 , 1.21983262, 1.30146018, 1.31138904, 1.3068011 , 1.29893845,
1.2902343 , 1.28136457, 1.27257405]
Dq
[ 0.74165644, 0.77007744, 0.80145793, 0.83700326, 0.87916201, 0.93148257,
0.99648324, 1.06623521, 1.11671562, 1.13386563, 1.11474668, 1.03815967,
0.8538688 , 0.60991631, 0.43382006, 0.32784726, 0.26136022, 0.21648974,
0.18431919, 0.16017057, 0.14139712]
lnMrq
[[-66.27552197,-67.24630898,-69.05596008,-70.98586671,-73.06805951,
-75.94308433,-86.5989137 ],
[-60.26469278,-61.19634042,-62.98453618,-64.90040438,-67.01264282,
-69.64775528,-79.04741579],
[-54.25346073,-55.14264705,-56.90549352,-58.80754249,-60.9488964 ,
-63.35221881,-71.38091763],
[-48.24178495,-49.08446123,-50.81653748,-52.70490478,-54.87203203,
-57.05570794,-63.60510503],
[-42.22961858,-43.02073452,-44.7141945 ,-46.58860235,-48.77364603,
-50.75441836,-55.74494847],
[-36.21690732,-36.94998717,-38.59291571,-40.45152202,-42.63684601,
-44.42936385,-47.82968252],
[-30.20358494,-30.87005113,-32.4432934 ,-34.27848203,-36.41889261,
-37.99323615,-39.88225313],
[-24.18954805,-24.77760189,-26.24843384,-28.0314928 ,-29.99518134,
-31.17485923,-31.91727929],
[-18.17448376,-18.66717192,-19.97683913,-21.61196937,-23.10940519,
-23.73202442,-23.94307902],
[-12.15664599,-12.52836598,-13.57102873,-14.83327293,-15.65760133,
-15.9052365 ,-15.96411002],
[ -6.12423716, -6.3349997 , -6.94159192, -7.58363879, -7.88489643,
-7.96541453, -7.98268858],
[  0.        ,  0.        ,  0.        ,  0.        ,  0.        ,
0.        ,  0.        ],
[  6.56277509,  6.72723396,  7.26805999,  7.7395778 ,  7.9216485 ,
7.97174795,  7.98335337],
[ 13.96803479, 14.09301695, 14.7914734 , 15.54763825, 15.85763149,
15.94570986, 15.96706599],
[ 21.83725859, 21.88701081, 22.48146369, 23.39096559, 23.80071035,
23.92084115, 23.95098256],
[ 29.80577298, 29.82303671, 30.27382088, 31.25614512, 31.74809616,
31.8967662 , 31.93502365],
[ 37.78933077, 37.79556825, 38.12951579, 39.13676404, 39.6984899 ,
39.87329103, 39.91914809],
[ 45.77502574, 45.77765703, 46.02551172, 47.02921844, 47.65117853,
47.85029202, 47.90333406],
[ 53.76102211, 53.76248943, 53.94795083, 54.93122168, 55.60571834,
55.82768277, 55.88756955],
[ 61.74706113, 61.74818429, 61.88823384, 62.84119222, 63.56180731,
63.8054001 , 63.87184755],
[ 69.73310633, 69.73417039, 69.84085132, 70.7579657 , 71.51922635,
71.78339649, 71.85616362]]
fitNessAverage
[ 2.69348369, 2.71097897, 2.72024524, 2.72965898, 2.73178062, 2.73409598,
2.73871199, 2.7407942 , 2.73867525, 2.73884291, 2.73801076, 2.73947744,
2.73777891, 2.73824606, 2.73853092, 2.73882282, 2.73864479, 2.73838763,
2.73881653, 2.73701133, 2.73639513, 2.73551948, 2.73788222, 2.74052911,
2.73896169]
fitNessMax
[ 2.75602295, 2.84441041, 2.84441041, 2.88098121, 2.84832119, 2.84832119,
2.84832119, 2.83655074, 2.82387879, 2.81365327, 2.79458252, 2.79308023,
2.78979415, 2.78979415, 2.78979415, 2.78979415, 2.78979415, 2.78979415,
2.79385315, 2.78979415, 2.77664856, 2.77621756, 2.77621756, 2.76892362,
2.78315699]
fitNessMin
[ 2.59226881, 2.59226881, 2.59226881, 2.59226881, 2.59226881, 2.59226881,
2.64179093, 2.64812587, 2.64143131, 2.64143131, 2.64836843, 2.65525643,
2.65525643, 2.65525643, 2.66470524, 2.6679277 , 2.6679277 , 2.63691765,
2.63691765, 2.63691765, 2.63691765, 2.65210403, 2.6458541 , 2.66820822,
2.66820822]


SandBox Simulated Annealing
logR
[-1.94591015,-1.25276297,-0.84729786,-0.55961579,-0.33647224,-0.15415068,
0.        ]
IndexZero
10
Tq
[-8.38189496,-7.89040744,-7.36968559,-6.8247863 ,-6.2604427 ,-5.67354712,
-5.0361316 ,-4.276837  ,-3.34219868,-2.26131808,-1.11177109, 0.        ,
0.85022433, 1.21411722, 1.29565929, 1.30587983, 1.30156698, 1.29394791,
1.28546611, 1.27680057, 1.26819627]
Dq
[ 0.76199045, 0.78904074, 0.81885395, 0.85309829, 0.89434896, 0.94559119,
1.00722632, 1.06920925, 1.11406623, 1.13065904, 1.11177109, 1.03482813,
0.85022433, 0.60705861, 0.43188643, 0.32646996, 0.2603134 , 0.21565798,
0.18363802, 0.15960007, 0.1409107 ]
lnMrq
[[-66.28476875,-67.24195012,-69.02459532,-70.9328735 ,-73.07053872,
-76.57067625,-86.98682384],
[-60.27341809,-61.19295923,-62.95640672,-64.84599795,-66.97476946,
-70.27172724,-79.32900244],
[-54.26162913,-55.14037486,-56.88084426,-58.75150206,-60.87093497,
-63.96979705,-71.56210914],
[-48.24935817,-49.08343755,-50.7956034 ,-52.64706537,-54.75583673,
-57.66158161,-63.70955238],
[-42.2365551 ,-43.02110074,-44.69717881,-46.52898397,-48.62373676,
-51.33709068,-55.80003128],
[-36.22316179,-36.9518721 ,-38.57996405,-40.39062405,-42.46240491,
-44.95935162,-47.85669979],
[-30.20910739,-30.87353946,-32.43447602,-34.21795901,-36.23830672,
-38.39499637,-39.89460462],
[-24.19428266,-24.78266741,-26.24375248,-27.97562854,-29.84483886,
-31.35931665,-31.92244352],
[-18.17836557,-18.67353739,-19.97621548,-21.56952104,-23.03028373,
-23.77105506,-23.94494583],
[-12.15958669,-12.53520969,-13.57393168,-14.81266024,-15.63433047,
-15.90818816,-15.964608  ],
[ -6.12604593, -6.34035729, -6.94564872, -7.57915985, -7.88044632,
-7.96469969, -7.98273279],
[  0.        ,  0.        ,  0.        ,  0.        ,  0.        ,
0.        ,  0.        ],
[  6.56612614,  6.73565516,  7.27666181,  7.74025496,  7.9206398 ,
7.97112046,  7.98323253],
[ 13.9739363 , 14.10460711, 14.80858398, 15.55020405, 15.85646103,
15.94478088, 15.96677321],
[ 21.84373059, 21.89687774, 22.50392283, 23.3956257 , 23.79964534,
23.91977263, 23.95051672],
[ 29.81232743, 29.83120993, 30.29835327, 31.26291293, 31.74723769,
31.89562188, 31.93440305],
[ 37.79590985, 37.80285068, 38.15389678, 39.14559819, 39.69787485,
39.87209559, 39.91839644],
[ 45.7816246 , 45.78452649, 46.0485446 , 47.04003867, 47.65081578,
47.84905717, 47.90247436],
[ 53.76764059, 53.76917257, 53.96913458, 54.94391494, 55.60560534,
55.82641663, 55.88662188],
[ 61.7536993 , 61.75478403, 61.90746669, 62.85562139, 63.56193809,
63.80411009, 63.87082849],
[ 69.7397642 , 69.74073362, 69.85823467, 70.77397874, 71.51959529,
71.78208994, 71.85508648]]


BoxCounting Genetic
logR
[-2.19722458,-1.5040774 ,-1.09861229,-0.81093022,-0.58778666,-0.40546511,
-0.25131443,-0.11778304, 0.        ]
IndexZero
10
Tq
[ -1.85867821e+01, -1.71188123e+01, -1.56504276e+01, -1.41812265e+01,
-1.27104429e+01, -1.12366844e+01, -9.75767161e+00, -8.27055067e+00,
-6.77476809e+00, -5.28228325e+00, -3.49582096e+00, -4.04746061e-18,
2.71550752e+00,  4.49086601e+00,  5.95089831e+00,  7.30312126e+00,
8.59999081e+00,  9.86245102e+00,  1.11013523e+01,  1.23230681e+01,
1.35316560e+01]
Dq
[ 1.68970746, 1.71188123, 1.73893641, 1.77265331, 1.81577756, 1.87278074,
1.95153432, 2.06763767, 2.25825603, 2.64114162, 3.49582096, 3.41667694,
2.71550752, 2.24543301, 1.98363277, 1.82578031, 1.71999816, 1.64374184,
1.58590747, 1.54038351, 1.50351734]
lnMrq
[[  8.51996031e+01,  8.36597437e+01,  8.31175853e+01,  8.21653973e+01,
8.13677162e+01,  7.98667941e+01,  7.81441223e+01,  7.53981201e+01,
0.00000000e+00],
[  7.73607806e+01,  7.58210824e+01,  7.52788435e+01,  7.43266697e+01,
7.35289482e+01,  7.20283830e+01,  7.03062598e+01,  6.75615178e+01,
0.00000000e+00],
[  6.95222706e+01,  6.79829008e+01,  6.74404980e+01,  6.64883530e+01,
6.56905508e+01,  6.41907041e+01,  6.24696687e+01,  5.97274259e+01,
0.00000000e+00],
[  6.16843926e+01,  6.01456972e+01,  5.96029589e+01,  5.86508720e+01,
5.78529089e+01,  5.63545110e+01,  5.46356201e+01,  5.18982982e+01,
0.00000000e+00],
[  5.38477992e+01,  5.23105081e+01,  5.17670748e+01,  5.08151060e+01,
5.00168212e+01,  4.85213507e+01,  4.68066420e+01,  4.40788791e+01,
0.00000000e+00],
[  4.60138375e+01,  4.44795329e+01,  4.39346359e+01,  4.29829073e+01,
4.21839731e+01,  4.06944191e+01,  3.89877058e+01,  3.62780437e+01,
0.00000000e+00],
[  3.81853298e+01,  3.66575826e+01,  3.61095324e+01,  3.51582919e+01,
3.43580107e+01,  3.28803532e+01,  3.11883550e+01,  2.85113672e+01,
0.00000000e+00],
[  3.03683163e+01,  2.88556785e+01,  2.83006461e+01,  2.73503775e+01,
2.65471149e+01,  2.50928951e+01,  2.34260186e+01,  2.08030751e+01,
0.00000000e+00],
[  2.25761240e+01,  2.11008181e+01,  2.05300063e+01,  1.95815274e+01,
1.87706971e+01,  1.73599093e+01,  1.57296433e+01,  1.31833082e+01,
0.00000000e+00],
[  1.48394928e+01,  1.34649401e+01,  1.28602149e+01,  1.19140900e+01,
1.10790133e+01,  9.73545423e+00,  8.14063822e+00,  5.67972924e+00,
0.00000000e+00],
[  7.23511469e+00,  6.15670352e+00,  5.51213759e+00,  4.56912841e+00,
3.64597195e+00,  2.41591378e+00,  1.10856262e+00,  1.65514438e-01,
0.00000000e+00],
[  0.00000000e+00,  0.00000000e+00,  0.00000000e+00, -1.11022302e-16,
-1.11022302e-16,  0.00000000e+00,  0.00000000e+00,  0.00000000e+00,
0.00000000e+00],
[ -5.99608348e+00, -3.07783192e+00, -1.47675817e+00, -4.48753112e-01,
-1.07095931e-01, -2.04034303e-02, -3.01976080e-03, -2.44024752e-04,
0.00000000e+00],
[ -1.01660275e+01, -4.72976816e+00, -2.15084161e+00, -6.56035026e-01,
-1.58828208e-01, -3.04183646e-02, -4.52195449e-03, -3.65887411e-04,
0.00000000e+00],
[ -1.36200065e+01, -6.06606692e+00, -2.65043156e+00, -8.31988953e-01,
-2.04740420e-01, -4.01760150e-02, -6.01576786e-03, -4.87473855e-04,
0.00000000e+00],
[ -1.68538261e+01, -7.26030224e+00, -3.05897548e+00, -9.90214265e-01,
-2.47308665e-01, -4.97531298e-02, -7.50294512e-03, -6.08872722e-04,
0.00000000e+00],
[ -1.99812611e+01, -8.37218038e+00, -3.41274079e+00, -1.13537077e+00,
-2.87531521e-01, -5.91619676e-02, -8.98356125e-03, -7.30084408e-04,
0.00000000e+00],
[ -2.30436435e+01, -9.43143362e+00, -3.73094024e+00, -1.26997607e+00,
-3.25957081e-01, -6.84111377e-02, -1.04576870e-02, -8.51109241e-04,
0.00000000e+00],
[ -2.60614442e+01, -1.04548884e+01, -4.02445632e+00, -1.39570210e+00,
-3.62929797e-01, -7.75085032e-02, -1.19253919e-02, -9.71947547e-04,
0.00000000e+00],
[ -2.90464904e+01, -1.14527402e+01, -4.29983945e+00, -1.51378978e+00,
-3.98684756e-01, -8.64614133e-02, -1.33867449e-02, -1.09259965e-03,
0.00000000e+00],
[ -3.20063141e+01, -1.24314606e+01, -4.56128692e+00, -1.62521946e+00,
-4.33391490e-01, -9.52767511e-02, -1.48418136e-02, -1.21306588e-03,
0.00000000e+00]]
fitNessAverage
[ 1.99340917, 1.99623813, 1.99655373, 2.00155332, 2.00618055, 2.00144927,
1.99985554, 2.00133283, 2.0045957 , 2.00214699, 2.00118395, 2.00254103,
2.00118852, 1.9983187 , 1.99730055, 1.9964194 , 1.99354505, 1.99907388,
2.00280895, 2.0044947 , 2.00252629, 1.99832239, 1.99860025, 1.99699592,
1.99425639, 1.99285883]
fitNessMax
[ 2.05386541, 2.08961855, 2.06493817, 2.07600342, 2.12182757, 2.12182757,
2.09635697, 2.09635697, 2.09890219, 2.08315575, 2.08315575, 2.09512151,
2.09512151, 2.07072434, 2.10400841, 2.10400841, 2.10400841, 2.10400841,
2.10494765, 2.10494765, 2.10494765, 2.10494765, 2.10494765, 2.07692829,
2.07692829, 2.0898472 ]
fitNessMin
[ 1.94820698, 1.90583176, 1.90636223, 1.90636223, 1.89807125, 1.89132907,
1.89924913, 1.89924913, 1.91094494, 1.9165129 , 1.9165129 , 1.91464629,
1.9165129 , 1.9003603 , 1.89176899, 1.89176899, 1.89176899, 1.91008734,
1.91008734, 1.91008734, 1.91008734, 1.91008734, 1.91008734, 1.88718685,
1.90029002, 1.89052315]


BoxCounting Simulated Annealing
logR
[-1.94591015,-1.25276297,-0.84729786,-0.55961579,-0.33647224,-0.15415068,
0.        ]
IndexZero
10
Tq
[ -3.99981043e+01, -3.63712670e+01, -3.27446003e+01, -2.91182817e+01,
-2.54926806e+01, -2.18685820e+01, -1.82477055e+01, -1.46339930e+01,
-1.10370739e+01, -7.48228875e+00, -4.00824074e+00, -2.59722777e-17,
3.01035516e+00,  5.35635856e+00,  7.48178174e+00,  9.53040422e+00,
1.15464900e+01,  1.35467211e+01,  1.55385328e+01,  1.75255867e+01,
1.95098117e+01]
Dq
[ 3.6361913 , 3.6371267 , 3.63828893, 3.63978521, 3.64181152, 3.64476367,
3.64954109, 3.65849824, 3.67902462, 3.74114437, 4.00824074, 3.69821783,
3.01035516, 2.67817928, 2.49392725, 2.38260105, 2.309298  , 2.25778685,
2.2197904 , 2.19069834, 2.16775686]
lnMrq
[[  8.51273918e+01,  8.35334541e+01,  8.28460066e+01,  8.14361708e+01,
7.94902542e+01,  0.00000000e+00,  0.00000000e+00],
[  7.72885574e+01,  7.56948024e+01,  7.50072200e+01,  7.35973774e+01,
7.16514480e+01,  0.00000000e+00,  0.00000000e+00],
[  6.94500240e+01,  6.78566425e+01,  6.71687830e+01,  6.57589348e+01,
6.38129667e+01,  0.00000000e+00,  0.00000000e+00],
[  6.16121003e+01,  6.00194905e+01,  5.93310544e+01,  5.79212185e+01,
5.59751346e+01,  0.00000000e+00,  0.00000000e+00],
[  5.37754192e+01,  5.21844290e+01,  5.14947716e+01,  5.00850269e+01,
4.81385970e+01,  0.00000000e+00,  0.00000000e+00],
[  4.59412937e+01,  4.43537812e+01,  4.36614731e+01,  4.22520938e+01,
4.03046333e+01,  0.00000000e+00,  0.00000000e+00],
[  3.81124955e+01,  3.65326977e+01,  3.58344500e+01,  3.44262649e+01,
3.24757582e+01,  0.00000000e+00,  0.00000000e+00],
[  3.02950255e+01,  2.87331235e+01,  2.80210425e+01,  2.66161934e+01,
2.46568292e+01,  0.00000000e+00,  0.00000000e+00],
[  2.25023734e+01,  2.09843587e+01,  2.02387787e+01,  1.88411565e+01,
1.68569183e+01,  0.00000000e+00,  0.00000000e+00],
[  1.47667781e+01,  1.33617926e+01,  1.25335526e+01,  1.11411372e+01,
9.09200741e+00,  0.00000000e+00,  0.00000000e+00],
[  7.17472431e+00,  6.05678401e+00,  5.03695260e+00,  3.61091791e+00,
1.60943791e+00,  0.00000000e+00,  0.00000000e+00],
[  0.00000000e+00,  0.00000000e+00, -2.22044605e-16, -3.33066907e-16,
-1.11022302e-16,  0.00000000e+00,  0.00000000e+00],
[ -6.11529616e+00, -1.90224853e+00, -2.87361078e-01, -4.70225433e-02,
-3.94290554e-03,  0.00000000e+00,  0.00000000e+00],
[ -1.10863724e+01, -2.92118292e+00, -4.31484648e-01, -7.05633295e-02,
-5.91599414e-03,  0.00000000e+00,  0.00000000e+00],
[ -1.55634134e+01, -3.90396153e+00, -5.75314050e-01, -9.40844649e-02,
-7.88799309e-03,  0.00000000e+00,  0.00000000e+00],
[ -1.98652398e+01, -4.88156648e+00, -7.19142567e-01, -1.17605581e-01,
-9.85999136e-03,  0.00000000e+00,  0.00000000e+00],
[ -2.40923177e+01, -5.85818270e+00, -8.62971080e-01, -1.41126697e-01,
-1.18319896e-02,  0.00000000e+00,  0.00000000e+00],
[ -2.82828482e+01, -6.83460434e+00, -1.00679959e+00, -1.64647814e-01,
-1.38039879e-02,  0.00000000e+00,  0.00000000e+00],
[ -3.24539426e+01, -7.81098755e+00, -1.15062811e+00, -1.88168930e-01,
-1.57759862e-02,  0.00000000e+00,  0.00000000e+00],
[ -3.66140478e+01, -8.78736316e+00, -1.29445662e+00, -2.11690046e-01,
-1.77479845e-02,  0.00000000e+00,  0.00000000e+00],
[ -4.07676174e+01, -9.76373726e+00, -1.43828513e+00, -2.35211162e-01,
-1.97199827e-02,  0.00000000e+00,  0.00000000e+00]]


Fixed Size Genetic
logR
[-2.19722458,-1.5040774 ,-1.09861229,-0.81093022,-0.58778666,-0.40546511,
-0.25131443,-0.11778304, 0.        ]
IndexZero
10
Tq
[ -5.70087610e+00, -5.57093705e+00, -5.44082285e+00, -5.31036184e+00,
-5.17922181e+00, -5.04678430e+00, -4.91199784e+00, -4.77348347e+00,
-4.63114618e+00, -4.48867577e+00, -3.46727756e+00, -5.01668638e-18,
2.74315534e+00,  4.56609299e+00,  6.05105145e+00,  7.41286913e+00,
8.71093277e+00,  9.96986884e+00,  1.12028280e+01,  1.24178056e+01,
1.36200137e+01]
Dq
[ 0.51826146, 0.5570937 , 0.60453587, 0.66379523, 0.73988883, 0.84113072,
0.98239957, 1.19337087, 1.54371539, 2.24433789, 3.46727756, 3.41428664,
2.74315534, 2.2830465 , 2.01701715, 1.85321728, 1.74218655, 1.66164481,
1.60040399, 1.55222571, 1.51333485]
lnMrq
[[  8.52065999e+01,  8.36515166e+01,  8.30995174e+01,  8.21365323e+01,
8.14003294e+01,  7.98871423e+01,  7.80361525e+01,  7.64951098e+01,
6.79532868e+01],
[  7.73677932e+01,  7.58129086e+01,  7.52607727e+01,  7.42978330e+01,
7.35615656e+01,  7.20486924e+01,  7.01985349e+01,  6.86568929e+01,
6.08073023e+01],
[  6.95293145e+01,  6.79748324e+01,  6.74224207e+01,  6.64595737e+01,
6.57231763e+01,  6.42109333e+01,  6.23624354e+01,  6.08195930e+01,
5.36613178e+01],
[  6.16914978e+01,  6.01378365e+01,  5.95848669e+01,  5.86222096e+01,
5.78855498e+01,  5.63745730e+01,  5.45293735e+01,  5.29841290e+01,
4.65153334e+01],
[  5.38550231e+01,  5.23030529e+01,  5.17489484e+01,  5.07866832e+01,
5.00494894e+01,  4.85410582e+01,  4.67023715e+01,  4.51523366e+01,
3.93693489e+01],
[  4.60212864e+01,  4.44728556e+01,  4.39164264e+01,  4.29549798e+01,
4.22166845e+01,  4.07133652e+01,  3.88873668e+01,  3.73278621e+01,
3.22233644e+01],
[  3.81931890e+01,  3.66523524e+01,  3.60911170e+01,  3.51313933e+01,
3.43907672e+01,  3.28976477e+01,  3.10957121e+01,  2.95178573e+01,
2.50773800e+01],
[  3.03768671e+01,  2.88529781e+01,  2.82817136e+01,  2.73256021e+01,
2.65798059e+01,  2.51066255e+01,  2.33479538e+01,  2.17359862e+01,
1.79313955e+01],
[  2.25856481e+01,  2.11019711e+01,  2.05097957e+01,  1.95609200e+01,
1.88026440e+01,  1.73662213e+01,  1.56777564e+01,  1.40070690e+01,
1.07854317e+01],
[  1.48497470e+01,  1.34701910e+01,  1.28370172e+01,  1.18999830e+01,
1.11069903e+01,  9.72775589e+00,  8.13378173e+00,  6.37405712e+00,
3.66535551e+00],
[  7.24390604e+00,  6.16356740e+00,  5.47997203e+00,  4.55229670e+00,
3.65764675e+00,  2.39516427e+00,  1.16315081e+00,  2.85178942e-01,
2.95588022e-02],
[  0.00000000e+00,  0.00000000e+00,  0.00000000e+00,  0.00000000e+00,
-1.11022302e-16,  0.00000000e+00,  0.00000000e+00,  0.00000000e+00,
0.00000000e+00],
[ -6.05228573e+00, -3.20161428e+00, -1.32312642e+00, -4.25102959e-01,
-1.19200366e-01, -2.61517990e-02, -4.20169138e-03, -4.64118551e-04,
-4.72451812e-05],
[ -1.03063616e+01, -4.98701287e+00, -1.94307572e+00, -6.26458439e-01,
-1.76134811e-01, -3.88189997e-02, -6.27743386e-03, -6.95524637e-04,
-7.08686088e-05],
[ -1.37836962e+01, -6.42876464e+00, -2.42627176e+00, -7.95181065e-01,
-2.23565703e-01, -5.05517671e-02, -8.32736835e-03, -9.26067080e-04,
-9.44553910e-05],
[ -1.70091017e+01, -7.69475018e+00, -2.83654012e+00, -9.45358112e-01,
-2.65898582e-01, -6.17154377e-02, -1.03565720e-02, -1.15596314e-03,
-1.18024127e-04],
[ -2.01204880e+01, -8.84127564e+00, -3.20086700e+00, -1.08256800e+00,
-3.05027558e-01, -7.23947236e-02, -1.23654125e-02, -1.38521524e-03,
-1.41574846e-04],
[ -2.31699691e+01, -9.90027118e+00, -3.53345250e+00, -1.20984554e+00,
-3.41921815e-01, -8.26400784e-02, -1.43542265e-02, -1.61382553e-03,
-1.65107560e-04],
[ -2.61822902e+01, -1.08945763e+01, -3.84239244e+00, -1.32907689e+00,
-3.77128788e-01, -9.24932848e-02, -1.63233446e-02, -1.84179614e-03,
-1.88622283e-04],
[ -2.91706037e+01, -1.18417644e+01, -4.13261927e+00, -1.44154900e+00,
-4.10984945e-01, -1.01991172e-01, -1.82730921e-02, -2.06912921e-03,
-2.12119028e-04],
[ -3.21424705e+01, -1.27552680e+01, -4.40734108e+00, -1.54820803e+00,
-4.43712694e-01, -1.11166524e-01, -2.02037890e-02, -2.29582686e-03,
-2.35597808e-04]]
fitNessAverage
[ 2.35870888, 2.35024415, 2.3472002 , 2.3486479 , 2.345653  , 2.34287008,
2.34136775, 2.33951615, 2.34006919, 2.34116182, 2.34164724, 2.3410963 ,
2.33697108, 2.33424123, 2.33289985, 2.33117378, 2.32975236, 2.3303744 ,
2.32623178, 2.32122783, 2.31901407, 2.31522794]
fitNessMax
[ 2.46565251, 2.46565251, 2.45065619, 2.44067227, 2.43968615, 2.43949887,
2.43588848, 2.43588848, 2.41223679, 2.41769695, 2.41769695, 2.42011135,
2.42011135, 2.41769695, 2.42544813, 2.42544813, 2.42544813, 2.42544813,
2.42544813, 2.42544813, 2.38385703, 2.38385703]
fitNessMin
[ 2.3065968 , 2.2516621 , 2.2516621 , 2.2516621 , 2.2516621 , 2.2516621 ,
2.26024763, 2.2172543 , 2.26024763, 2.25877242, 2.25877242, 2.25877242,
2.2492023 , 2.25649393, 2.25098913, 2.25098913, 2.25098913, 2.23440183,
2.22851281, 2.21073282, 2.23653418, 2.23653418]


Genetic fixed size Simulated Annealing
logR
[-2.07944154,-1.38629436,-0.98082925,-0.69314718,-0.47000363,-0.28768207,
-0.13353139, 0.        ]
IndexZero
10
Tq
[ -3.83619567e+00, -3.83589770e+00, -3.83529921e+00, -3.83409585e+00,
-3.83167553e+00, -3.82681732e+00, -3.81714553e+00, -3.79832641e+00,
-3.76366087e+00, -3.70658432e+00, -3.26844671e+00, -1.10460226e-17,
2.91874778e+00,  4.90457833e+00,  6.55727259e+00,  8.08347386e+00,
9.54326253e+00,  1.09625712e+01,  1.23550805e+01,  1.37286376e+01,
1.50880021e+01]
Dq
[ 0.34874506, 0.38358977, 0.42614436, 0.47926198, 0.54738222, 0.63780289,
0.76342911, 0.9495816 , 1.25455362, 1.85329216, 3.26844671, 3.59845433,
2.91874778, 2.45228916, 2.18575753, 2.02086846, 1.90865251, 1.8270952 ,
1.7650115 , 1.7160797 , 1.67644468]
lnMrq
[[  8.51955166e+01,  8.36348633e+01,  8.31035811e+01,  8.21692841e+01,
8.13692379e+01,  7.98151439e+01,  7.80070121e+01,  7.65594095e+01],
[  7.73566819e+01,  7.57962138e+01,  7.52648476e+01,  7.43305467e+01,
7.35304626e+01,  7.19767374e+01,  7.01692458e+01,  6.87209555e+01],
[  6.95181474e+01,  6.79580552e+01,  6.74265186e+01,  6.64922108e+01,
6.56920497e+01,  6.41390674e+01,  6.23328576e+01,  6.08831852e+01],
[  6.16802197e+01,  6.01208963e+01,  5.95890127e+01,  5.86546929e+01,
5.78543743e+01,  5.63028928e+01,  5.44992458e+01,  5.30467943e+01],
[  5.38435253e+01,  5.22857923e+01,  5.17531950e+01,  5.08188571e+01,
5.00182116e+01,  4.84697708e+01,  4.66712299e+01,  4.52131975e+01],
[  4.60093567e+01,  4.44549749e+01,  4.39208883e+01,  4.29865319e+01,
4.21851891e+01,  4.06429247e+01,  3.88544642e+01,  3.73852914e+01],
[  3.81804220e+01,  3.66333043e+01,  3.60960448e+01,  3.51616995e+01,
3.43588009e+01,  3.28290685e+01,  3.10600911e+01,  2.95690623e+01],
[  3.03625219e+01,  2.88318690e+01,  2.82876489e+01,  2.73534383e+01,
2.65468106e+01,  2.50421876e+01,  2.33091216e+01,  2.17770345e+01],
[  2.25685037e+01,  2.10777858e+01,  2.05178117e+01,  1.95839735e+01,
1.87674584e+01,  1.73109523e+01,  1.56375929e+01,  1.40359384e+01],
[  1.48283853e+01,  1.34436329e+01,  1.28485477e+01,  1.19140389e+01,
1.10680292e+01,  9.69212748e+00,  8.09791196e+00,  6.40734903e+00],
[  7.22004459e+00,  6.14177931e+00,  5.49536332e+00,  4.54912880e+00,
3.62407423e+00,  2.39698577e+00,  1.14740245e+00,  3.29303747e-01],
[  0.00000000e+00,  0.00000000e+00,  0.00000000e+00, -1.11022302e-16,
-1.11022302e-16,  0.00000000e+00,  0.00000000e+00,  0.00000000e+00],
[ -5.96617357e+00, -3.12357819e+00, -1.36348590e+00, -4.24825192e-01,
-1.20070764e-01, -3.35003589e-02, -1.12704627e-02, -3.15900391e-03],
[ -1.02359493e+01, -4.88885438e+00, -1.98785352e+00, -6.22373639e-01,
-1.76487709e-01, -5.00364283e-02, -1.69047756e-02, -4.73673978e-03],
[ -1.37880443e+01, -6.37058517e+00, -2.48144296e+00, -7.83032042e-01,
-2.25963541e-01, -6.38236951e-02, -2.11203416e-02, -6.04306841e-03],
[ -1.70825758e+01, -7.71712001e+00, -2.91012169e+00, -9.24145360e-01,
-2.71365756e-01, -7.61711109e-02, -2.46159640e-02, -7.21227675e-03],
[ -2.02495942e+01, -8.97796621e+00, -3.29829054e+00, -1.05276844e+00,
-3.13630928e-01, -8.76161133e-02, -2.77011245e-02, -8.27498102e-03],
[ -2.33415985e+01, -1.01816923e+01, -3.65812759e+00, -1.17248132e+00,
-3.53310592e-01, -9.84321353e-02, -3.05314080e-02, -9.24643759e-03],
[ -2.63846241e+01, -1.13467609e+01, -3.99652489e+00, -1.28531424e+00,
-3.90809221e-01, -1.08776207e-01, -3.31895261e-02, -1.01384015e-02],
[ -2.93929046e+01, -1.24851601e+01, -4.31778686e+00, -1.39253262e+00,
-4.26445688e-01, -1.18746418e-01, -3.57216254e-02, -1.09608947e-02],
[ -3.23748089e+01, -1.36046423e+01, -4.62485587e+00, -1.49499451e+00,
-4.60477980e-01, -1.28408124e-01, -3.81548544e-02, -1.17226052e-02]]




Execution time

Box Counting	Box Counting Fixed	SandBox	Genetic SandBox	Simulated SandBox	Genetic BCFS	Simulated BCFS
[ 146896.41086698, 132752.61676002,   3402.02779603,  18433.69878101,
12462.83046198,  16989.41584301,  11432.87634301,  18175.21704221,
11278.19382095]
Fractal dimension
3.05685743756
