BCAlgorithm
logR
[-2.77258872,-2.07944154,-1.67397643,-1.38629436,-1.16315081,-0.98082925,
-0.82667857,-0.69314718,-0.57536414,-0.47000363,-0.37469345,-0.28768207,
-0.20763936,-0.13353139,-0.06453852, 0.        ]
IndexZero
10
Tq
[ -3.49022190e+01, -3.17198243e+01, -2.85376668e+01, -2.53559896e+01,
-2.21752895e+01, -1.89965872e+01, -1.58219866e+01, -1.26558279e+01,
-9.50707839e+00, -6.39556181e+00, -3.34708476e+00, -6.69631339e-17,
2.28616757e+00,  3.96107079e+00,  5.44758521e+00,  6.88286311e+00,
8.30401794e+00,  9.71992235e+00,  1.11333866e+01,  1.25455549e+01,
1.39569768e+01]
Dq
[ 3.172929  , 3.17198243, 3.17085186, 3.16949869, 3.16789851, 3.16609786,
3.16439733, 3.16395698, 3.16902613, 3.1977809 , 3.34708476, 2.95778396,
2.28616757, 1.98053539, 1.81586174, 1.72071578, 1.66080359, 1.61998706,
1.5904838 , 1.56819436, 1.5507752 ]
lnMrq
[[  9.02319725e+01,  8.87817609e+01,  8.84090060e+01,  8.73598708e+01,
8.69661861e+01,  8.61598835e+01,  8.55803931e+01,  8.48865537e+01,
8.36341327e+01,  8.36341322e+01,  8.29404974e+01,  0.00000000e+00,
0.00000000e+00,  0.00000000e+00,  0.00000000e+00,  0.00000000e+00],
[  8.19384254e+01,  8.04883409e+01,  8.01154103e+01,  7.90663593e+01,
7.86724813e+01,  7.78663488e+01,  7.72871849e+01,  7.65926594e+01,
7.53405741e+01,  7.53405719e+01,  7.46464506e+01,  0.00000000e+00,
0.00000000e+00,  0.00000000e+00,  0.00000000e+00,  0.00000000e+00],
[  7.36453834e+01,  7.21955644e+01,  7.18222778e+01,  7.07733950e+01,
7.03791349e+01,  6.95733364e+01,  6.89948223e+01,  6.82989374e+01,
6.70475121e+01,  6.70475031e+01,  6.63524124e+01,  0.00000000e+00,
0.00000000e+00,  0.00000000e+00,  0.00000000e+00,  0.00000000e+00],
[  6.53533555e+01,  6.39041029e+01,  6.35300905e+01,  6.24815434e+01,
6.20865332e+01,  6.12813850e+01,  6.07041582e+01,  6.00055970e+01,
5.87554608e+01,  5.87554237e+01,  5.80584085e+01,  0.00000000e+00,
0.00000000e+00,  0.00000000e+00,  0.00000000e+00,  0.00000000e+00],
[  5.70633666e+01,  5.56153570e+01,  5.52398530e+01,  5.41919749e+01,
5.37955066e+01,  5.29916091e+01,  5.24169122e+01,  5.17131393e+01,
5.04655041e+01,  5.04653483e+01,  4.97645420e+01,  0.00000000e+00,
0.00000000e+00,  0.00000000e+00,  0.00000000e+00,  0.00000000e+00],
[  4.87774816e+01,  4.73323040e+01,  4.69537026e+01,  4.59071575e+01,
4.55078975e+01,  4.47063683e+01,  4.41365622e+01,  4.34228428e+01,
4.21800427e+01,  4.21793802e+01,  4.14712243e+01,  0.00000000e+00,
0.00000000e+00,  0.00000000e+00,  0.00000000e+00,  0.00000000e+00],
[  4.04998539e+01,  3.90614432e+01,  3.86763371e+01,  3.76324601e+01,
3.72279816e+01,  3.64308795e+01,  3.58701910e+01,  3.51382211e+01,
3.39048789e+01,  3.39020095e+01,  3.31800972e+01,  0.00000000e+00,
0.00000000e+00,  0.00000000e+00,  0.00000000e+00,  0.00000000e+00],
[  3.22387848e+01,  3.08174455e+01,  3.04186111e+01,  2.93802236e+01,
2.89663641e+01,  2.81776128e+01,  2.76325140e+01,  2.68697563e+01,
2.56559679e+01,  2.56432468e+01,  2.48976531e+01,  0.00000000e+00,
0.00000000e+00,  0.00000000e+00,  0.00000000e+00,  0.00000000e+00],
[  2.40105913e+01,  2.26346420e+01,  2.22075858e+01,  2.11818205e+01,
2.07522223e+01,  1.99802730e+01,  1.94560860e+01,  1.86513267e+01,
1.74837333e+01,  1.74264285e+01,  1.66487240e+01,  0.00000000e+00,
0.00000000e+00,  0.00000000e+00,  0.00000000e+00,  0.00000000e+00],
[  1.58463385e+01,  1.45948574e+01,  1.41181396e+01,  1.31318990e+01,
1.26791622e+01,  1.19419821e+01,  1.14256370e+01,  1.05963252e+01,
9.55060175e+00,  9.30574164e+00,  8.51739342e+00,  0.00000000e+00,
0.00000000e+00,  0.00000000e+00,  0.00000000e+00,  0.00000000e+00],
[  7.80343506e+00,  6.88448665e+00,  6.37842618e+00,  5.56834450e+00,
5.08759634e+00,  4.39444915e+00,  3.85014760e+00,  3.09104245e+00,
2.30258509e+00,  1.60943791e+00,  1.09861229e+00,  0.00000000e+00,
0.00000000e+00,  0.00000000e+00,  0.00000000e+00,  0.00000000e+00],
[  2.22044605e-16,  2.22044605e-16, -1.11022302e-16, -1.11022302e-16,
0.00000000e+00, -3.33066907e-16, -3.33066907e-16, -2.22044605e-16,
-1.11022302e-16, -1.11022302e-16,  0.00000000e+00,  0.00000000e+00,
0.00000000e+00,  0.00000000e+00,  0.00000000e+00,  0.00000000e+00],
[ -7.21887658e+00, -3.84023155e+00, -2.27271202e+00, -1.32796555e+00,
-7.57441731e-01, -3.92098774e-01, -1.99762164e-01, -8.32680284e-02,
-2.36150278e-02, -4.00262483e-03, -2.50049864e-03,  0.00000000e+00,
0.00000000e+00,  0.00000000e+00,  0.00000000e+00,  0.00000000e+00],
[ -1.32739496e+01, -5.92399039e+00, -3.48462862e+00, -2.01502994e+00,
-1.15086067e+00, -5.96828273e-01, -3.01908556e-01, -1.25584066e-01,
-3.54586705e-02, -6.00600685e-03, -3.75234469e-03,  0.00000000e+00,
0.00000000e+00,  0.00000000e+00,  0.00000000e+00,  0.00000000e+00],
[ -1.85001561e+01, -7.90691756e+00, -4.65202309e+00, -2.68746925e+00,
-1.53525667e+00, -7.96220013e-01, -4.02596480e-01, -1.67456645e-01,
-4.72783071e-02, -8.00801068e-03, -5.00312761e-03,  0.00000000e+00,
0.00000000e+00,  0.00000000e+00,  0.00000000e+00,  0.00000000e+00],
[ -2.34820370e+01, -9.88435444e+00, -5.81567939e+00, -3.35937340e+00,
-1.91912588e+00, -9.95302799e-01, -5.03247006e-01, -2.09321017e-01,
-5.90978840e-02, -1.00100134e-02, -6.25390951e-03,  0.00000000e+00,
0.00000000e+00,  0.00000000e+00,  0.00000000e+00,  0.00000000e+00],
[ -2.83956119e+01, -1.18613011e+01, -6.97889505e+00, -4.03125016e+00,
-2.30295529e+00, -1.19436517e+00, -6.03896448e-01, -2.51185225e-01,
-7.09174608e-02, -1.20120160e-02, -7.50469141e-03,  0.00000000e+00,
0.00000000e+00,  0.00000000e+00,  0.00000000e+00,  0.00000000e+00],
[ -3.32836609e+01, -1.38381936e+01, -8.14205437e+00, -4.70312531e+00,
-2.68678151e+00, -1.39342616e+00, -7.04545857e-01, -2.93049429e-01,
-8.27370376e-02, -1.40140187e-02, -8.75547331e-03,  0.00000000e+00,
0.00000000e+00,  0.00000000e+00,  0.00000000e+00,  0.00000000e+00],
[ -3.81598264e+01, -1.58150795e+01, -9.30520631e+00, -5.37500036e+00,
-3.07060746e+00, -1.59248705e+00, -8.05195265e-01, -3.34913633e-01,
-9.45566144e-02, -1.60160214e-02, -1.00062552e-02,  0.00000000e+00,
0.00000000e+00,  0.00000000e+00,  0.00000000e+00,  0.00000000e+00],
[ -4.30296774e+01, -1.77919646e+01, -1.04683573e+01, -6.04687541e+00,
-3.45443340e+00, -1.79154793e+00, -9.05844673e-01, -3.76777837e-01,
-1.06376191e-01, -1.80180240e-02, -1.12570371e-02,  0.00000000e+00,
0.00000000e+00,  0.00000000e+00,  0.00000000e+00,  0.00000000e+00],
[ -4.78958917e+01, -1.97688495e+01, -1.16315081e+01, -6.71875045e+00,
-3.83825933e+00, -1.99060881e+00, -1.00649408e+00, -4.18642041e-01,
-1.18195768e-01, -2.00200267e-02, -1.25078190e-02,  0.00000000e+00,
0.00000000e+00,  0.00000000e+00,  0.00000000e+00,  0.00000000e+00]]

FSBCAlgorithm
logR
[-3.09104245,-2.39789527,-1.99243016,-1.70474809,-1.48160454,-1.29928298,
-1.1451323 ,-1.01160091,-0.89381788,-0.78845736,-0.69314718,-0.6061358 ,
-0.5260931 ,-0.45198512,-0.38299225,-0.31845373,-0.25782911,-0.2006707 ,
-0.14660347,-0.09531018,-0.04652002, 0.        ]
IndexZero
10
Tq
[ -4.23687505e+00, -4.23663540e+00, -4.23615801e+00, -4.23520995e+00,
-4.23333804e+00, -4.22968122e+00, -4.22267816e+00, -4.20975779e+00,
-4.18755044e+00, -4.14158717e+00, -2.96907393e+00, -2.31313768e-17,
2.44150215e+00,  4.26177226e+00,  5.61924179e+00,  6.75810516e+00,
7.80231614e+00,  8.79842362e+00,  9.76677272e+00,  1.07175952e+01,
1.16568399e+01]
Dq
[ 0.38517046, 0.42366354, 0.47068422, 0.52940124, 0.60476258, 0.70494687,
0.84453563, 1.05243945, 1.39585015, 2.07079358, 2.96907393, 2.82663527,
2.44150215, 2.13088613, 1.8730806 , 1.68952629, 1.56046323, 1.46640394,
1.39525325, 1.3396994 , 1.29520443]
lnMrq
[[  9.02929959e+01,  8.88289635e+01,  8.84639115e+01,  8.75097101e+01,
8.71580307e+01,  8.64913069e+01,  8.61405812e+01,  8.55996972e+01,
8.53680575e+01,  8.48240145e+01,  8.44643584e+01,  8.39493511e+01,
8.35369453e+01,  8.27658598e+01,  8.22342059e+01,  8.16993757e+01,
8.11488550e+01,  8.04998987e+01,  7.96944763e+01,  7.84541941e+01,
7.67270579e+01,  7.62562837e+01],
[  8.19994315e+01,  8.05355143e+01,  8.01702992e+01,  7.92161573e+01,
7.88644093e+01,  7.81977836e+01,  7.78470501e+01,  7.73061439e+01,
7.70744413e+01,  7.65302924e+01,  7.61706791e+01,  7.56557925e+01,
7.52434694e+01,  7.44728723e+01,  7.39413678e+01,  7.34063992e+01,
7.28559235e+01,  7.22070971e+01,  7.14018087e+01,  7.01612286e+01,
6.84341871e+01,  6.79626417e+01],
[  7.37063550e+01,  7.22426801e+01,  7.18771341e+01,  7.09231135e+01,
7.05712274e+01,  6.99047962e+01,  6.95540468e+01,  6.90131011e+01,
6.87812715e+01,  6.82369141e+01,  6.78773843e+01,  6.73627349e+01,
6.69505742e+01,  6.61809564e+01,  6.56497455e+01,  6.51144955e+01,
6.45641092e+01,  6.39155396e+01,  6.31105177e+01,  6.18693448e+01,
6.01425124e+01,  5.96694243e+01],
[  6.54142585e+01,  6.39511049e+01,  6.35848845e+01,  6.26311128e+01,
6.22789477e+01,  6.16129005e+01,  6.12621182e+01,  6.07211079e+01,
6.04890217e+01,  5.99442572e+01,  5.95848885e+01,  5.90706984e+01,
5.86588541e+01,  5.78912004e+01,  5.73605611e+01,  5.68247373e+01,
5.62745266e+01,  5.56264591e+01,  5.48219643e+01,  5.35796162e+01,
5.18532603e+01,  5.13770914e+01],
[  5.71241340e+01,  5.56621378e+01,  5.52945311e+01,  5.43412763e+01,
5.39885452e+01,  5.33232516e+01,  5.29724003e+01,  5.24313051e+01,
5.21986962e+01,  5.16531487e+01,  5.12940838e+01,  5.07807638e+01,
5.03695249e+01,  4.96058092e+01,  4.90762679e+01,  4.85392715e+01,
4.79893996e+01,  4.73422907e+01,  4.65388258e+01,  4.52941661e+01,
4.35689317e+01,  4.30866362e+01],
[  4.88379823e+01,  4.73786644e+01,  4.70081781e+01,  4.60560180e+01,
4.57021307e+01,  4.50383050e+01,  4.46873048e+01,  4.41461739e+01,
4.39124869e+01,  4.33654732e+01,  4.30069600e+01,  4.24952179e+01,
4.20851025e+01,  4.13292598e+01,  4.08017889e+01,  4.02624082e+01,
3.97131648e+01,  3.90677964e+01,  3.82662885e+01,  3.70171481e+01,
3.52946338e+01,  3.48002784e+01],
[  4.05598354e+01,  3.91070440e+01,  3.87305084e+01,  3.77807399e+01,
3.74244708e+01,  3.67634854e+01,  3.64121480e+01,  3.58713429e+01,
3.56353862e+01,  3.50857573e+01,  3.47281782e+01,  3.42190564e+01,
3.38108991e+01,  3.30706613e+01,  3.25469998e+01,  3.20028808e+01,
3.14546992e+01,  3.08121383e+01,  3.00141220e+01,  2.87565275e+01,
2.70407374e+01,  2.65232142e+01],
[  3.22977687e+01,  3.08618399e+01,  3.04725453e+01,  2.95283024e+01,
2.91670859e+01,  2.85116439e+01,  2.81594724e+01,  2.76204071e+01,
2.73795026e+01,  2.68256562e+01,  2.64694375e+01,  2.59638481e+01,
2.55586414e+01,  2.48486146e+01,  2.43317698e+01,  2.37788212e+01,
2.32320031e+01,  2.25925803e+01,  2.17998590e+01,  2.05270723e+01,
1.88278902e+01,  1.82682925e+01],
[  2.40676669e+01,  2.26778387e+01,  2.22625693e+01,  2.13325973e+01,
2.09611674e+01,  2.03172857e+01,  1.99627560e+01,  1.94295563e+01,
1.91772474e+01,  1.86182496e+01,  1.82632121e+01,  1.77598114e+01,
1.73572600e+01,  1.67021101e+01,  1.61969978e+01,  1.56299605e+01,
1.50830292e+01,  1.44413206e+01,  1.36528219e+01,  1.23550049e+01,
1.06958749e+01,  1.00686677e+01],
[  1.58995614e+01,  1.46401364e+01,  1.41827827e+01,  1.32985649e+01,
1.29083982e+01,  1.22935887e+01,  1.19320560e+01,  1.14132098e+01,
1.11327435e+01,  1.05751473e+01,  1.02168529e+01,  9.70731417e+00,
9.29929952e+00,  8.72513323e+00,  8.23623021e+00,  7.65203896e+00,
7.09487591e+00,  6.42363624e+00,  5.62370373e+00,  4.30199630e+00,
2.78675608e+00,  2.13219234e+00],
[  7.84663549e+00,  6.94720842e+00,  6.50283315e+00,  5.80931185e+00,
5.42441463e+00,  4.91286442e+00,  4.55233096e+00,  4.08484963e+00,
3.74943643e+00,  3.24835210e+00,  2.87183292e+00,  2.37511503e+00,
1.96866709e+00,  1.51729521e+00,  1.14015402e+00,  7.57060506e-01,
4.70316080e-01,  2.41572687e-01,  1.06497369e-01,  2.91946583e-02,
7.47201484e-03,  3.12012734e-03],
[  0.00000000e+00,  2.22044605e-16,  0.00000000e+00,  0.00000000e+00,
0.00000000e+00,  0.00000000e+00, -1.11022302e-16,  0.00000000e+00,
0.00000000e+00,  0.00000000e+00, -1.11022302e-16,  0.00000000e+00,
0.00000000e+00,  0.00000000e+00,  0.00000000e+00,  0.00000000e+00,
0.00000000e+00,  0.00000000e+00,  0.00000000e+00,  0.00000000e+00,
0.00000000e+00,  0.00000000e+00],
[ -7.43475657e+00, -5.55997427e+00, -4.32703436e+00, -3.24178186e+00,
-2.45083520e+00, -1.80472152e+00, -1.31285072e+00, -9.31052780e-01,
-6.42194385e-01, -4.22915022e-01, -2.65434675e-01, -1.55499265e-01,
-8.44202040e-02, -4.18856650e-02, -1.84922308e-02, -7.26399851e-03,
-2.68426213e-03, -9.66424791e-04, -3.07597116e-04, -7.52182663e-05,
-1.62090689e-05, -3.93405461e-06],
[ -1.37150627e+01, -9.64365707e+00, -7.02504548e+00, -5.12675058e+00,
-3.77527993e+00, -2.76357256e+00, -1.98904901e+00, -1.40720271e+00,
-9.64730781e-01, -6.35075335e-01, -3.97831509e-01, -2.33052854e-01,
-1.26494304e-01, -6.27837918e-02, -2.77199501e-02, -1.08909795e-02,
-4.02535504e-03, -1.44968024e-03, -4.61407555e-04, -1.12817901e-04,
-2.43137018e-05, -5.90108772e-06],
[ -1.81661831e+01, -1.28785536e+01, -9.16740744e+00, -6.58838560e+00,
-4.80161962e+00, -3.50602540e+00, -2.51480823e+00, -1.77517920e+00,
-1.21372504e+00, -7.98459895e-01, -5.00260233e-01, -2.94049256e-01,
-1.60664689e-01, -8.03648001e-02, -3.57112195e-02, -1.40812841e-02,
-5.22364172e-03, -1.89364259e-03, -6.08407491e-04, -1.49837467e-04,
-3.23776336e-05, -7.86467879e-06],
[ -2.18651533e+01, -1.55089498e+01, -1.10818808e+01, -7.87360019e+00,
-5.69524543e+00, -4.14484808e+00, -2.96477860e+00, -2.08842518e+00,
-1.42505929e+00, -9.36676245e-01, -5.87052511e-01, -3.46413241e-01,
-1.90726721e-01, -9.62466279e-02, -4.30733200e-02, -1.70512213e-02,
-6.35009058e-03, -2.31794501e-03, -7.52004056e-04, -1.86563979e-04,
-4.04212468e-05, -9.82655075e-06],
[ -2.53894832e+01, -1.77454708e+01, -1.28153828e+01, -9.05994971e+00,
-6.50981707e+00, -4.71944471e+00, -3.36523194e+00, -2.36609184e+00,
-1.61181114e+00, -1.05834835e+00, -6.63448212e-01, -3.92869330e-01,
-2.17854993e-01, -1.10876846e-01, -4.99768754e-02, -1.98647727e-02,
-7.42297653e-03, -2.72605491e-03, -8.92494774e-04, -2.23004956e-04,
-4.84446878e-05, -1.17867072e-05],
[ -2.88602833e+01, -1.98152380e+01, -1.43688306e+01, -1.01756555e+01,
-7.27202694e+00, -5.24946156e+00, -3.72968296e+00, -2.61782476e+00,
-1.78063141e+00, -1.16791971e+00, -7.32179399e-01, -4.34841474e-01,
-2.42655105e-01, -1.24482132e-01, -5.65077493e-02, -2.25539729e-02,
-8.45144821e-03, -3.11970287e-03, -1.03002797e-03, -2.59164199e-04,
-5.64480298e-05, -1.37451499e-05],
[ -3.23104177e+01, -2.18288214e+01, -1.57670401e+01, -1.12283019e+01,
-7.99744403e+00, -5.74657132e+00, -4.06639139e+00, -2.84944058e+00,
-1.93553259e+00, -1.26809579e+00, -7.94928892e-01, -4.73233103e-01,
-2.65525436e-01, -1.37213935e-01, -6.27207225e-02, -2.51389737e-02,
-9.44189882e-03, -3.50027048e-03, -1.16473750e-03, -2.95045401e-04,
-6.44313451e-05, -1.57018808e-05],
[ -3.57515515e+01, -2.38236299e+01, -1.70583206e+01, -1.22175772e+01,
-8.69546578e+00, -6.21850928e+00, -4.38096529e+00, -3.06484740e+00,
-2.07919544e+00, -1.36068662e+00, -8.52831929e-01, -5.08675535e-01,
-2.86758508e-01, -1.49185971e-01, -6.86550137e-02, -2.76339929e-02,
-1.03993448e-02, -3.86896549e-03, -1.29674999e-03, -3.30652200e-04,
-7.23947058e-05, -1.76569015e-05],
[ -3.91884521e+01, -2.58115317e+01, -1.82879970e+01, -1.31429809e+01,
-9.37157759e+00, -6.67075417e+00, -4.67748868e+00, -3.26685524e+00,
-2.21352892e+00, -1.44697852e+00, -9.06700278e-01, -5.41635448e-01,
-3.06581332e-01, -1.60488525e-01, -7.43407192e-02, -3.00497292e-02,
-1.13278710e-02, -4.22685914e-03, -1.42618563e-03, -3.65988184e-04,
-8.03381838e-05, -1.96102138e-05]]

SBAlgorithm
logR
[-2.94443898,-2.2512918 ,-1.84582669,-1.55814462,-1.33500107,-1.15267951,
-0.99852883,-0.86499744,-0.7472144 ,-0.64185389,-0.54654371,-0.45953233,
-0.37948962,-0.30538165,-0.23638878,-0.17185026,-0.11122564,-0.05406722,
0.        ]
IndexZero
10
Tq
[-34.39016732,-31.29240846,-28.19022629,-25.08174459,-21.96567753,
-18.84081839,-15.70278407,-12.54459622, -9.3575235 , -6.13835716,
-2.95326382,  0.        ,  2.51638638,  4.52187911,  6.05864279,
7.3720126 ,  8.59538659,  9.77345556, 10.92461684, 12.05824775,
13.1800472 ]
Dq
[ 3.12637885, 3.12924085, 3.13224737, 3.13521807, 3.13795393, 3.1401364 ,
3.14055681, 3.13614905, 3.1191745 , 3.06917858, 2.95326382, 2.75988521,
2.51638638, 2.26093955, 2.0195476 , 1.84300315, 1.71907732, 1.62890926,
1.56065955, 1.50728097, 1.46444969]
lnMrq
[[ -8.02683154,-14.02858199,-19.17017849,-23.57749158,-28.42217878,
-33.34067856,-39.09563512,-45.90586318,-53.54089976,-57.52565883,
-63.78668707,-71.43960508,-77.88882246,-83.58354836,-88.71608693,
-90.99705605,-91.20612193,-91.22812985,-91.23301025],
[ -7.33218224,-12.91644147,-17.73975669,-21.90553117,-26.38144223,
-30.95094493,-36.18817106,-42.39168422,-49.3008633 ,-52.94228567,
-58.63805408,-65.60306024,-71.47161538,-76.63571038,-81.13731785,
-82.77896484,-82.91709778,-82.93487827,-82.93911796],
[ -6.63675845,-11.79935191,-16.29724661,-20.21565549,-24.32658582,
-28.54739922,-33.27486897,-38.86979714,-45.05157949,-48.35665069,
-53.48833913,-59.76329637,-65.05001789,-69.67016876,-73.46264819,
-74.53540871,-74.62719688,-74.64156652,-74.64522156],
[ -5.94014884,-10.67534412,-14.83890359,-18.5016517 ,-22.25272404,
-26.12378906,-30.35242801,-35.33615463,-40.78964803,-43.76704199,
-48.33664027,-53.91866191,-58.62051553,-62.66834088,-65.64536577,
-66.27477613,-66.33661623,-66.34820193,-66.35132125],
[ -5.24171104, -9.54153849,-13.35946265,-16.75461011,-20.15205155,
-23.67031246,-27.41470092,-31.78398212,-36.50990773,-39.17036437,
-43.18105054,-48.06595284,-52.17420795,-55.59086145,-57.66523734,
-58.00311531,-58.04550725,-58.05479088,-58.05741724],
[ -4.54042775, -8.39360809,-11.85120902,-14.9614074 ,-18.01151085,
-21.17109095,-24.44967611,-28.20134493,-32.20407054,-34.56082959,
-38.01724784,-42.19763149,-45.68413826,-48.34865067,-49.54959508,
-49.72447683,-49.75398619,-49.76133893,-49.76350971],
[ -3.8346564 , -7.22480215,-10.30221435,-13.10209124,-15.8082631 ,
-18.59927256,-21.43258761,-24.56593174,-27.85764442,-29.92666136,
-32.83400985,-36.28975409,-39.0630449 ,-40.79565593,-41.34888881,
-41.44145531,-41.46214232,-41.46785092,-41.46959885],
[ -3.12167001, -6.02402088, -8.6927427 ,-11.14515538,-13.50075846,
-15.90651135,-18.30957372,-20.83299879,-23.44078381,-25.23831388,
-27.59282639,-30.24225742,-32.07434006,-32.88240161,-33.10405727,
-33.15567172,-33.1700442 ,-33.17433106,-33.17568481],
[ -2.396749  , -4.77165025, -6.98730932, -9.03789957,-11.01083211,
-12.99797508,-14.96022986,-16.90194027,-18.86776498,-20.38316956,
-22.10502931,-23.68096313,-24.46385453,-24.74525825,-24.83834071,
-24.8681268 ,-24.87774462,-24.88078303,-24.88176777],
[ -1.65117409, -3.4295396 , -5.11535529, -6.68102783, -8.18661682,
-9.67566673,-11.12297373,-12.4935177 ,-13.79232688,-14.82250665,
-15.65932359,-16.1819161 ,-16.41865532,-16.52013844,-16.56288241,
-16.57943661,-16.58528425,-16.58721004,-16.58784785],
[ -0.86701394, -1.91325856, -2.91824112, -3.84720438, -4.71554898,
-5.53542573, -6.28386622, -6.92775643, -7.43614948, -7.79182748,
-8.02213451, -8.15725992, -8.22926029, -8.26548426, -8.28269049,
-8.28998186, -8.29269457, -8.29361488, -8.29392522],
[  0.        ,  0.        ,  0.        ,  0.        ,  0.        ,
0.        ,  0.        ,  0.        ,  0.        ,  0.        ,
0.        ,  0.        ,  0.        ,  0.        ,  0.        ,
0.        ,  0.        ,  0.        ,  0.        ],
[  1.10039879,  2.86965718,  4.29317106,  5.35102175,  6.15327164,
6.7642347 ,  7.2262084 ,  7.56992539,  7.82012044,  7.99735046,
8.11832163,  8.19674085,  8.24401154,  8.27048427,  8.28416225,
8.29035878,  8.29278045,  8.29363246,  8.29392768],
[  3.08742811,  7.04369565,  9.82712704, 11.70286811, 13.05669651,
14.06210118, 14.81541021, 15.37460577, 15.78313684, 16.07536256,
16.27815347, 16.41270596, 16.49599255, 16.54392885, 16.56929685,
16.58099768, 16.58563191, 16.58728063, 16.58785771],
[  6.70615707, 12.0264874 , 15.91076593, 18.47478924, 20.27089934,
21.58081197, 22.55909903, 23.284557  , 23.81511919, 24.19597441,
24.46212614, 24.64086889, 24.75337591, 24.81946176, 24.85514068,
24.87185283, 24.87854266, 24.88094287, 24.88178996],
[ 11.04490823, 17.50126681, 22.23074186, 25.43964029, 27.64241123,
29.21633666, 30.38729083, 31.25361648, 31.88723236, 32.34283626,
32.66207685, 32.87768644, 33.01482168, 33.09661861, 33.14154129,
33.162881  , 33.17150345, 33.17461775, 33.17572434],
[ 15.55937356, 23.28124774, 28.70101772, 32.51089306, 35.10738098,
36.92483485, 38.27020894, 39.26150701, 39.9860405 , 40.50763179,
40.87344469, 41.12101941, 41.279482  , 41.37510483, 41.42840142,
41.45405198, 41.4645069 , 41.46830399, 41.46966073],
[ 20.13163671, 29.20973888, 35.30152231, 39.6507914 , 42.63324444,
44.68357012, 46.19228311, 47.29749212, 48.10428015, 48.68561688,
49.09341879, 49.36945257, 49.54676473, 49.6547115 , 49.7156535 ,
49.74534401, 49.75754713, 49.7620005 , 49.76359905],
[ 24.72832291, 35.20833661, 42.01484018, 46.84319158, 50.20132478,
52.47909035, 54.14414759, 55.35503653, 56.23752564, 56.8738315 ,
57.32014478, 57.62199411, 57.81623285, 57.93528028, 58.00324727,
58.03674091, 58.05061937, 58.05570629, 58.05753921],
[ 29.33688293, 41.24404918, 48.81195859, 54.08247585, 57.80021167,
60.30270316, 62.1196053 , 63.42976926, 64.38283186, 65.07029347,
65.55233449, 65.87791951, 66.08755198, 66.21668624, 66.29114347,
66.32823025, 66.34371973, 66.3494205 , 66.35148112],
[ 33.95182261, 47.30133982, 55.66310809, 61.3670891 , 65.42281862,
68.14843949, 70.1142667 , 71.51857825, 72.5381121 , 73.27359973,
73.78905568, 74.13668238, 74.36045935, 74.49882821, 74.57931027,
74.61980225, 74.63684506, 74.64314238, 74.64542469]]


SandBox Genetic
logR
[-2.63905733,-1.94591015,-1.54044504,-1.25276297,-1.02961942,-0.84729786,
-0.69314718,-0.55961579,-0.44183275,-0.33647224,-0.24116206,-0.15415068,
-0.07410797, 0.        ]
IndexZero
10
Tq
[-28.49930196,-26.14662999,-23.79523168,-21.44474074,-19.09293143,
-16.73127934,-14.33654902,-11.86838612, -9.26270439, -6.39936193,
-3.21553861,  0.        ,  2.85935663,  5.12550122,  6.81177351,
8.23750709,  9.55751469, 10.82648646, 12.06794922, 13.29315808,
14.5085148 ]
Dq
[ 2.59084563, 2.614663  , 2.64391463, 2.68059259, 2.72756163, 2.78854656,
2.8673098 , 2.96709653, 3.08756813, 3.19968096, 3.21553861, 3.09269613,
2.85935663, 2.56275061, 2.27059117, 2.05937677, 1.91150294, 1.80441441,
1.72399275, 1.66164476, 1.6120572 ]
lnMrq
[[ -8.01992086,-14.00110452,-19.17897036,-23.145611  ,-28.0485048 ,
-31.85208106,-38.05989999,-44.77681311,-52.64807236,-56.28487481,
-62.33743685,-70.14712449,-76.58835517,-82.27166672],
[ -7.32540212,-12.88978549,-17.74497717,-21.48629198,-26.0373272 ,
-29.63199111,-35.20982673,-41.32986571,-48.46521604,-51.76949912,
-57.27275335,-64.38553899,-70.25741136,-75.42560211],
[ -6.63017496,-11.77378006,-16.29841466,-19.8128433 ,-24.0121118 ,
-27.39926667,-32.35653102,-37.87711186,-44.27635775,-47.25324126,
-52.20765893,-58.62099405,-63.92306719,-68.57461185],
[ -5.93386149,-10.65119659,-14.83564445,-18.12023012,-21.96803703,
-25.14635316,-29.4982107 ,-34.41552806,-40.07901108,-42.73543472,
-47.14177556,-52.85248478,-57.58326775,-61.71118728],
[ -5.23586914, -9.51925037,-13.35165142,-16.40102411,-19.89757   ,
-22.86096253,-26.63123176,-30.94001202,-35.86899383,-38.21482278,
-42.07430825,-47.07826328,-51.23375577,-54.8110318 ],
[ -4.53525357, -8.37372617,-11.83919519,-14.6438506 ,-17.78827652,
-20.52325938,-23.74776932,-27.44136174,-31.63880198,-33.68883451,
-37.00345457,-41.29464551,-44.86203884,-47.79806659],
[ -3.83047505, -7.20799614,-10.28713265,-12.83052519,-15.61840345,
-18.10152337,-20.82966987,-23.90167773,-27.37398271,-29.15137863,
-31.92436741,-35.49032485,-38.41755368,-40.49966576],
[ -3.1189386 , -6.01107729, -8.67683829,-10.93056035,-13.3477952 ,
-15.54400547,-17.83157528,-20.28310333,-23.04359766,-24.58393057,
-26.81839337,-29.6097406 ,-31.70080897,-32.76816539],
[ -2.39605078, -4.76341083, -6.97397939, -8.88978901,-10.89919271,
-12.75736443,-14.63624043,-16.49542433,-18.56415694,-19.90285685,
-21.56767868,-23.35332431,-24.33873766,-24.70872862],
[ -1.65304279, -3.4266465 , -5.10820011, -6.60210963, -8.11965101,
-9.54735764,-10.9607527 ,-12.27173829,-13.61659196,-14.61724396,
-15.49082171,-16.10621488,-16.38921508,-16.50885387],
[ -0.87102165, -1.91520451, -2.91849076, -3.82512139, -4.69150314,
-5.49749103, -6.24139342, -6.8771012 , -7.39564651, -7.76042401,
-8.00047517, -8.14516538, -8.22295015, -8.2623328 ],
[  0.        ,  0.        ,  0.        ,  0.        ,  0.        ,
0.        ,  0.        ,  0.        ,  0.        ,  0.        ,
0.        ,  0.        ,  0.        ,  0.        ],
[  1.14805283,  2.91097006,  4.32474831,  5.37252827,  6.16430895,
6.76735986,  7.22394835,  7.56484132,  7.81407456,  7.99160018,
8.11342492,  8.19296209,  8.24140961,  8.26887037],
[  3.37454899,  7.18790864,  9.90527553, 11.75451522, 13.08894803,
14.07858348, 14.82013862, 15.37214423, 15.77713877, 16.06849369,
16.27162692, 16.40717996, 16.49191631, 16.54127599],
[  7.31818293, 12.31909693, 16.03503405, 18.55102835, 20.32119958,
21.61085437, 22.57277482, 23.28683127, 23.8108259 , 24.18930382,
24.4550396 , 24.63440489, 24.74834244, 24.8160527 ],
[ 11.936683  , 18.00363422, 22.41227142, 25.53950645, 27.70756627,
29.25805189, 30.40981662, 31.26126383, 31.88532694, 32.33691348,
32.65487945, 32.87067879, 33.00913024, 33.09262903],
[ 16.71998114, 24.04655665, 28.9630102 , 32.63721472, 35.18614245,
36.97646354, 38.30085819, 39.2745679 , 39.98683495, 40.50275991,
40.86637161, 41.1136789 , 41.27332078, 41.37065912],
[ 21.55684864, 30.25658607, 35.67591712, 39.80897905, 42.72575481,
44.74399992, 46.23022708, 47.31574273, 48.10789385, 48.68198552,
49.08661945, 49.36190244, 49.54025572, 49.64990272],
[ 26.41485808, 36.53073966, 42.53566537, 47.04104607, 50.308517  ,
52.54782644, 54.18864952, 55.37814293, 56.24396629, 56.87156186,
57.31372648, 57.61431404, 57.80945676, 57.93017951],
[ 31.28203245, 42.82913625, 49.50728174, 54.33002629, 57.92352726,
60.37971259, 62.17007991, 63.45736534, 64.39204094, 65.06945954,
65.54637913, 65.87016624, 66.08056342, 66.21134817],
[ 36.15339038, 49.13738289, 56.55073562, 61.67605314, 65.56412488,
68.23400505, 70.17028569, 71.55030636, 72.54999264, 73.2742412 ,
73.78362732, 74.1288995 , 74.35329639, 74.49329502]]
fitNessAverage
[ 0.85282461, 0.85704552, 0.85867294, 0.86112497, 0.86187318, 0.86359022,
0.86468858, 0.86575302, 0.86730575, 0.86813196, 0.8678516 , 0.86892886,
0.87037246, 0.86937321, 0.86985282, 0.86975153, 0.87057022, 0.87019985,
0.87103078, 0.87102728, 0.87099807, 0.87090705, 0.87107354, 0.86908248,
0.86811123, 0.86532659, 0.86335537, 0.86217898, 0.8617891 , 0.86144623,
0.86040264, 0.86028482, 0.86046147, 0.85956141, 0.86001387, 0.86033887,
0.86087989, 0.86233698, 0.86289517, 0.8633627 , 0.86382246, 0.86635091,
0.86527621, 0.86499569]
fitNessMax
[ 0.8711416 , 0.8837234 , 0.89029391, 0.88754699, 0.89243975, 0.89438901,
0.89438901, 0.89378018, 0.90231789, 0.90231789, 0.90255342, 0.90249323,
0.90249323, 0.90249323, 0.899881  , 0.899881  , 0.9013099 , 0.90783687,
0.9013099 , 0.9013099 , 0.9013099 , 0.89638318, 0.90797621, 0.90275273,
0.90275273, 0.89579386, 0.89579386, 0.89579386, 0.89579386, 0.89579386,
0.89579386, 0.88654911, 0.88654911, 0.8890209 , 0.89871706, 0.89871706,
0.89424089, 0.89353525, 0.89353525, 0.89824782, 0.89824782, 0.89824782,
0.89824782, 0.89824782]
fitNessMin
[ 0.83087002, 0.83087002, 0.81945276, 0.81945276, 0.82168291, 0.81365668,
0.81365668, 0.81365668, 0.8022482 , 0.81365668, 0.81053339, 0.81053339,
0.82211965, 0.82014041, 0.82014041, 0.82014041, 0.81873613, 0.81873613,
0.82784771, 0.82784771, 0.82784771, 0.8288687 , 0.8288687 , 0.82753885,
0.8288687 , 0.81869166, 0.81869166, 0.82081733, 0.8103409 , 0.81221774,
0.80774988, 0.80774988, 0.80774988, 0.80306726, 0.80306726, 0.80774988,
0.81036178, 0.81036178, 0.8152699 , 0.8154861 , 0.8154861 , 0.81916834,
0.81245378, 0.81916834]


SandBox Simulated Annealing
logR
[-2.7080502 ,-2.01490302,-1.60943791,-1.32175584,-1.09861229,-0.91629073,
-0.76214005,-0.62860866,-0.51082562,-0.40546511,-0.31015493,-0.22314355,
-0.14310084,-0.06899287, 0.        ]
IndexZero
10
Tq
[-30.64503511,-28.11290014,-25.56995285,-23.00936689,-20.42587707,
-17.81101576,-15.14409911,-12.39333028, -9.50802044, -6.4243061 ,
-3.1705019 ,  0.        ,  2.77229971,  4.97594116,  6.63279667,
8.02690846,  9.31250085, 10.54539964, 11.74925906, 12.93535052,
14.11024844]
Dq
[ 2.78591228, 2.81129001, 2.84110587, 2.87617086, 2.91798244, 2.96850263,
3.02881982, 3.09833257, 3.16934015, 3.21215305, 3.1705019 , 3.01496399,
2.77229971, 2.48797058, 2.21093222, 2.00672711, 1.86250017, 1.75756661,
1.67846558, 1.61691882, 1.56780538]
lnMrq
[[ -8.06917233,-14.08450487,-19.21055198,-24.32424507,-29.25924261,
-34.65763638,-38.93782909,-45.52349093,-53.42829558,-57.39493003,
-63.53983812,-70.98793703,-77.34425528,-83.02135777,-88.5600673 ],
[ -7.37448062,-12.97183763,-17.78249328,-22.60147615,-27.12937841,
-32.11131864,-36.09682618,-42.07453863,-49.23070504,-52.87822757,
-58.46957868,-65.23891872,-71.01512767,-76.17426646,-81.07918895],
[ -6.67899008,-11.85408843,-16.34272521,-20.85105939,-24.9865205 ,
-29.54939458,-33.2498252 ,-38.61814719,-45.01862729,-48.35712267,
-53.39791419,-59.48759153,-64.68256137,-69.31948315,-73.47249084],
[ -5.98227376,-10.72926953,-14.88747377,-19.06661579,-22.82543632,
-26.9656482 ,-30.39189512,-35.14987887,-40.78677627,-43.82831469,
-48.32334523,-53.73194306,-58.3436159 ,-62.4428859 ,-65.68172522],
[ -5.28366181, -9.59448971,-13.41136497,-17.24015392,-20.63796857,
-24.35094346,-27.51377175,-31.66194627,-36.52797459,-39.28604493,
-43.24268722,-47.96791409,-51.99113112,-55.49873771,-57.69766048],
[ -4.58208645, -8.44542309,-11.90643636,-15.36102642,-18.41089563,
-21.69156972,-24.59780306,-28.14013833,-32.23230756,-34.72019884,
-38.14893358,-42.18627445,-45.60157723,-48.36092519,-49.56977681],
[ -3.87580721, -7.27533324,-10.36029248,-13.41369421,-16.12186423,
-18.96579534,-21.60994505,-24.55776325,-27.88518161,-30.11235243,
-33.02528177,-36.35958726,-39.08076755,-40.83682509,-41.35995096],
[ -3.16189381, -6.07311606, -8.7524408 ,-11.37295263,-13.73136853,
-16.13512608,-18.4844072 ,-20.86374357,-23.46042383,-25.42378059,
-27.82068027,-30.37087639,-32.13479838,-32.90642936,-33.1100642 ],
[ -2.43516638, -4.8189503 , -7.04637855, -9.192987  ,-11.16606692,
-13.12039129,-15.09670717,-16.95397443,-18.88413959,-20.53136636,
-22.3044738 ,-23.77819235,-24.49448632,-24.75554822,-24.84168902],
[ -1.68574671, -3.47345833, -5.17014316, -6.77811792, -8.28101776,
-9.74007869,-11.21028696,-12.55529098,-13.82679621,-14.89399898,
-15.72664345,-16.20867636,-16.42897402,-16.52469542,-16.56471023],
[ -0.89239845, -1.94694341, -2.95985326, -3.89618426, -4.76251768,
-5.57494799, -6.33088848, -6.96979445, -7.46567167, -7.8127458 ,
-8.0353386 , -8.1642656 , -8.23287058, -8.26732721, -8.28349722],
[  0.        ,  0.        ,  0.        ,  0.        ,  0.        ,
0.        ,  0.        ,  0.        ,  0.        ,  0.        ,
0.        ,  0.        ,  0.        ,  0.        ,  0.        ],
[  1.18262148,  2.9448994 ,  4.35831544,  5.40228504,  6.1921503 ,
6.79472468,  7.25120372,  7.59055894,  7.83632251,  8.00935712,
8.12651337,  8.20186068,  8.24694111,  8.27205866,  8.28487455],
[  3.39289916,  7.20703577,  9.93787906, 11.79162432, 13.12519668,
14.11248288, 14.85333565, 15.40483924, 15.80725211, 16.0942749 ,
16.29199546, 16.42190196, 16.50148507, 16.5469498 , 16.57067518],
[  7.27760731, 12.30289178, 16.05714198, 18.58727452, 20.3610471 ,
21.64797277, 22.60750596, 23.32137449, 23.84404919, 24.21922843,
24.47992939, 24.65327087, 24.76109676, 24.82382681, 24.85715676],
[ 11.88229881, 17.959922  , 22.41704965, 25.56901709, 27.74758612,
29.29767083, 30.44561653, 31.29623299, 31.91981986, 32.36918033,
32.68278501, 32.89261805, 33.02446293, 33.1022278 , 33.14417267],
[ 16.66391727, 23.99202822, 28.94574144, 32.65487886, 35.22297573,
37.01767873, 38.33791478, 39.30970644, 40.02181666, 40.53642062,
40.89639695, 41.13797588, 41.29077414, 41.38185975, 41.4316269 ],
[ 21.50067192, 30.19990464, 35.63770485, 39.81072645, 42.7562433 ,
44.78554945, 46.26858971, 47.35116199, 48.14304488, 48.71648978,
49.11818979, 49.38806012, 49.55947885, 49.66251774, 49.71945165],
[ 26.35870515, 36.47407146, 42.48309223, 47.02413312, 50.32982255,
52.58826231, 54.228107  , 55.41402557, 56.2791949 , 56.9065699 ,
57.34645013, 57.64197426, 57.8301771 , 57.94404947, 58.00759622],
[ 31.22589486, 42.77271482, 49.44786996, 54.29349204, 57.93314451,
60.41753949, 62.21020912, 63.49385368, 64.42737202, 65.10475563,
65.5799762 , 65.89906241, 66.10256623, 66.22633705, 66.2960211 ],
[ 36.09725841, 49.08111939, 56.48947194, 61.62116077, 65.55985272,
68.26775744, 70.21052315, 71.58746808, 72.58550735, 73.30968896,
73.81789027, 74.15882772, 74.37640989, 74.50928657, 74.58469454]]



BoxCounting Genetic
logR
[-3.09104245,-2.39789527,-1.99243016,-1.70474809,-1.48160454,-1.29928298,
-1.1451323 ,-1.01160091,-0.89381788,-0.78845736,-0.69314718,-0.6061358 ,
-0.5260931 ,-0.45198512,-0.38299225,-0.31845373,-0.25782911,-0.2006707 ,
-0.14660347,-0.09531018,-0.04652002, 0.        ]
IndexZero
10
Tq
[ -9.61040663e+00, -9.03021929e+00, -8.44992397e+00, -7.86942218e+00,
-7.28853877e+00, -6.70699663e+00, -6.12448591e+00, -5.54118706e+00,
-4.95995105e+00, -4.38738222e+00, -2.99304140e+00, -1.18778077e-18,
2.41997229e+00,  4.10353194e+00,  5.30098151e+00,  6.33687631e+00,
7.31558139e+00,  8.26828322e+00,  9.20770017e+00,  1.01397261e+01,
1.10673280e+01]
Dq
[ 0.87367333, 0.90302193, 0.93888044, 0.98367777, 1.04121982, 1.11783277,
1.22489718, 1.38529677, 1.65331702, 2.19369111, 2.9930414 , 2.8270116 ,
2.41997229, 2.05176597, 1.76699384, 1.58421908, 1.46311628, 1.3780472 ,
1.31538574, 1.26746577, 1.22970311]
lnMrq
[[  9.02795231e+01,  8.88234337e+01,  8.84627819e+01,  8.74822887e+01,
8.71796408e+01,  8.64717865e+01,  8.61211504e+01,  8.56436560e+01,
8.53710506e+01,  8.48018038e+01,  8.44862873e+01,  8.38770540e+01,
8.34174008e+01,  8.26130833e+01,  8.20004429e+01,  8.15554516e+01,
8.09752901e+01,  8.01285495e+01,  7.90299372e+01,  6.73492033e+01,
7.83353262e+01,  0.00000000e+00],
[  8.19859514e+01,  8.05299813e+01,  8.01691618e+01,  7.91887662e+01,
7.88860074e+01,  7.81782694e+01,  7.78276244e+01,  7.73500702e+01,
7.70774630e+01,  7.65080950e+01,  7.61926026e+01,  7.55834732e+01,
7.51240241e+01,  7.43201302e+01,  7.37079501e+01,  7.32626509e+01,
7.26821467e+01,  7.18359617e+01,  7.07373492e+01,  6.01537660e+01,
7.00412766e+01,  0.00000000e+00],
[  7.36928603e+01,  7.22371402e+01,  7.18759815e+01,  7.08957832e+01,
7.05928014e+01,  6.98852954e+01,  6.95346316e+01,  6.90569621e+01,
6.87843503e+01,  6.82147436e+01,  6.78992963e+01,  6.72903704e+01,
6.68313258e+01,  6.60282839e+01,  6.54170160e+01,  6.49710968e+01,
6.43899086e+01,  6.35448300e+01,  6.24462164e+01,  5.29583286e+01,
6.17472269e+01,  0.00000000e+00],
[  6.54007350e+01,  6.39455506e+01,  6.35837016e+01,  6.26039057e+01,
6.23004729e+01,  6.15934296e+01,  6.12427254e+01,  6.07648387e+01,
6.04922133e+01,  5.99221409e+01,  5.96067750e+01,  5.89982422e+01,
5.85399942e+01,  5.77386697e+01,  5.71291985e+01,  5.66820305e+01,
5.60994788e+01,  5.52565937e+01,  5.41579751e+01,  4.57628913e+01,
5.34531773e+01,  0.00000000e+00],
[  5.71105540e+01,  5.56565522e+01,  5.52932884e+01,  5.43143201e+01,
5.40099711e+01,  5.33038493e+01,  5.29530560e+01,  5.24747754e+01,
5.22021092e+01,  5.16311427e+01,  5.13159118e+01,  5.07081198e+01,
5.02514255e+01,  4.94535700e+01,  4.88476001e+01,  4.83979189e+01,
4.78126603e+01,  4.69740854e+01,  4.58754419e+01,  3.85674539e+01,
4.51591277e+01,  0.00000000e+00],
[  4.88242939e+01,  4.73730097e+01,  4.70068186e+01,  4.60295757e+01,
4.57233529e+01,  4.50190663e+01,  4.46680700e+01,  4.41891225e+01,
4.39163268e+01,  4.33436926e+01,  4.30286445e+01,  4.24221869e+01,
4.19684707e+01,  4.11776305e+01,  4.05783539e+01,  4.01236471e+01,
3.95330558e+01,  3.87027998e+01,  3.76040351e+01,  3.13720166e+01,
3.68650780e+01,  0.00000000e+00],
[  4.05459473e+01,  3.91012353e+01,  3.87289250e+01,  3.77553601e+01,
3.74452692e+01,  3.67446542e+01,  3.63931737e+01,  3.59132440e+01,
3.56400179e+01,  3.50644416e+01,  3.47494765e+01,  3.41452227e+01,
3.36970353e+01,  3.29203477e+01,  3.23334247e+01,  3.18688450e+01,
3.12679145e+01,  3.04531312e+01,  2.93537932e+01,  2.41765792e+01,
2.85710284e+01,  0.00000000e+00],
[  3.22835444e+01,  3.08556972e+01,  3.04705545e+01,  2.95051351e+01,
2.91869897e+01,  2.84938650e+01,  2.81411560e+01,  2.76601981e+01,
2.73854740e+01,  2.68053024e+01,  2.64895492e+01,  2.58883591e+01,
2.54497926e+01,  2.47012962e+01,  2.41356887e+01,  2.36525130e+01,
2.30321590e+01,  2.22439517e+01,  2.11420619e+01,  1.69811419e+01,
2.02769787e+01,  0.00000000e+00],
[  2.40529996e+01,  2.26710609e+01,  2.22599508e+01,  2.13140020e+01,
2.09791872e+01,  2.03022778e+01,  1.99461902e+01,  1.94650803e+01,
1.91849098e+01,  1.85997802e+01,  1.82790318e+01,  1.76810807e+01,
1.72568780e+01,  1.65621193e+01,  1.60284093e+01,  1.55130549e+01,
1.48583092e+01,  1.41076120e+01,  1.29957897e+01,  9.78576077e+00,
1.19829353e+01,  0.00000000e+00],
[  1.58847935e+01,  1.46326287e+01,  1.41797900e+01,  1.32886178e+01,
1.29228498e+01,  1.22855855e+01,  1.19200607e+01,  1.14399171e+01,
1.11395753e+01,  1.05583550e+01,  1.02151406e+01,  9.62411033e+00,
9.21136334e+00,  8.60294053e+00,  8.10085884e+00,  7.53491076e+00,
6.82494541e+00,  6.09945680e+00,  4.96531015e+00,  2.66258835e+00,
3.71357213e+00,  0.00000000e+00],
[  7.83411911e+00,  6.94032895e+00,  6.50169499e+00,  5.80967285e+00,
5.43581588e+00,  4.91683730e+00,  4.54637514e+00,  4.08614437e+00,
3.73145990e+00,  3.21084365e+00,  2.81660561e+00,  2.30358459e+00,
1.89311196e+00,  1.43031125e+00,  1.05082162e+00,  6.62687973e-01,
3.50656872e-01,  1.73953307e-01,  5.82689081e-02,  9.95033085e-03,
9.95033085e-03,  0.00000000e+00],
[  0.00000000e+00,  0.00000000e+00,  0.00000000e+00,  0.00000000e+00,
0.00000000e+00,  0.00000000e+00,  0.00000000e+00, -1.11022302e-16,
-1.11022302e-16,  0.00000000e+00,  0.00000000e+00, -1.11022302e-16,
0.00000000e+00,  0.00000000e+00,  0.00000000e+00,  0.00000000e+00,
0.00000000e+00,  0.00000000e+00,  0.00000000e+00,  0.00000000e+00,
0.00000000e+00,  0.00000000e+00],
[ -7.35242065e+00, -5.42956708e+00, -4.30172461e+00, -3.29042184e+00,
-2.53113726e+00, -1.80160124e+00, -1.24886293e+00, -8.59598898e-01,
-5.83109642e-01, -3.77702098e-01, -2.25678512e-01, -1.23996335e-01,
-6.26433727e-02, -2.92872888e-02, -1.21572457e-02, -4.73956401e-03,
-1.74667705e-03, -5.14621145e-04, -1.24607763e-04, -1.49888623e-05,
-4.99876249e-06,  0.00000000e+00],
[ -1.31893972e+01, -8.95841659e+00, -6.83878109e+00, -5.17417979e+00,
-3.92388849e+00, -2.76999252e+00, -1.89283351e+00, -1.30708957e+00,
-8.78468083e-01, -5.66923772e-01, -3.38157518e-01, -1.85008179e-01,
-9.38746119e-02, -4.39707283e-02, -1.82276377e-02, -7.10783093e-03,
-2.61964721e-03, -7.71907358e-04, -1.86885730e-04, -2.24833777e-05,
-7.49815311e-06,  0.00000000e+00],
[ -1.72741990e+01, -1.14832445e+01, -8.66243901e+00, -6.51876864e+00,
-5.00258265e+00, -3.54193102e+00, -2.41389683e+00, -1.66743497e+00,
-1.11216298e+00, -7.14874416e-01, -4.27896078e-01, -2.35303872e-01,
-1.20254414e-01, -5.64713114e-02, -2.34330637e-02, -9.17779098e-03,
-3.43114738e-03, -1.02391756e-03, -2.48770844e-04, -2.99667159e-05,
-9.99630059e-06,  0.00000000e+00],
[ -2.08765488e+01, -1.36588646e+01, -1.01592092e+01, -7.60956634e+00,
-5.94035842e+00, -4.22124906e+00, -2.87668976e+00, -1.98433869e+00,
-1.31501013e+00, -8.41893370e-01, -5.05508205e-01, -2.79895977e-01,
-1.44080115e-01, -6.78522860e-02, -2.81984165e-02, -1.10977973e-02,
-4.21177734e-03, -1.27328152e-03, -3.10451066e-04, -3.74444932e-05,
-1.24938296e-05,  0.00000000e+00],
[ -2.43662854e+01, -1.57166859e+01, -1.14816114e+01, -8.56509056e+00,
-6.79381445e+00, -4.84079217e+00, -3.30144157e+00, -2.27258733e+00,
-1.49780598e+00, -9.55283783e-01, -5.74753286e-01, -3.20245752e-01,
-1.66003928e-01, -7.84694444e-02, -3.26630719e-02, -1.29019379e-02,
-4.96484588e-03, -1.52008109e-03, -3.71928023e-04, -4.49167181e-05,
-1.49907405e-05,  0.00000000e+00],
[ -2.78162844e+01, -1.77314498e+01, -1.27173987e+01, -9.44187554e+00,
-7.59233279e+00, -5.41640455e+00, -3.69776206e+00, -2.53951606e+00,
-1.66593951e+00, -1.05877473e+00, -6.37667913e-01, -3.57143624e-01,
-1.86362752e-01, -8.85021784e-02, -3.68969463e-02, -1.46072753e-02,
-5.69200836e-03, -1.76435719e-03, -4.33202581e-04, -5.23833945e-05,
-1.74870334e-05,  0.00000000e+00],
[ -3.12495323e+01, -1.97283688e+01, -1.39137093e+01, -1.02690704e+01,
-8.35414898e+00, -5.95757245e+00, -4.07120078e+00, -2.78956894e+00,
-1.82264877e+00, -1.15460387e+00, -6.95566131e-01, -3.91148380e-01,
-2.05381782e-01, -9.80542256e-02, -4.09444700e-02, -1.62268386e-02,
-6.39474039e-03, -2.00614946e-03, -4.94275597e-04, -5.98445267e-05,
-1.99827084e-05,  0.00000000e+00],
[ -3.46752142e+01, -2.17169943e+01, -1.50928478e+01, -1.10636008e+01,
-9.09121375e+00, -6.47081481e+00, -4.42538153e+00, -3.02576580e+00,
-1.97010604e+00, -1.24424153e+00, -7.49368106e-01, -4.22693303e-01,
-2.23229574e-01, -1.07191329e-01, -4.48373473e-02, -1.77716433e-02,
-7.07442829e-03, -2.24549692e-03, -5.55147925e-04, -6.73001186e-05,
-2.24777657e-05,  0.00000000e+00],
[ -3.80973604e+01, -2.37014430e+01, -1.62646506e+01, -1.18363228e+01,
-9.81149316e+00, -6.96105479e+00, -4.76289003e+00, -3.25030247e+00,
-2.10986995e+00, -1.32871555e+00, -7.99748959e-01, -4.52126306e-01,
-2.40040238e-01, -1.15958806e-01, -4.85993232e-02, -1.92511679e-02,
-7.73237881e-03, -2.48243793e-03, -6.15820415e-04, -7.47501743e-05,
-2.49722055e-05,  0.00000000e+00]]
fitNessAverage
[ 0.8429098 , 0.84243293, 0.84189282, 0.84223988, 0.84263758, 0.84140048,
0.84082881, 0.84215179, 0.84289725, 0.84330817, 0.8436559 , 0.84350291,
0.8443702 , 0.8443291 , 0.84424614, 0.84388939, 0.8435123 , 0.84523407,
0.84466442, 0.84423095, 0.84343402, 0.84362245, 0.84351239, 0.84360802,
0.84144365, 0.84073238, 0.84066097, 0.83902466, 0.84004572, 0.83827659,
0.8388012 , 0.83806701, 0.83786274, 0.83771841, 0.83820306, 0.83832094,
0.838306  , 0.83801431, 0.83568548, 0.83444193, 0.83370824, 0.83111926,
0.829987  , 0.83163015, 0.83302072, 0.83499633, 0.83469387, 0.83447468]
fitNessMax
[ 0.85921219, 0.86060857, 0.86834199, 0.87408919, 0.87537995, 0.87537995,
0.87537995, 0.87791197, 0.87377261, 0.87377261, 0.87377261, 0.8750063 ,
0.871247  , 0.871247  , 0.87031915, 0.87031915, 0.8692402 , 0.88223699,
0.88223699, 0.88223699, 0.88223699, 0.88223699, 0.87233596, 0.87233596,
0.87129838, 0.86983816, 0.88769496, 0.86889327, 0.86889327, 0.86889327,
0.87162853, 0.87306505, 0.87306505, 0.86889327, 0.86889327, 0.86889327,
0.86661338, 0.86661338, 0.86661338, 0.86661338, 0.86661338, 0.8642146 ,
0.8642146 , 0.86826984, 0.87123031, 0.86892793, 0.86835784, 0.86946008]
fitNessMin
[ 0.8282732 , 0.81122538, 0.79674771, 0.79674771, 0.79674771, 0.79262343,
0.79262343, 0.80562782, 0.78663597, 0.81043842, 0.81043842, 0.81043842,
0.80696055, 0.80232338, 0.80232338, 0.79923671, 0.79923671, 0.80691016,
0.80691016, 0.8007686 , 0.8007686 , 0.8007686 , 0.8007686 , 0.80215758,
0.80215758, 0.80215758, 0.80215758, 0.7978708 , 0.7948723 , 0.78635588,
0.78635588, 0.78635588, 0.78630696, 0.78630696, 0.78630696, 0.78630696,
0.78630696, 0.78630696, 0.79643871, 0.78175297, 0.78175297, 0.78175297,
0.79285885, 0.79285885, 0.7898668 , 0.79915126, 0.79196827, 0.79136566]


BoxCounting Simulated Annealing
logR
[-2.89037176,-2.19722458,-1.79175947,-1.5040774 ,-1.28093385,-1.09861229,
-0.94446161,-0.81093022,-0.69314718,-0.58778666,-0.49247649,-0.40546511,
-0.3254224 ,-0.25131443,-0.18232156,-0.11778304,-0.05715841, 0.        ]
IndexZero
10
Tq
[ -3.27428472e+01, -2.97619388e+01, -2.67812598e+01, -2.38010477e+01,
-2.08217955e+01, -1.78445437e+01, -1.48715502e+01, -1.19079215e+01,
-8.96591716e+00, -6.07696876e+00, -3.24704447e+00, -4.35348709e-17,
2.22272981e+00,  3.60270358e+00,  4.86644804e+00,  6.11721144e+00,
7.36452048e+00,  8.61037099e+00,  9.85543410e+00,  1.11000117e+01,
1.23442676e+01]
Dq
[ 2.97662248, 2.97619388, 2.97569553, 2.97513097, 2.97454222, 2.97409061,
2.97431004, 2.97698037, 2.98863905, 3.03848438, 3.24704447, 2.91910212,
2.22272981, 1.80135179, 1.62214935, 1.52930286, 1.4729041 , 1.43506183,
1.40791916, 1.38750147, 1.37158529]
lnMrq
[[  9.02785300e+01,  8.88215569e+01,  8.83746371e+01,  8.75052779e+01,
8.70997808e+01,  8.63750871e+01,  8.61597663e+01,  8.53391049e+01,
8.48866905e+01,  8.43270349e+01,  8.40391087e+01,  6.68461173e+01,
6.68461173e+01,  0.00000000e+00,  0.00000000e+00,  0.00000000e+00,
0.00000000e+00,  0.00000000e+00],
[  8.19849274e+01,  8.05280414e+01,  8.00810113e+01,  7.92116679e+01,
7.88061373e+01,  7.80816459e+01,  7.78661143e+01,  7.70457714e+01,
7.65929298e+01,  7.60332293e+01,  7.57450591e+01,  6.01615055e+01,
6.01615055e+01,  0.00000000e+00,  0.00000000e+00,  0.00000000e+00,
0.00000000e+00,  0.00000000e+00],
[  7.36917737e+01,  7.22350734e+01,  7.17878200e+01,  7.09185102e+01,
7.05129098e+01,  6.97888231e+01,  6.95728671e+01,  6.87531599e+01,
6.82994684e+01,  6.77396676e+01,  6.74510094e+01,  5.34768938e+01,
5.34768938e+01,  0.00000000e+00,  0.00000000e+00,  0.00000000e+00,
0.00000000e+00,  0.00000000e+00],
[  6.53995216e+01,  6.39432277e+01,  6.34955201e+01,  6.26262838e+01,
6.22205351e+01,  6.14972576e+01,  6.12804451e+01,  6.04620034e+01,
6.00066264e+01,  5.94465931e+01,  5.91569598e+01,  4.67922821e+01,
4.67922821e+01,  0.00000000e+00,  0.00000000e+00,  0.00000000e+00,
0.00000000e+00,  0.00000000e+00],
[  5.71090823e+01,  5.56537107e+01,  5.52050737e+01,  5.43360026e+01,
5.39299331e+01,  5.32082695e+01,  5.29897233e+01,  5.21737890e+01,
5.17150877e+01,  5.11544909e+01,  5.08629108e+01,  4.01076704e+01,
4.01076704e+01,  0.00000000e+00,  0.00000000e+00,  0.00000000e+00,
0.00000000e+00,  0.00000000e+00],
[  4.88222928e+01,  4.73691105e+01,  4.69185610e+01,  4.60498769e+01,
4.56430974e+01,  4.49246348e+01,  4.47025709e+01,  4.38915509e+01,
4.34263544e+01,  4.28643249e+01,  4.25688661e+01,  3.34230586e+01,
3.34230586e+01,  0.00000000e+00,  0.00000000e+00,  0.00000000e+00,
0.00000000e+00,  0.00000000e+00],
[  4.05428556e+01,  3.90951537e+01,  3.86406650e+01,  3.77729350e+01,
3.73645555e+01,  3.66523635e+01,  3.64231718e+01,  3.56215216e+01,
3.51438482e+01,  3.45780009e+01,  3.42748617e+01,  2.67384469e+01,
2.67384469e+01,  0.00000000e+00,  0.00000000e+00,  0.00000000e+00,
0.00000000e+00,  0.00000000e+00],
[  3.22782088e+01,  3.08450291e+01,  3.03825642e+01,  2.95173983e+01,
2.91053841e+01,  2.84051863e+01,  2.81617192e+01,  2.73766160e+01,
2.68757168e+01,  2.62992842e+01,  2.59812184e+01,  2.00538352e+01,
2.00538352e+01,  0.00000000e+00,  0.00000000e+00,  0.00000000e+00,
0.00000000e+00,  0.00000000e+00],
[  2.40431322e+01,  2.26505328e+01,  2.21732812e+01,  2.13161247e+01,
2.08959138e+01,  2.02178979e+01,  1.99466959e+01,  1.91841441e+01,
1.86423986e+01,  1.80362764e+01,  1.76908184e+01,  1.33692250e+01,
1.33692250e+01,  0.00000000e+00,  0.00000000e+00,  0.00000000e+00,
0.00000000e+00,  0.00000000e+00],
[  1.58663589e+01,  1.45910028e+01,  1.40971354e+01,  1.32707766e+01,
1.28324045e+01,  1.21951801e+01,  1.18705686e+01,  1.11081748e+01,
1.05003919e+01,  9.82066116e+00,  9.42911017e+00,  6.68586251e+00,
6.68586251e+00,  0.00000000e+00,  0.00000000e+00,  0.00000000e+00,
0.00000000e+00,  0.00000000e+00],
[  7.80302664e+00,  6.86066367e+00,  6.42810527e+00,  5.73657230e+00,
5.27299956e+00,  4.70953020e+00,  4.26267988e+00,  3.43398720e+00,
2.77258872e+00,  2.07944154e+00,  1.60943791e+00,  6.93147181e-01,
6.93147181e-01,  0.00000000e+00,  0.00000000e+00,  0.00000000e+00,
0.00000000e+00,  0.00000000e+00],
[  0.00000000e+00,  2.22044605e-16,  2.22044605e-16,  0.00000000e+00,
0.00000000e+00, -3.33066907e-16, -1.11022302e-16, -3.33066907e-16,
0.00000000e+00,  0.00000000e+00, -1.11022302e-16,  0.00000000e+00,
0.00000000e+00,  0.00000000e+00,  0.00000000e+00,  0.00000000e+00,
0.00000000e+00,  0.00000000e+00],
[ -6.34964062e+00, -3.86366746e+00, -4.37825376e+00, -2.40406288e+00,
-1.47606317e+00, -6.58401610e-01, -3.51612778e-01, -1.88205433e-01,
-8.09114287e-02, -2.30804410e-02, -6.00373641e-03, -2.49999739e-03,
-2.49999739e-03,  0.00000000e+00,  0.00000000e+00,  0.00000000e+00,
0.00000000e+00,  0.00000000e+00],
[ -1.02132269e+01, -5.98230071e+00, -7.77875915e+00, -3.82268149e+00,
-2.29940611e+00, -1.00264587e+00, -5.36111670e-01, -2.86905986e-01,
-1.22448715e-01, -3.46996326e-02, -9.01351552e-03, -3.75234374e-03,
-3.75234374e-03,  0.00000000e+00,  0.00000000e+00,  0.00000000e+00,
0.00000000e+00,  0.00000000e+00],
[ -1.36679151e+01, -7.98690087e+00, -1.09594921e+01, -5.13568510e+00,
-3.07474277e+00, -1.33765101e+00, -7.15285426e-01, -3.82733411e-01,
-1.63287548e-01, -4.62665440e-02, -1.20180361e-02, -5.00312760e-03,
-5.00312760e-03,  0.00000000e+00,  0.00000000e+00,  0.00000000e+00,
0.00000000e+00,  0.00000000e+00],
[ -1.70926200e+01, -9.98459627e+00, -1.40781455e+01, -6.42924723e+00,
-3.84458443e+00, -1.67211803e+00, -8.94136578e-01, -4.78425858e-01,
-2.04109962e-01, -5.78331818e-02, -1.50225451e-02, -6.25390951e-03,
-6.25390951e-03,  0.00000000e+00,  0.00000000e+00,  0.00000000e+00,
0.00000000e+00,  0.00000000e+00],
[ -2.05127307e+01, -1.19816279e+01, -1.71707343e+01, -7.71778224e+00,
-4.61366806e+00, -2.00654572e+00, -1.07296588e+00, -5.74111480e-01,
-2.44931967e-01, -6.93998182e-02, -1.80270541e-02, -7.50469141e-03,
-7.50469141e-03,  0.00000000e+00,  0.00000000e+00,  0.00000000e+00,
0.00000000e+00,  0.00000000e+00],
[ -2.39318747e+01, -1.39785803e+01, -2.02493419e+01, -9.00486283e+00,
-5.38263816e+00, -2.34097032e+00, -1.25179366e+00, -6.69796750e-01,
-2.85753962e-01, -8.09664546e-02, -2.10315631e-02, -8.75547331e-03,
-8.75547331e-03,  0.00000000e+00,  0.00000000e+00,  0.00000000e+00,
0.00000000e+00,  0.00000000e+00],
[ -2.73507964e+01, -1.59755223e+01, -2.33194397e+01, -1.02915056e+01,
-6.15159048e+00, -2.67539468e+00, -1.43062134e+00, -7.65482001e-01,
-3.26575956e-01, -9.25330910e-02, -2.40360722e-02, -1.00062552e-02,
-1.00062552e-02,  0.00000000e+00,  0.00000000e+00,  0.00000000e+00,
0.00000000e+00,  0.00000000e+00],
[ -3.07696655e+01, -1.79724628e+01, -2.63840015e+01, -1.15780144e+01,
-6.92053993e+00, -3.00981901e+00, -1.60944901e+00, -8.61167251e-01,
-3.67397951e-01, -1.04099727e-01, -2.70405812e-02, -1.12570371e-02,
-1.12570371e-02,  0.00000000e+00,  0.00000000e+00,  0.00000000e+00,
0.00000000e+00,  0.00000000e+00],
[ -3.41885219e+01, -1.99694032e+01, -2.94448114e+01, -1.28644819e+01,
-7.68948892e+00, -3.34424335e+00, -1.78827668e+00, -9.56852501e-01,
-4.08219945e-01, -1.15666364e-01, -3.00450902e-02, -1.25078190e-02,
-1.25078190e-02,  0.00000000e+00,  0.00000000e+00,  0.00000000e+00,
0.00000000e+00,  0.00000000e+00]]


Fixed Size Genetic
logR
[-2.89037176,-2.19722458,-1.79175947,-1.5040774 ,-1.28093385,-1.09861229,
-0.94446161,-0.81093022,-0.69314718,-0.58778666,-0.49247649,-0.40546511,
-0.3254224 ,-0.25131443,-0.18232156,-0.11778304,-0.05715841, 0.        ]
IndexZero
10
Tq
[ -3.37577611e+00, -3.37549235e+00, -3.37492800e+00, -3.37381008e+00,
-3.37161072e+00, -3.36733503e+00, -3.35918846e+00, -3.34414581e+00,
-3.31737081e+00, -3.26838864e+00, -2.81768449e+00, -1.00758009e-18,
2.67580505e+00,  4.60930645e+00,  5.96438497e+00,  7.11930103e+00,
8.21050566e+00,  9.27568571e+00,  1.03285049e+01,  1.13748599e+01,
1.24176193e+01]
Dq
[ 0.30688874, 0.33754923, 0.374992  , 0.42172626, 0.48165867, 0.5612225 ,
0.67183769, 0.83603645, 1.10579027, 1.63419432, 2.81768449, 3.0403044 ,
2.67580505, 2.30465322, 1.98812832, 1.77982526, 1.64210113, 1.54594762,
1.4755007 , 1.42185749, 1.37973548]
lnMrq
[[  9.02831707e+01,  8.88141687e+01,  8.84561732e+01,  8.75323705e+01,
8.71580562e+01,  8.64399672e+01,  8.61331570e+01,  8.56226532e+01,
8.53630520e+01,  8.47908505e+01,  8.44669348e+01,  8.39080056e+01,
8.34950018e+01,  8.26671172e+01,  8.22683030e+01,  8.17034976e+01,
8.06397654e+01,  8.01287120e+01],
[  8.19896003e+01,  8.05207236e+01,  8.01625638e+01,  7.92388249e+01,
7.88644199e+01,  7.81464650e+01,  7.78396512e+01,  7.73290610e+01,
7.70694203e+01,  7.64971346e+01,  7.61732738e+01,  7.56144869e+01,
7.52015753e+01,  7.43741289e+01,  7.39754065e+01,  7.34103234e+01,
7.23475673e+01,  7.18362862e+01],
[  7.36965121e+01,  7.22278979e+01,  7.18694047e+01,  7.09457941e+01,
7.05712084e+01,  6.98535219e+01,  6.95466984e+01,  6.90359405e+01,
6.87762202e+01,  6.82037691e+01,  6.78800147e+01,  6.73215097e+01,
6.69087774e+01,  6.60822090e+01,  6.56836664e+01,  6.51180249e+01,
6.40572131e+01,  6.35454770e+01],
[  6.54043932e+01,  6.39363415e+01,  6.35771674e+01,  6.26538159e+01,
6.22788699e+01,  6.15617204e+01,  6.12548701e+01,  6.07437928e+01,
6.04839118e+01,  5.99111393e+01,  5.95875868e+01,  5.90296369e+01,
5.86172468e+01,  5.77924387e+01,  5.73942439e+01,  5.68274786e+01,
5.57705253e+01,  5.52578799e+01],
[  5.71142269e+01,  5.56474170e+01,  5.52868395e+01,  5.43640135e+01,
5.39883520e+01,  5.32722774e+01,  5.29653514e+01,  5.24536835e+01,
5.21934758e+01,  5.16200902e+01,  5.12969073e+01,  5.07400360e+01,
5.03282814e+01,  4.95070030e+01,  4.91094676e+01,  4.85404435e+01,
4.74910897e+01,  4.69766269e+01],
[  4.88280007e+01,  4.73640442e+01,  4.70005405e+01,  4.60787896e+01,
4.57017132e+01,  4.49877938e+01,  4.46806491e+01,  4.41679472e+01,
4.39070682e+01,  4.33325532e+01,  4.30099981e+01,  4.24551693e+01,
4.20445377e+01,  4.12303331e+01,  4.08340038e+01,  4.02604707e+01,
3.92258673e+01,  3.87077648e+01],
[  4.05497320e+01,  3.90926718e+01,  3.87229863e+01,  3.78034771e+01,
3.74236268e+01,  3.67140523e+01,  3.64062659e+01,  3.58919311e+01,
3.56296477e+01,  3.50531893e+01,  3.47315266e+01,  3.41803676e+01,
3.37715373e+01,  3.29714630e+01,  3.25771969e+01,  3.19948454e+01,
3.09880752e+01,  3.04626340e+01],
[  3.22875024e+01,  3.08480985e+01,  3.04652733e+01,  2.95506600e+01,
2.91654683e+01,  2.84648082e+01,  2.81551046e+01,  2.76387057e+01,
2.73733903e+01,  2.67940754e+01,  2.64730150e+01,  2.59277397e+01,
2.55211885e+01,  2.47490386e+01,  2.43577953e+01,  2.37591045e+01,
2.28020791e+01,  2.22615965e+01],
[  2.40573044e+01,  2.26656856e+01,  2.22558337e+01,  2.13533323e+01,
2.09583198e+01,  2.02768444e+01,  1.99613230e+01,  1.94435599e+01,
1.91712925e+01,  1.85896621e+01,  1.82660376e+01,  1.77279086e+01,
1.73220500e+01,  1.66031629e+01,  1.62140926e+01,  1.55890948e+01,
1.47118761e+01,  1.41399468e+01],
[  1.58896077e+01,  1.46314949e+01,  1.41771072e+01,  1.33143097e+01,
1.29045619e+01,  1.22682007e+01,  1.19358603e+01,  1.14199222e+01,
1.11297566e+01,  1.05554626e+01,  1.02153468e+01,  9.67978230e+00,
9.26450366e+00,  8.63269679e+00,  8.23123082e+00,  7.57788568e+00,
6.80174619e+00,  6.16713587e+00],
[  7.83890310e+00,  6.94359528e+00,  6.49834239e+00,  5.81526422e+00,
5.42380399e+00,  4.91074129e+00,  4.55985896e+00,  4.08227198e+00,
3.75302727e+00,  3.24376354e+00,  2.86277215e+00,  2.35327821e+00,
1.93441577e+00,  1.45161383e+00,  1.09192330e+00,  6.98134722e-01,
3.98776120e-01,  2.07014169e-01],
[  0.00000000e+00,  0.00000000e+00,  0.00000000e+00,  0.00000000e+00,
0.00000000e+00,  0.00000000e+00, -1.11022302e-16,  0.00000000e+00,
-1.11022302e-16,  0.00000000e+00,  0.00000000e+00,  0.00000000e+00,
0.00000000e+00,  0.00000000e+00,  0.00000000e+00,  0.00000000e+00,
0.00000000e+00,  0.00000000e+00],
[ -7.39337013e+00, -5.52144248e+00, -4.25368021e+00, -3.17492694e+00,
-2.46093629e+00, -1.81293801e+00, -1.30992207e+00, -9.12653719e-01,
-6.38208434e-01, -4.07478086e-01, -2.51007470e-01, -1.41313113e-01,
-7.32165774e-02, -3.50636202e-02, -1.54942191e-02, -6.18490968e-03,
-2.08904804e-03, -5.86935963e-04],
[ -1.33484973e+01, -9.36736865e+00, -6.74335104e+00, -4.92814993e+00,
-3.80661897e+00, -2.77431449e+00, -1.98326659e+00, -1.38495034e+00,
-9.62843011e-01, -6.13134170e-01, -3.74733145e-01, -2.10594875e-01,
-1.09272458e-01, -5.22780488e-02, -2.30958057e-02, -9.26739668e-03,
-3.13047781e-03, -8.80219129e-04],
[ -1.74033477e+01, -1.21352352e+01, -8.55805638e+00, -6.22229090e+00,
-4.85644278e+00, -3.51483909e+00, -2.50836941e+00, -1.75334184e+00,
-1.21568914e+00, -7.76292148e-01, -4.73871643e-01, -2.66484193e-01,
-1.38771765e-01, -6.69165021e-02, -2.98809010e-02, -1.21309984e-02,
-4.13710062e-03, -1.17041024e-03],
[ -2.09548332e+01, -1.43766806e+01, -1.00741699e+01, -7.30410745e+00,
-5.76905998e+00, -4.15028395e+00, -2.95968111e+00, -2.06780446e+00,
-1.43065261e+00, -9.17778577e-01, -5.60819034e-01, -3.15632852e-01,
-1.64896811e-01, -8.02104943e-02, -3.62346959e-02, -1.48821582e-02,
-5.12544528e-03, -1.45899641e-03],
[ -2.44185145e+01, -1.64316878e+01, -1.14228057e+01, -8.25883708e+00,
-6.59609458e+00, -4.72118220e+00, -3.36300573e+00, -2.34684189e+00,
-1.62035648e+00, -1.04436190e+00, -6.39406214e-01, -3.60226100e-01,
-1.88668171e-01, -9.24780663e-02, -4.22253414e-02, -1.75338581e-02,
-6.09655163e-03, -1.74600636e-03],
[ -2.78573979e+01, -1.84319215e+01, -1.26792601e+01, -9.12987706e+00,
-7.36483748e+00, -5.24719208e+00, -3.73141348e+00, -2.60023542e+00,
-1.79154810e+00, -1.15940701e+00, -7.11486402e-01, -4.01369832e-01,
-2.10616838e-01, -1.03890220e-01, -4.78908820e-02, -2.00927057e-02,
-7.05097986e-03, -2.03145523e-03],
[ -3.12870273e+01, -2.04162338e+01, -1.38886639e+01, -9.94375511e+00,
-8.09291165e+00, -5.73963431e+00, -4.07275263e+00, -2.83406827e+00,
-1.94846618e+00, -1.26503887e+00, -7.78201438e-01, -4.39735701e-01,
-2.31085150e-01, -1.14570884e-01, -5.32628908e-02, -2.25644221e-02,
-7.98925495e-03, -2.31535788e-03],
[ -3.47127731e+01, -2.23956478e+01, -1.50752062e+01, -1.07184173e+01,
-8.79242517e+00, -6.20591452e+00, -4.39225242e+00, -3.05244575e+00,
-2.09400655e+00, -1.36277951e+00, -8.40350139e-01, -4.75773667e-01,
-2.50316595e-01, -1.24618661e-01, -5.83691402e-02, -2.49542847e-02,
-8.91188257e-03, -2.59772897e-03],
[ -3.81367925e+01, -2.43734462e+01, -1.62508559e+01, -1.14664730e+01,
-9.47175787e+00, -6.65134352e+00, -4.69366517e+00, -3.25826727e+00,
-2.23024745e+00, -1.45379195e+00, -8.98533440e-01, -5.09806180e-01,
-2.68493567e-01, -1.34114530e-01, -6.32342588e-02, -2.72671911e-02,
-9.81935031e-03, -2.87858304e-03]]
fitNessAverage
[ 0.73201745, 0.73193754, 0.73226212, 0.73117265, 0.73056184, 0.73123956,
0.73112243, 0.7310495 , 0.73006535, 0.72826337, 0.72860133, 0.73357446,
0.7349482 , 0.73674401, 0.73893287, 0.73965763, 0.73953923, 0.74045416,
0.74157065, 0.74193719, 0.7428465 , 0.74083238, 0.74038247, 0.7396017 ,
0.73958127, 0.73911854, 0.73831688, 0.73728038, 0.73671354, 0.735255  ,
0.73372558, 0.73490546, 0.73394132, 0.73308146, 0.73292147, 0.73384585,
0.73627513, 0.73841615, 0.74095879, 0.74233473, 0.74227955, 0.74392478,
0.74574453, 0.74695968, 0.74600979, 0.74538179, 0.74594349]
fitNessMax
[ 0.7435996 , 0.76121168, 0.76672881, 0.76765198, 0.76765198, 0.7688574 ,
0.7688574 , 0.76923009, 0.7688574 , 0.76653217, 0.77170959, 0.77223141,
0.76740235, 0.77048502, 0.76740235, 0.77007484, 0.77007484, 0.77007484,
0.77007484, 0.77271005, 0.77271005, 0.77271005, 0.77007484, 0.77007484,
0.76814892, 0.78116546, 0.78116546, 0.78116546, 0.78116546, 0.78116546,
0.77291776, 0.77291776, 0.7694914 , 0.7694914 , 0.7694914 , 0.7694914 ,
0.77483594, 0.77653062, 0.77653062, 0.77765523, 0.77765523, 0.77765523,
0.77765523, 0.77716746, 0.77557509, 0.77112272, 0.77112272]
fitNessMin
[ 0.71637425, 0.7065547 , 0.70250032, 0.70250032, 0.70250032, 0.69913085,
0.69913085, 0.69560822, 0.68567868, 0.68567868, 0.68567868, 0.68567868,
0.68990067, 0.69717173, 0.70281896, 0.70281896, 0.70189187, 0.70188375,
0.70189187, 0.70281896, 0.70281896, 0.69521073, 0.69521073, 0.69263864,
0.69263864, 0.69263864, 0.69263864, 0.69263864, 0.69263864, 0.7005389 ,
0.68874981, 0.68377813, 0.69035133, 0.6903946 , 0.69181699, 0.69603478,
0.69603478, 0.69603478, 0.69383624, 0.69383624, 0.69383624, 0.69747801,
0.69747801, 0.70398242, 0.70398242, 0.70398242, 0.70969689]


Genetic fixed size Simulated Annealing
logR
[-2.94443898,-2.2512918 ,-1.84582669,-1.55814462,-1.33500107,-1.15267951,
-0.99852883,-0.86499744,-0.7472144 ,-0.64185389,-0.54654371,-0.45953233,
-0.37948962,-0.30538165,-0.23638878,-0.17185026,-0.11122564,-0.05406722,
0.        ]
IndexZero
10
Tq
[ -3.37650426e+00, -3.37627178e+00, -3.37580964e+00, -3.37489461e+00,
-3.37309479e+00, -3.36959429e+00, -3.36291382e+00, -3.35054587e+00,
-3.32855356e+00, -3.28898540e+00, -2.81674571e+00,  1.17877625e-18,
2.58766808e+00,  4.55861724e+00,  6.16043486e+00,  7.60068088e+00,
8.97149760e+00,  1.03051813e+01,  1.16174640e+01,  1.29175095e+01,
1.42105435e+01]
Dq
[ 0.30695493, 0.33762718, 0.37508996, 0.42186183, 0.48187068, 0.56159905,
0.67258276, 0.83763647, 1.10951785, 1.6444927 , 2.81674571, 2.95977267,
2.58766808, 2.27930862, 2.05347829, 1.90017022, 1.79429952, 1.71753022,
1.65963772, 1.61468868, 1.57894928]
lnMrq
[[  9.02699939e+01,  8.88196293e+01,  8.84604617e+01,  8.75130168e+01,
8.71664321e+01,  8.64837160e+01,  8.61380509e+01,  8.56274524e+01,
8.53806269e+01,  8.48679620e+01,  8.44905778e+01,  8.39562280e+01,
8.35508491e+01,  8.28797381e+01,  8.21209614e+01,  8.18627495e+01,
8.14274338e+01,  8.09753597e+01,  8.01282244e+01],
[  8.19764085e+01,  8.05261719e+01,  8.01668432e+01,  7.92194667e+01,
7.88728044e+01,  7.81901940e+01,  7.78445211e+01,  7.73338799e+01,
7.70869795e+01,  7.65742228e+01,  7.61969277e+01,  7.56626847e+01,
7.52573899e+01,  7.45868105e+01,  7.38283596e+01,  7.35697629e+01,
7.31344491e+01,  7.26822853e+01,  7.18353122e+01],
[  7.36832902e+01,  7.22333215e+01,  7.18736657e+01,  7.09264285e+01,
7.05796093e+01,  6.98972099e+01,  6.95515204e+01,  6.90407990e+01,
6.87937479e+01,  6.82808119e+01,  6.79036892e+01,  6.73696587e+01,
6.69645274e+01,  6.62950140e+01,  6.55372092e+01,  6.52778399e+01,
6.48425284e+01,  6.43901838e+01,  6.35435338e+01],
[  6.53911113e+01,  6.39417145e+01,  6.35813914e+01,  6.26344401e+01,
6.22873017e+01,  6.16053230e+01,  6.12595971e+01,  6.07487314e+01,
6.05013759e+01,  5.99880946e+01,  5.96112998e+01,  5.90776891e+01,
5.86728706e+01,  5.80054949e+01,  5.72489662e+01,  5.69880471e+01,
5.65527342e+01,  5.61000214e+01,  5.52540122e+01],
[  5.71008254e+01,  5.56526857e+01,  5.52909887e+01,  5.43446309e+01,
5.39968391e+01,  5.33156975e+01,  5.29698906e+01,  5.24587840e+01,
5.22108113e+01,  5.16968789e+01,  5.13206891e+01,  5.07878987e+01,
5.03836616e+01,  4.97205682e+01,  4.89665442e+01,  4.87025278e+01,
4.82671884e+01,  4.78137121e+01,  4.69689629e+01],
[  4.88143628e+01,  4.73690940e+01,  4.70045392e+01,  4.60594328e+01,
4.57102906e+01,  4.50308130e+01,  4.46848211e+01,  4.41733727e+01,
4.39241424e+01,  4.34090251e+01,  4.30338955e+01,  4.25026726e+01,
4.20994605e+01,  4.14449083e+01,  4.06957594e+01,  4.04256203e+01,
3.99901329e+01,  3.95350216e+01,  3.86927011e+01],
[  4.05356361e+01,  3.90972498e+01,  3.87266872e+01,  3.77842814e+01,
3.74323197e+01,  3.67561563e+01,  3.64097317e+01,  3.58979932e+01,
3.56461879e+01,  3.51290478e+01,  3.47556009e+01,  3.42272388e+01,
3.38256452e+01,  3.31879173e+01,  3.24481692e+01,  3.21662511e+01,
3.17300885e+01,  3.12712800e+01,  3.04334408e+01],
[  3.22725587e+01,  3.08516255e+01,  3.04684062e+01,  2.95320642e+01,
2.91741811e+01,  2.85047241e+01,  2.81572540e+01,  2.76459302e+01,
2.73888467e+01,  2.68686625e+01,  2.64973313e+01,  2.59737181e+01,
2.55740125e+01,  2.49683668e+01,  2.42466483e+01,  2.39434573e+01,
2.35044624e+01,  2.30366271e+01,  2.22062337e+01],
[  2.40409618e+01,  2.26668267e+01,  2.22579541e+01,  2.13364628e+01,
2.09663964e+01,  2.03112728e+01,  1.99611503e+01,  1.94525316e+01,
1.91847104e+01,  1.86612428e+01,  1.82907404e+01,  1.77735068e+01,
1.73735357e+01,  1.68240646e+01,  1.61372336e+01,  1.58004904e+01,
1.53503620e+01,  1.48587603e+01,  1.40374192e+01],
[  1.58716712e+01,  1.46276851e+01,  1.41775440e+01,  1.33007987e+01,
1.29093012e+01,  1.22887249e+01,  1.19320567e+01,  1.14306312e+01,
1.11410187e+01,  1.06190126e+01,  1.02412074e+01,  9.72806610e+00,
9.31791817e+00,  8.84270297e+00,  8.22503659e+00,  7.84295685e+00,
7.35357005e+00,  6.79985896e+00,  5.97871193e+00],
[  7.82219630e+00,  6.93417323e+00,  6.49641293e+00,  5.80356748e+00,
5.41818711e+00,  4.90586720e+00,  4.55619000e+00,  4.10313911e+00,
3.77551576e+00,  3.28914788e+00,  2.88926003e+00,  2.40604380e+00,
2.01089500e+00,  1.60743591e+00,  1.22082992e+00,  8.96088025e-01,
5.82215620e-01,  3.43589704e-01,  1.65514438e-01],
[  0.00000000e+00,  0.00000000e+00,  0.00000000e+00,  0.00000000e+00,
0.00000000e+00,  0.00000000e+00, -1.11022302e-16,  0.00000000e+00,
0.00000000e+00,  0.00000000e+00,  0.00000000e+00,  0.00000000e+00,
0.00000000e+00,  0.00000000e+00,  0.00000000e+00,  0.00000000e+00,
0.00000000e+00,  0.00000000e+00,  0.00000000e+00],
[ -7.34697173e+00, -5.53168709e+00, -4.25830350e+00, -3.11552195e+00,
-2.41472424e+00, -1.82765698e+00, -1.37163741e+00, -9.86214055e-01,
-6.87018060e-01, -4.62592009e-01, -3.05617549e-01, -1.91934514e-01,
-1.14243443e-01, -6.59894879e-02, -3.63414353e-02, -1.91099347e-02,
-9.67217757e-03, -4.45389137e-03, -1.52179985e-03],
[ -1.36420881e+01, -9.65256971e+00, -6.89162699e+00, -4.86434018e+00,
-3.68331139e+00, -2.77426956e+00, -2.06467175e+00, -1.48780502e+00,
-1.03254123e+00, -7.00211307e-01, -4.63913018e-01, -2.91362057e-01,
-1.73295999e-01, -9.97418518e-02, -5.48201810e-02, -2.87751292e-02,
-1.45407898e-02, -6.66142643e-03, -2.28118791e-03],
[ -1.86948393e+01, -1.31183681e+01, -9.05892405e+00, -6.26293500e+00,
-4.65228582e+00, -3.47645279e+00, -2.57904963e+00, -1.86333843e+00,
-1.29310989e+00, -8.78715638e-01, -5.83573636e-01, -3.68223253e-01,
-2.20075138e-01, -1.26244053e-01, -6.86151043e-02, -3.59592156e-02,
-1.84295525e-02, -8.62544073e-03, -3.00413657e-03],
[ -2.31588379e+01, -1.62814866e+01, -1.11067753e+01, -7.54578675e+00,
-5.49808241e+00, -4.06850736e+00, -3.00267025e+00, -2.17206562e+00,
-1.50868685e+00, -1.02545637e+00, -6.82166564e-01, -4.32953948e-01,
-2.60440349e-01, -1.49044109e-01, -8.00213494e-02, -4.18943195e-02,
-2.18293528e-02, -1.04636541e-02, -3.70844018e-03],
[ -2.74228944e+01, -1.92317775e+01, -1.31132116e+01, -8.77768605e+00,
-6.27749574e+00, -4.59844950e+00, -3.36876324e+00, -2.43680333e+00,
-1.69462643e+00, -1.15131715e+00, -7.66740108e-01, -4.89379678e-01,
-2.96285126e-01, -1.69390658e-01, -9.00230436e-02, -4.70405635e-02,
-2.48630300e-02, -1.21918990e-02, -4.39518674e-03],
[ -3.16102049e+01, -2.20203238e+01, -1.51001989e+01, -9.98396367e+00,
-7.01745661e+00, -5.08867281e+00, -3.69509349e+00, -2.66993734e+00,
-1.85897518e+00, -1.26213573e+00, -8.41148442e-01, -5.39535202e-01,
-3.28566238e-01, -1.87913657e-01, -9.91191902e-02, -5.16284150e-02,
-2.75913634e-02, -1.38185927e-02, -5.06494093e-03],
[ -3.57633888e+01, -2.47001307e+01, -1.70753042e+01, -1.11762343e+01,
-7.73305113e+00, -5.55155964e+00, -3.99265937e+00, -2.87939515e+00,
-2.00670613e+00, -1.36150614e+00, -9.07803749e-01, -5.84715057e-01,
-3.57906159e-01, -2.04992303e-01, -1.07579283e-01, -5.57991221e-02,
-3.00595332e-02, -1.53510952e-02, -5.71823230e-03],
[ -3.98994057e+01, -2.73153665e+01, -1.90415450e+01, -1.23602433e+01,
-8.43331178e+00, -5.99485804e+00, -4.26883050e+00, -3.07066802e+00,
-2.14121856e+00, -1.45181667e+00, -9.68325837e-01, -6.25826018e-01,
-3.84763152e-01, -2.20879590e-01, -1.15556629e-01, -5.96493919e-02,
-3.23050841e-02, -1.67961900e-02, -6.35557213e-03],
[ -4.40256940e+01, -2.98948629e+01, -2.10002724e+01, -1.35389745e+01,
-9.12380199e+00, -6.42380718e+00, -4.52879164e+00, -3.24770780e+00,
-2.26498069e+00, -1.53473885e+00, -1.02385316e+00, -6.63541390e-01,
-4.09495323e-01, -2.35756196e-01, -1.23143617e-01, -6.32488680e-02,
-3.43599040e-02, -1.81601554e-02, -6.97745449e-03]]



Execution time

Box Counting	Box Counting Fixed	SandBox	Genetic SandBox	Simulated SandBox	Genetic BCFS	Simulated BCFS
[ 77387.04214001, 79860.17772698,  8309.21319389, 37928.30430794,
22660.35955   , 30737.64216208, 23098.63365293, 35664.9342432 ,
23345.25857997]
Fractal dimension
3.13
