BCAlgorithm
logR
[-1.79175947,-1.09861229,-0.69314718,-0.40546511,-0.18232156, 0.        ]
IndexZero
10
Tq
[ -2.95748401e+01, -2.69178012e+01, -2.42611687e+01, -2.16053713e+01,
-1.89513147e+01, -1.63009581e+01, -1.36586793e+01, -1.10346276e+01,
-8.45284541e+00, -5.96645485e+00, -3.53122093e+00,  5.74671904e-18,
3.63706757e+00,  7.09405798e+00,  1.04312381e+01,  1.36904570e+01,
1.68965931e+01,  2.00647580e+01,  2.32046613e+01,  2.63229119e+01,
2.94242129e+01]
Dq
[ 2.68862183, 2.69178012, 2.69568541, 2.70067141, 2.70733068, 2.71682634,
2.73173587, 2.75865691, 2.81761514, 2.98322743, 3.53122093, 3.73723127,
3.63706757, 3.54702899, 3.47707938, 3.42261424, 3.37931862, 3.34412634,
3.31495162, 3.29036399, 3.26935698]
lnMrq
[[  8.09233892e+01,  7.94453608e+01,  7.81167191e+01,  7.00864434e+01,
6.89871490e+01,  0.00000000e+00],
[  7.33323665e+01,  7.18538923e+01,  7.05257438e+01,  6.31884316e+01,
6.20884435e+01,  0.00000000e+00],
[  6.57422094e+01,  6.42628380e+01,  6.29356733e+01,  5.62911474e+01,
5.51897607e+01,  0.00000000e+00],
[  5.81538378e+01,  5.66726563e+01,  5.53474484e+01,  4.93953532e+01,
4.82911572e+01,  0.00000000e+00],
[  5.05692029e+01,  4.90843627e+01,  4.77630231e+01,  4.25026203e+01,
4.13928310e+01,  0.00000000e+00],
[  4.29925480e+01,  4.15003147e+01,  4.01865264e+01,  3.56161899e+01,
3.44954748e+01,  0.00000000e+00],
[  3.54333965e+01,  3.39263707e+01,  3.26269164e+01,  2.87427531e+01,
2.76014999e+01,  0.00000000e+00],
[  2.79138112e+01,  2.63784767e+01,  2.51045162e+01,  2.18962794e+01,
2.07191994e+01,  0.00000000e+00],
[  2.04852710e+01,  1.89053680e+01,  1.76696498e+01,  1.51085283e+01,
1.38759016e+01,  0.00000000e+00],
[  1.32575810e+01,  1.16739856e+01,  1.04706299e+01,  8.48368147e+00,
7.15081707e+00,  0.00000000e+00],
[  6.39692966e+00,  5.19295685e+00,  4.07753744e+00,  2.70805020e+00,
1.09861229e+00,  0.00000000e+00],
[  0.00000000e+00, -1.11022302e-16,  0.00000000e+00, -1.11022302e-16,
0.00000000e+00,  0.00000000e+00],
[ -6.00631956e+00, -4.28742865e+00, -2.32565899e+00, -1.10823453e+00,
-9.08880270e-03,  0.00000000e+00],
[ -1.17506155e+01, -8.14518599e+00, -4.24607475e+00, -2.00203971e+00,
-1.36535809e-02,  0.00000000e+00],
[ -1.73232094e+01, -1.17830083e+01, -6.07135581e+00, -2.84837692e+00,
-1.82048353e-02,  0.00000000e+00],
[ -2.27772136e+01, -1.53016662e+01, -7.86796942e+00, -3.67094665e+00,
-2.27560443e-02,  0.00000000e+00],
[ -2.81450059e+01, -1.87537893e+01, -9.65354248e+00, -4.47691617e+00,
-2.73072532e-02,  0.00000000e+00],
[ -3.34478921e+01, -2.21668676e+01, -1.14333101e+01, -5.27064950e+00,
-3.18584621e-02,  0.00000000e+00],
[ -3.87008538e+01, -2.55553934e+01, -1.32090144e+01, -6.05543589e+00,
-3.64096709e-02,  0.00000000e+00],
[ -4.39148860e+01, -2.89272496e+01, -1.49813518e+01, -6.83377837e+00,
-4.09608798e-02,  0.00000000e+00],
[ -4.90982434e+01, -3.22869327e+01, -1.67506897e+01, -7.60753782e+00,
-4.55120887e-02,  0.00000000e+00]]
FSBCAlgorithm
logR
[-2.07944154,-1.38629436,-0.98082925,-0.69314718,-0.47000363,-0.28768207,
-0.13353139, 0.        ]
IndexZero
10
Tq
[-19.92177782,-18.26958792,-16.61773558,-14.96657781,-13.31686994,
-11.67025501,-10.03045131, -8.4063263 , -6.82025582, -5.3269381 ,
-3.36008445,  0.        ,  3.26342318,  6.32946641,  9.27339722,
12.1277855 , 14.90862639, 17.62522869, 20.28433241, 22.89205562,
25.4546811 ]
Dq
[ 1.81107071, 1.82695879, 1.84641506, 1.87082223, 1.90240999, 1.9450425 ,
2.00609026, 2.10158158, 2.27341861, 2.66346905, 3.36008445, 3.40358624,
3.26342318, 3.1647332 , 3.09113241, 3.03194637, 2.98172528, 2.93753812,
2.89776177, 2.86150695, 2.8282979 ]
lnMrq
[[  8.11534096e+01,  7.96781932e+01,  7.87941133e+01,  7.78093176e+01,
7.71042192e+01,  7.59219189e+01,  7.22962423e+01,  0.00000000e+00],
[  7.35622537e+01,  7.20869325e+01,  7.12027458e+01,  7.02179280e+01,
6.95127242e+01,  6.83302116e+01,  6.47045198e+01,  0.00000000e+00],
[  6.59718221e+01,  6.44962877e+01,  6.36118841e+01,  6.26270208e+01,
6.19216032e+01,  6.07386610e+01,  5.71129373e+01,  0.00000000e+00],
[  5.83828776e+01,  5.69069062e+01,  5.60220577e+01,  5.50370997e+01,
5.43312451e+01,  5.31474284e+01,  4.95216370e+01,  0.00000000e+00],
[  5.07970270e+01,  4.93201501e+01,  4.84343772e+01,  4.74492178e+01,
4.67424605e+01,  4.55568464e+01,  4.19309063e+01,  0.00000000e+00],
[  4.32177420e+01,  4.17389647e+01,  4.08512313e+01,  3.98656294e+01,
3.91569756e+01,  3.79676124e+01,  3.43413326e+01,  0.00000000e+00],
[  3.56527917e+01,  3.41699962e+01,  3.32779698e+01,  3.22913438e+01,
3.15786001e+01,  3.03812296e+01,  2.67541278e+01,  0.00000000e+00],
[  2.81203261e+01,  2.66293128e+01,  2.57273846e+01,  2.47381888e+01,
2.40162514e+01,  2.28010890e+01,  1.91718442e+01,  0.00000000e+00],
[  2.06641127e+01,  1.91604439e+01,  1.82337241e+01,  1.72371816e+01,
1.64930803e+01,  1.52354846e+01,  1.16001279e+01,  0.00000000e+00],
[  1.33847575e+01,  1.19029874e+01,  1.09111061e+01,  9.88867741e+00,
9.08275715e+00,  7.70859207e+00,  4.07094844e+00,  0.00000000e+00],
[  6.45520027e+00,  5.31439579e+00,  4.31553127e+00,  3.25696068e+00,
2.25154935e+00,  8.64200477e-01,  3.28549228e-02,  0.00000000e+00],
[  0.00000000e+00,  0.00000000e+00,  0.00000000e+00,  0.00000000e+00,
0.00000000e+00,  0.00000000e+00,  0.00000000e+00,  0.00000000e+00],
[ -6.04878349e+00, -4.38975236e+00, -2.70810878e+00, -1.07886169e+00,
-1.37110690e-01, -4.53717454e-03, -7.08440044e-05,  0.00000000e+00],
[ -1.18302387e+01, -8.36454076e+00, -4.93728498e+00, -1.79550191e+00,
-2.07893078e-01, -6.80251525e-03, -1.06257493e-04,  0.00000000e+00],
[ -1.74325417e+01, -1.21101074e+01, -6.94301105e+00, -2.39126903e+00,
-2.68767819e-01, -8.87241802e-03, -1.41272119e-04,  0.00000000e+00],
[ -2.28983153e+01, -1.56952628e+01, -8.80350111e+00, -2.92306925e+00,
-3.24905654e-01, -1.08437751e-02, -1.76084580e-04,  0.00000000e+00],
[ -2.82483631e+01, -1.91537029e+01, -1.05550648e+01, -3.41259733e+00,
-3.77719312e-01, -1.27442269e-02, -2.10699772e-04,  0.00000000e+00],
[ -3.34940092e+01, -2.25063566e+01, -1.22190002e+01, -3.87044643e+00,
-4.27883018e-01, -1.45876409e-02, -2.45120174e-04,  0.00000000e+00],
[ -3.86431657e+01, -2.57690488e+01, -1.38100290e+01, -4.30271268e+00,
-4.75820939e-01, -1.63830432e-02, -2.79348193e-04,  0.00000000e+00],
[ -4.37035965e+01, -2.89554190e+01, -1.53396103e+01, -4.71334395e+00,
-5.21837334e-01, -1.81370340e-02, -3.13386202e-04,  0.00000000e+00],
[ -4.86843500e+01, -3.20778436e+01, -1.68173299e+01, -5.10512809e+00,
-5.66165599e-01, -1.98547046e-02, -3.47236536e-04,  0.00000000e+00]]

SBAlgorithm
logR
[-1.94591015,-1.25276297,-0.84729786,-0.55961579,-0.33647224,-0.15415068,
0.        ]
IndexZero
10
Tq
[-41.05635087,-37.15078784,-33.2512389 ,-29.36121438,-25.48533123,
-21.62892453,-17.79803505,-14.00628247,-10.29408552, -6.71753549,
-3.29493259,  0.        ,  3.19774859,  6.31820714,  9.37311099,
12.36906544, 15.309698  , 18.19731928, 21.03429456, 23.82404046,
26.57141666]
Dq
[ 3.73239553, 3.71507878, 3.6945821 , 3.6701518 , 3.6407616 , 3.60482076,
3.55960701, 3.50157062, 3.43136184, 3.35876775, 3.29493259, 3.24215991,
3.19774859, 3.15910357, 3.12437033, 3.09226636, 3.0619396 , 3.03288655,
3.00489922, 2.97800506, 2.95237963]
lnMrq
[[-12.13720247,-23.19881595,-37.23091179,-55.67292824,-73.71911094,
-83.43628301,-83.51010526],
[-11.41525795,-21.64664807,-34.45394152,-51.22271749,-67.61285309,
-75.86139744,-75.91827848],
[-10.67750092,-20.08335912,-31.67056738,-46.76577702,-61.49282231,
-68.28231593,-68.3264515 ],
[ -9.91481648,-18.50427865,-28.87788372,-42.29895687,-55.34838135,
-60.70021468,-60.73462433],
[ -9.11272397,-16.90101936,-26.07081869,-37.8167056 ,-49.15601763,
-53.11594955,-53.14279695],
[ -8.24875187,-15.25683625,-23.23927614,-33.30779543,-42.86259064,
-45.53013416,-45.55096938],
[ -7.29022017,-13.53490458,-20.35943083,-28.74488205,-36.3643803 ,
-37.94320467,-37.95914162],
[ -6.19592885,-11.65106522,-17.3641053 ,-24.047919  ,-29.53184655,
-30.35546987,-30.36731367],
[ -4.92675014, -9.43991931,-14.05289781,-18.98369306,-22.35104134,
-22.76714818,-22.77548553],
[ -3.46285942, -6.72645662,-10.03449999,-13.18843308,-14.96590127,
-15.17839442,-15.1836572 ],
[ -1.81205262, -3.52841195, -5.23345667, -6.74117925, -7.49881054,
-7.58931875, -7.59182869],
[  0.        ,  0.        ,  0.        ,  0.        ,  0.        ,
0.        ,  0.        ],
[  1.94526372,  3.74334311,  5.45900132,  6.87513016,  7.51359672,
7.58950502,  7.59182887],
[  4.00185555,  7.64155482, 11.06609144, 13.83080007, 15.03582934,
15.17915502, 15.18365792],
[  6.15553388, 11.66329885, 16.78518173, 20.84327646, 22.56400059,
22.76891975, 22.77548714],
[  8.39832386, 15.79091157, 22.59594282, 27.89925113, 30.09666688,
30.35877675, 30.36731653],
[ 10.72648582, 20.01318112, 28.48538872, 34.99030755, 37.63292885,
37.94870923, 37.9591461 ],
[ 13.13832515, 24.32147112, 34.44410763, 42.11070438, 45.17216793,
45.53870445, 45.55097583],
[ 15.63195664, 28.70755571, 40.46434695, 49.25629426, 52.71393111,
53.12875262, 53.14280574],
[ 18.20341764, 33.16264115, 46.5390519 , 56.42394145, 60.25787244,
60.71884617, 60.7346358 ],
[ 20.84576966, 37.67730617, 52.66147577, 63.61118664, 67.80371966,
68.30897911, 68.32646603]]


SandBox Genetic
logR
[-1.94591015,-1.25276297,-0.84729786,-0.55961579,-0.33647224,-0.15415068,
0.        ]
IndexZero
10
Tq
[-40.96890986,-37.0657395 ,-33.17054705,-29.28677207,-25.41762829,
-21.56431234,-17.73085415,-13.94343821,-10.25034295, -6.69354391,
-3.28434867,  0.        ,  3.18792038,  6.29868936,  9.34326155,
12.32754042, 15.25475398, 18.12713406, 20.94722049, 23.71873663,
26.44683853]
Dq
[ 3.72444635, 3.70657395, 3.68561634, 3.66084651, 3.63108976, 3.59405206,
3.54617083, 3.48585955, 3.41678098, 3.34677196, 3.28434867, 3.23206299,
3.18792038, 3.14934468, 3.11442052, 3.0818851 , 3.0509508 , 3.02118901,
2.99246007, 2.96484208, 2.93853761]
lnMrq
[[-12.12455674,-24.81204242,-38.34990126,-56.80280019,-75.01257428,
-83.47407999,-83.51021948],
[-11.40619673,-23.16378451,-35.51490759,-52.28928076,-68.83218978,
-75.88778298,-75.91838159],
[-10.67362364,-21.49490599,-32.67781414,-47.77307987,-62.63895655,
-68.30070302,-68.32654364],
[ -9.91820541,-19.79394682,-29.8359584 ,-43.25122365,-56.41561279,
-60.71300465,-60.73470565],
[ -9.12574287,-18.04300054,-26.98294607,-38.71690281,-50.11788452,
-53.12481663,-53.14286761],
[ -8.27329014,-16.21392082,-24.10268368,-34.15329429,-43.64746845,
-45.53623957,-45.55102952],
[ -7.32606631,-14.26151981,-21.15250465,-29.51460334,-36.87117259,
-37.94735212,-37.95919139],
[ -6.23877733,-12.11223099,-18.01750138,-24.66975537,-29.75898449,
-30.35821574,-30.3673532 ],
[ -4.96816224, -9.65879439,-14.44118567,-19.32954862,-22.42574265,
-22.76887853,-22.77551497],
[ -3.49402779, -6.80476039,-10.16058454,-13.29125898,-14.98807172,
-15.17937817,-15.18367669],
[ -1.82804702, -3.55373883, -5.26315182, -6.76428101, -7.50490762,
-7.58974423, -7.59183837],
[  0.        ,  0.        ,  0.        ,  0.        ,  0.        ,
0.        ,  0.        ],
[  1.96051052,  3.76348611,  5.47815982,  6.88830157,  7.51705255,
7.58983615,  7.59183842],
[  4.03210133,  7.6806196 , 11.10207313, 13.85434739, 15.04192028,
15.17974967, 15.18367688],
[  6.20172149, 11.72181649, 16.83775276, 20.8758055 , 22.57235712,
22.76972897, 22.77551539],
[  8.46245271, 15.87074478, 22.66620246, 27.94004165, 30.10704359,
30.35976478, 30.36735394],
[ 10.81121551, 20.11681092, 28.57518916, 35.03905693, 37.64512737,
37.94984967, 37.95919254],
[ 13.24657482, 24.45126013, 34.5555177 , 42.16736627, 45.18601837,
45.5399776 , 45.55103118],
[ 15.76660172, 28.8651605 , 40.59919169, 49.32097995, 52.72928651,
53.13014368, 53.14286987],
[ 18.36715755, 33.34866515, 46.69857301, 56.49686133, 60.27460582,
60.72034387, 60.7347086 ],
[ 21.04118817, 37.89123901, 52.84616073, 63.69261277, 67.82172154,
68.31057484, 68.32654738]]
fitNessAverage
[ 19.89558344, 19.90115144, 19.90218418, 19.90653283, 19.91878895,
19.91956563, 19.92284437, 19.91662915, 19.91526539, 19.93188184,
19.94452941, 19.96189023, 19.97301323, 19.97459307, 19.98378454,
19.99692515, 20.00406294, 19.99993   , 20.00101789, 20.00451765,
19.99743906, 19.98718743, 19.98556654, 19.98070699, 19.98621046,
19.98770645, 19.99981972, 20.0006611 , 20.00669784, 20.00620236,
20.00684807, 20.00338487, 19.99781145, 20.00234075, 20.00757614,
20.01150701, 20.01716024, 20.01904423, 20.02144047, 20.02591427,
20.03419251, 20.04186626, 20.04485631, 20.04205423, 20.03744375,
20.04278202, 20.04706862, 20.05006724, 20.05171922, 20.04975117,
20.05175232, 20.04334756, 20.03783944, 20.04641495, 20.04325047,
20.03131534, 20.02893416, 20.03244761]
fitNessMax
[ 20.0290195 , 20.10427464, 20.10427464, 20.09838121, 20.10693659,
20.12615934, 20.13227108, 20.13227108, 20.12615934, 20.1408148 ,
20.16588325, 20.16588325, 20.19320423, 20.19320423, 20.20392448,
20.24461911, 20.24461911, 20.20030711, 20.23344478, 20.17102638,
20.17102638, 20.17102638, 20.20582056, 20.15308275, 20.15308275,
20.2205063 , 20.2205063 , 20.2205063 , 20.2205063 , 20.17597793,
20.17597793, 20.17597793, 20.17597793, 20.15941313, 20.19583552,
20.24422508, 20.27505716, 20.21655222, 20.21655222, 20.22204387,
20.20970313, 20.21931743, 20.21931743, 20.20567952, 20.20340424,
20.20340424, 20.21072149, 20.21058074, 20.24614161, 20.24614161,
20.23942985, 20.23942985, 20.23942985, 20.23942985, 20.23942985,
20.20070571, 20.20070571, 20.18838995]
fitNessMin
[ 19.76639866, 19.69488247, 19.67352377, 19.67352377, 19.67352377,
19.7414393 , 19.7414393 , 19.7414393 , 19.74576398, 19.74576398,
19.69561185, 19.75059612, 19.75059612, 19.75059612, 19.75059612,
19.80740152, 19.80740152, 19.82711908, 19.82711908, 19.82711908,
19.79272236, 19.79272236, 19.79272236, 19.79272236, 19.79272236,
19.79272236, 19.79272236, 19.79272236, 19.79272236, 19.79272236,
19.79272236, 19.77145288, 19.77145288, 19.77145288, 19.79272236,
19.83797724, 19.83797724, 19.82931036, 19.82931036, 19.73383106,
19.82931036, 19.82931036, 19.76892804, 19.82123364, 19.82931036,
19.85675329, 19.85675329, 19.85675329, 19.85675329, 19.85442991,
19.85442991, 19.83760455, 19.74975922, 19.82545269, 19.84470578,
19.80588485, 19.80588485, 19.80588485]


SandBox Simulated Annealing
logR
[-1.94591015,-1.25276297,-0.84729786,-0.55961579,-0.33647224,-0.15415068,
0.        ]
IndexZero
10
Tq
[-40.99169393,-37.07561975,-33.16692415,-29.26873783,-25.38412292,
-21.51550292,-17.67143022,-13.88308594,-10.19971343, -6.65995466,
-3.26879191,  0.        ,  3.17558036,  6.27720151,  9.31532782,
12.29494768, 15.21822545, 18.0865627 , 20.90217164, 23.66895769,
26.3925376 ]
Dq
[ 3.72651763, 3.70756198, 3.68521379, 3.65859223, 3.62630327, 3.58591715,
3.53428604, 3.47077149, 3.39990448, 3.32997733, 3.26879191, 3.21808222,
3.17558036, 3.13860076, 3.10510927, 3.07373692, 3.04364509, 3.01442712,
2.98602452, 2.95861971, 2.93250418]
lnMrq
[[-12.34537714,-24.7386157 ,-38.87223355,-57.6202333 ,-75.56418437,
-83.47956519,-83.51023241],
[-11.62201927,-23.10411403,-35.97922331,-53.0196976 ,-69.31578533,
-75.89185649,-75.91839339],
[-10.88219793,-21.45444339,-33.08352466,-48.41470366,-63.05059084,
-68.30372718,-68.32655431],
[-10.11646092,-19.77938793,-30.18217644,-43.80122668,-56.74873478,
-60.71524786,-60.73471517],
[ -9.30971636,-18.06124868,-27.26854562,-39.17099323,-50.3630158 ,
-53.12647648,-53.14287597],
[ -8.4383084 ,-16.26923643,-24.32692755,-34.5056762 ,-43.79904036,
-45.53746063,-45.55103672],
[ -7.46737938,-14.35029832,-21.31742844,-29.76007101,-36.94598612,
-37.94823943,-37.95919741],
[ -6.35259745,-12.21751934,-18.13341326,-24.81340925,-29.79298212,
-30.35884501,-30.36735804],
[ -5.05247858, -9.75278068,-14.52660707,-19.40406346,-22.4434491 ,
-22.76930385,-22.77551861],
[ -3.54857327, -6.86623382,-10.2191393 ,-13.33346331,-14.99802453,
-15.17963779,-15.18367913],
[ -1.85398636, -3.58061851, -5.28956745, -6.78345794, -7.50943327,
-7.58986486, -7.59183959],
[  0.        ,  0.        ,  0.        ,  0.        ,  0.        ,
0.        ,  0.        ],
[  1.98236361,  3.78242954,  5.49644411,  6.90268357,  7.52095317,
7.5899444 ,  7.59183965],
[  4.07097292,  7.71235807, 11.13252377, 13.87923552, 15.04920025,
15.17995803, 15.18367935],
[  6.25299389, 11.76230454, 16.87626059, 20.90845747, 22.58258482,
22.77003228, 22.77551911],
[  8.52255005, 15.91834934, 22.71042685, 27.97853086, 30.11986948,
30.36015991, 30.36735893],
[ 10.87801818, 20.17210658, 28.62434232, 35.08203061, 37.66027054,
37.95033488, 37.95919879],
[ 13.31931544, 24.51605568, 34.60995292, 42.21390232, 45.20325206,
45.54055207, 45.55103872],
[ 15.84531965, 28.9411604 , 40.65982459, 49.37049113, 52.74842563,
53.13080713, 53.14287869],
[ 18.45199846, 33.4364592 , 46.7663136 , 56.54901903, 60.29549707,
60.72109637, 60.73471872],
[ 21.13190703, 37.99002337, 52.92152434, 63.74728142, 67.84423593,
68.31141663, 68.3265588 ]]

BoxCounting Genetic
logR
[-2.30258509,-1.60943791,-1.2039728 ,-0.91629073,-0.69314718,-0.51082562,
-0.35667494,-0.22314355,-0.10536052, 0.        ]
IndexZero
10
Tq
[ -3.13306415, -3.13291715, -3.13262041, -3.13202059, -3.13081118,
-3.12841166, -3.12394435, -3.11764465, -3.1225614 , -3.21300581,
-2.81762785,  0.        ,  3.16102518,  6.28839293,  9.38078851,
12.44444897, 15.48436245, 18.50456627, 21.50843498, 24.49878035,
27.47789842]
Dq
[ 0.28482401, 0.31329172, 0.34806893, 0.39150257, 0.44725874, 0.52140194,
0.62478887, 0.77941116, 1.0408538 , 1.60650291, 2.81762785, 3.15824029,
3.16102518, 3.14419647, 3.1269295 , 3.11111224, 3.09687249, 3.08409438,
3.07263357, 3.06234754, 3.05309982]
lnMrq
[[  8.97452295e+01,  8.80473604e+01,  8.75946880e+01,  8.66677253e+01,
8.61046435e+01,  8.56424686e+01,  8.49111851e+01,  8.42809869e+01,
8.34006213e+01,  8.12613901e+01],
[  8.12285917e+01,  7.95309144e+01,  7.90781165e+01,  7.81511867e+01,
7.75880074e+01,  7.71258169e+01,  7.63946193e+01,  7.57644570e+01,
7.48840891e+01,  7.27456937e+01],
[  7.27125265e+01,  7.10152417e+01,  7.05621873e+01,  6.96353235e+01,
6.90719484e+01,  6.86097243e+01,  6.78787002e+01,  6.72486110e+01,
6.63682485e+01,  6.42315239e+01],
[  6.41976438e+01,  6.25011725e+01,  6.20475862e+01,  6.11208555e+01,
6.05570863e+01,  6.00947878e+01,  5.93641148e+01,  5.87341754e+01,
5.78538546e+01,  5.57204620e+01],
[  5.56852512e+01,  5.39904949e+01,  5.35357828e+01,  5.26093216e+01,
5.20447561e+01,  5.15822851e+01,  5.08523242e+01,  5.02226930e+01,
4.93425551e+01,  4.72157617e+01],
[  4.71782840e+01,  4.54872300e+01,  4.50300477e+01,  4.41041387e+01,
4.35379523e+01,  4.30750559e+01,  4.23465366e+01,  4.17175401e+01,
4.08380839e+01,  3.87241402e+01],
[  3.86839166e+01,  3.70011016e+01,  3.65381383e+01,  3.56133808e+01,
3.50438400e+01,  3.45797960e+01,  3.38541593e+01,  3.32264565e+01,
3.23493345e+01,  3.02593506e+01],
[  3.02225379e+01,  2.85589065e+01,  2.80805731e+01,  2.71582334e+01,
2.65814618e+01,  2.61138798e+01,  2.53937894e+01,  2.47685847e+01,
2.38987495e+01,  2.18484871e+01],
[  2.18646570e+01,  2.02528516e+01,  1.97232505e+01,  1.88053738e+01,
1.82110734e+01,  1.77302145e+01,  1.70195640e+01,  1.63977931e+01,
1.55461049e+01,  1.35395781e+01],
[  1.38553827e+01,  1.24434603e+01,  1.17456024e+01,  1.08347305e+01,
1.01839661e+01,  9.64039625e+00,  8.93729349e+00,  8.30259304e+00,
7.45789380e+00,  5.40800011e+00],
[  6.60237077e+00,  5.77786902e+00,  5.08469088e+00,  4.36054760e+00,
3.68687745e+00,  3.01651481e+00,  2.31253542e+00,  1.57484647e+00,
7.56121980e-01,  8.61776962e-02],
[  0.00000000e+00,  0.00000000e+00,  0.00000000e+00,  0.00000000e+00,
0.00000000e+00,  0.00000000e+00,  0.00000000e+00,  0.00000000e+00,
0.00000000e+00,  0.00000000e+00],
[ -6.34256011e+00, -5.43201243e+00, -4.42277177e+00, -3.45272556e+00,
-2.44284793e+00, -1.44791676e+00, -5.91327460e-01, -1.22658117e-01,
-9.61747440e-03, -2.18890355e-04],
[ -1.25905219e+01, -1.06902996e+01, -8.56184342e+00, -6.54701392e+00,
-4.47832365e+00, -2.51292383e+00, -9.55372801e-01, -1.87255126e-01,
-1.44379600e-02, -3.28353502e-04],
[ -1.87927523e+01, -1.58237666e+01, -1.25314275e+01, -9.43963699e+00,
-6.30948486e+00, -3.41913330e+00, -1.25734220e+00, -2.43711516e-01,
-1.89109443e-02, -4.36710739e-04],
[ -2.49673970e+01, -2.08537271e+01, -1.63810409e+01, -1.21933541e+01,
-8.00920443e+00, -4.23460327e+00, -1.52890807e+00, -2.96552776e-01,
-2.32135066e-02, -5.44520712e-04],
[ -3.11232293e+01, -2.57946538e+01, -2.01381579e+01, -1.48414239e+01,
-9.61222976e+00, -4.98775119e+00, -1.78011608e+00, -3.46781751e-01,
-2.73771557e-02, -6.51791196e-04],
[ -3.72651811e+01, -3.06592767e+01, -2.38206068e+01, -1.74051053e+01,
-1.11382294e+01, -5.69333228e+00, -2.01546037e+00, -3.94829675e-01,
-3.14175555e-02, -7.58525995e-04],
[ -4.33962546e+01, -3.54594509e+01, -2.74412229e+01, -1.98996486e+01,
-1.25999807e+01, -6.36036445e+00, -2.23751358e+00, -4.40966007e-01,
-3.53469458e-02, -8.64728854e-04],
[ -4.95183638e+01, -4.02058934e+01, -3.10098410e+01, -2.23367075e+01,
-1.40069351e+01, -6.99501092e+00, -2.44801865e+00, -4.85390151e-01,
-3.91758580e-02, -9.70403494e-04],
[ -5.56327648e+01, -4.49078779e+01, -3.45342443e+01, -2.47254913e+01,
-1.53669224e+01, -7.60180977e+00, -2.64829165e+00, -5.28261648e-01,
-4.29134981e-02, -1.07555361e-03]]
fitNessAverage
[ 52.2676634 , 52.27964094, 52.28572242, 52.29043558, 52.29501015,
52.29902519, 52.30049032, 52.29895675, 52.30293876, 52.30492158,
52.30701116, 52.30375658, 52.31124155, 52.30787767, 52.3071275 ,
52.30222546, 52.30069763, 52.30347355, 52.30027536, 52.29556655,
52.2963595 , 52.29485957, 52.29829101, 52.30128758, 52.29108902,
52.28256529, 52.28800975, 52.28504295, 52.27966288, 52.27335857,
52.26576041, 52.25719285, 52.25427602, 52.25113863, 52.25372381,
52.25067995, 52.2544169 , 52.25360435, 52.26173068, 52.2670651 ,
52.27147944, 52.27159384]
fitNessMax
[ 52.33324858, 52.3818858 , 52.3818858 , 52.39827416, 52.39827416,
52.39827416, 52.39827416, 52.39324043, 52.41321607, 52.40813649,
52.43792333, 52.43792333, 52.43792333, 52.43792333, 52.44538971,
52.40579599, 52.42042082, 52.43946585, 52.39038442, 52.38928067,
52.45525607, 52.42881589, 52.42881589, 52.42881589, 52.42881589,
52.4127913 , 52.4127913 , 52.4127913 , 52.4127913 , 52.38865177,
52.38565133, 52.38917889, 52.38993328, 52.38917889, 52.39921672,
52.39921672, 52.38917889, 52.38917889, 52.4055326 , 52.41492655,
52.41492655, 52.4055326 ]
fitNessMin
[ 52.20740944, 52.1982841 , 52.1982841 , 52.1982841 , 52.1982841 ,
52.14505437, 52.15904737, 52.15904737, 52.18194503, 52.19816537,
52.18190198, 52.18190198, 52.18190198, 52.19816537, 52.17461526,
52.17461526, 52.17234623, 52.17234623, 52.17234623, 52.16892304,
52.16892304, 52.15106754, 52.15106754, 52.18362231, 52.17332912,
52.17476434, 52.17476434, 52.17505313, 52.12286461, 52.12286461,
52.12286461, 52.10602751, 52.10602751, 52.10602751, 52.11708396,
52.08622461, 52.08622461, 52.08622461, 52.15371538, 52.15371538,
52.13011751, 52.12067081]


BoxCounting Simulated Annealing
logR
[-2.30258509,-1.60943791,-1.2039728 ,-0.91629073,-0.69314718,-0.51082562,
-0.35667494,-0.22314355,-0.10536052, 0.        ]
IndexZero
10
Tq
[ -3.28524394e+01, -2.97660723e+01, -2.66801637e+01, -2.35951923e+01,
-2.05121614e+01, -1.74332412e+01, -1.43634252e+01, -1.13157159e+01,
-8.33178510e+00, -5.55550248e+00, -3.07275513e+00,  4.54550362e-18,
3.13490974e+00,  6.20301910e+00,  9.21983703e+00,  1.21983705e+01,
1.51483726e+01,  1.80774143e+01,  2.09911885e+01,  2.38937581e+01,
2.67879063e+01]
Dq
[ 2.9865854 , 2.97660723, 2.96446263, 2.94939904, 2.93030877, 2.9055402 ,
2.87268504, 2.82892899, 2.7772617 , 2.77775124, 3.07275513, 3.16758127,
3.13490974, 3.10150955, 3.07327901, 3.04959264, 3.02967451, 3.01290239,
2.99874121, 2.98671977, 2.97643403]
lnMrq
[[  8.95670505e+01,  8.78119060e+01,  8.67825558e+01,  8.62705622e+01,
8.51729418e+01,  7.41858093e+01,  6.21460831e+01,  6.72543372e+01,
0.00000000e+00,  0.00000000e+00],
[  8.10505335e+01,  7.92956398e+01,  7.82665634e+01,  7.77534060e+01,
7.66567914e+01,  6.67672293e+01,  5.59314806e+01,  6.05289035e+01,
0.00000000e+00,  0.00000000e+00],
[  7.25347069e+01,  7.07803217e+01,  6.97518027e+01,  6.92363275e+01,
6.81417480e+01,  5.93486530e+01,  4.97168934e+01,  5.38034698e+01,
0.00000000e+00,  0.00000000e+00],
[  6.40202934e+01,  6.22669453e+01,  6.12395727e+01,  6.07194936e+01,
5.96290428e+01,  5.19300958e+01,  4.35023633e+01,  4.70780361e+01,
0.00000000e+00,  0.00000000e+00],
[  5.55088176e+01,  5.37575992e+01,  5.27326237e+01,  5.22034454e+01,
5.11213710e+01,  4.45116383e+01,  3.72880478e+01,  4.03526023e+01,
0.00000000e+00,  0.00000000e+00],
[  4.70036336e+01,  4.52568206e+01,  4.42369804e+01,  4.36899945e+01,
4.26247627e+01,  3.70937218e+01,  3.10745529e+01,  3.36271686e+01,
0.00000000e+00,  0.00000000e+00],
[  3.85127762e+01,  3.67751162e+01,  3.57665976e+01,  3.51855027e+01,
3.41529584e+01,  2.96788386e+01,  2.48642908e+01,  2.69017349e+01,
0.00000000e+00,  0.00000000e+00],
[  3.00588335e+01,  2.83404585e+01,  2.73569458e+01,  2.67138134e+01,
2.57378630e+01,  2.22815071e+01,  1.86674258e+01,  2.01763012e+01,
0.00000000e+00,  0.00000000e+00],
[  2.17199424e+01,  2.00502935e+01,  1.91130607e+01,  1.83704111e+01,
1.74604494e+01,  1.49846056e+01,  1.25297036e+01,  1.34508689e+01,
0.00000000e+00,  0.00000000e+00],
[  1.37608862e+01,  1.22973226e+01,  1.13990012e+01,  1.05369273e+01,
9.61748523e+00,  8.15297789e+00,  6.65724968e+00,  6.72663444e+00,
0.00000000e+00,  0.00000000e+00],
[  6.57368017e+00,  5.72684775e+00,  5.03043792e+00,  4.27666612e+00,
3.52636052e+00,  2.70805020e+00,  1.94591015e+00,  6.93147181e-01,
0.00000000e+00,  0.00000000e+00],
[  0.00000000e+00,  0.00000000e+00,  0.00000000e+00,  0.00000000e+00,
2.22044605e-16,  0.00000000e+00,  0.00000000e+00,  0.00000000e+00,
0.00000000e+00,  0.00000000e+00],
[ -6.33713738e+00, -5.39475778e+00, -4.41157244e+00, -3.26663013e+00,
-2.54737423e+00, -1.39839739e+00, -9.09895227e-01, -2.39999769e-03,
0.00000000e+00,  0.00000000e+00],
[ -1.25859355e+01, -1.06036693e+01, -8.51546365e+00, -6.07808711e+00,
-4.76303723e+00, -2.57092179e+00, -1.70855496e+00, -3.60216000e-03,
0.00000000e+00,  0.00000000e+00],
[ -1.87900508e+01, -1.56704216e+01, -1.24225526e+01, -8.67537026e+00,
-6.83184039e+00, -3.68106856e+00, -2.48152696e+00, -4.80288230e-03,
0.00000000e+00,  0.00000000e+00],
[ -2.49661325e+01, -2.06195524e+01, -1.61931262e+01, -1.11725244e+01,
-8.82553780e+00, -4.76219525e+00, -3.23983270e+00, -6.00360288e-03,
0.00000000e+00,  0.00000000e+00],
[ -3.11225252e+01, -2.54729991e+01, -1.98701377e+01, -1.36219572e+01,
-1.07749637e+01, -5.82559896e+00, -3.98653525e+00, -7.20432346e-03,
0.00000000e+00,  0.00000000e+00],
[ -3.72640870e+01, -3.02518615e+01, -2.34848644e+01, -1.60476736e+01,
-1.26951693e+01, -6.87668461e+00, -4.72351627e+00, -8.40504404e-03,
0.00000000e+00,  0.00000000e+00],
[ -4.33938715e+01, -3.49745914e+01, -2.70588397e+01, -1.84609911e+01,
-1.45948078e+01, -7.91858007e+00, -5.45238370e+00, -9.60576461e-03,
0.00000000e+00,  0.00000000e+00],
[ -4.95138878e+01, -3.96556999e+01, -3.06062079e+01, -2.08674880e+01,
-1.64795651e+01, -8.95333548e+00, -6.17456929e+00, -1.08064852e-02,
0.00000000e+00,  0.00000000e+00],
[ -5.56255000e+01, -4.43057773e+01, -3.41360528e+01, -2.32700505e+01,
-1.83534585e+01, -9.98242539e+00, -6.89132264e+00, -1.20072058e-02,
0.00000000e+00,  0.00000000e+00]]


Fixed Size Genetic
logR
[-2.39789527,-1.70474809,-1.29928298,-1.01160091,-0.78845736,-0.6061358 ,
-0.45198512,-0.31845373,-0.2006707 ,-0.09531018, 0.        ]
IndexZero
10
Tq
[-15.06730645,-13.82968206,-12.59211969,-11.35469409,-10.11758476,
-8.88126195, -7.64713024, -6.42025899, -5.22306455, -4.14843215,
-2.91412756,  0.        ,  3.09710967,  6.13797479,  9.1355044 ,
12.09978968, 15.03740438, 17.95304778, 20.85028724, 23.73191694,
26.60016868]
Dq
[ 1.36975513, 1.38296821, 1.39912441, 1.41933676, 1.44536925, 1.48021033,
1.52942605, 1.60506475, 1.74102152, 2.07421608, 2.91412756, 3.12129857,
3.09710967, 3.06898739, 3.04516813, 3.02494742, 3.00748088, 2.99217463,
2.97861246, 2.96648962, 2.9555743 ]
lnMrq
[[  8.97682042e+01,  8.80030087e+01,  8.76192446e+01,  8.66789375e+01,
8.61086892e+01,  8.55913247e+01,  8.48440645e+01,  8.42561630e+01,
8.35634259e+01,  8.21769845e+01,  0.00000000e+00],
[  8.12515656e+01,  7.94866381e+01,  7.91026881e+01,  7.81624620e+01,
7.75921691e+01,  7.70748220e+01,  7.63275209e+01,  7.57395011e+01,
7.50471688e+01,  7.36605802e+01,  0.00000000e+00],
[  7.27354982e+01,  7.09711186e+01,  7.05867880e+01,  6.96467235e+01,
6.90763415e+01,  6.85590262e+01,  6.78116537e+01,  6.72233901e+01,
6.65318561e+01,  6.51449729e+01,  0.00000000e+00],
[  6.42206100e+01,  6.24573617e+01,  6.20722426e+01,  6.11325001e+01,
6.05619394e+01,  6.00446792e+01,  5.92971946e+01,  5.87084224e+01,
5.80184497e+01,  5.66309779e+01,  0.00000000e+00],
[  5.57082026e+01,  5.39473247e+01,  5.35605420e+01,  5.26214391e+01,
5.20505183e+01,  5.15333400e+01,  5.07857260e+01,  5.01958734e+01,
4.95089123e+01,  4.81202653e+01,  0.00000000e+00],
[  4.72011927e+01,  4.54453817e+01,  4.50549852e+01,  4.41171445e+01,
4.35454895e+01,  4.30283802e+01,  4.22807941e+01,  4.16885962e+01,
4.10073073e+01,  3.96163035e+01,  0.00000000e+00],
[  3.87066937e+01,  3.69619839e+01,  3.65633357e+01,  3.56279501e+01,
3.50547419e+01,  3.45374448e+01,  3.37907648e+01,  3.31933518e+01,
3.25223119e+01,  3.11264407e+01,  0.00000000e+00],
[  3.02448632e+01,  2.85253482e+01,  2.81059277e+01,  2.71751189e+01,
2.65982518e+01,  2.60794040e+01,  2.53368565e+01,  2.47276749e+01,
2.40737410e+01,  2.26666778e+01,  0.00000000e+00],
[  2.18852458e+01,  2.02298844e+01,  1.97475257e+01,  1.88238813e+01,
1.82356647e+01,  1.77089067e+01,  1.69792409e+01,  1.63443355e+01,
1.57132050e+01,  1.42732489e+01,  0.00000000e+00],
[  1.38700772e+01,  1.24353795e+01,  1.17637134e+01,  1.08483284e+01,
1.02081869e+01,  9.63935042e+00,  8.92928585e+00,  8.24737048e+00,
7.60368701e+00,  6.03615985e+00,  0.00000000e+00],
[  6.60775768e+00,  5.77737365e+00,  5.09301373e+00,  4.36754731e+00,
3.69932471e+00,  3.04499851e+00,  2.33698652e+00,  1.62136648e+00,
8.58661619e-01,  1.48420005e-01,  0.00000000e+00],
[  0.00000000e+00,  0.00000000e+00,  0.00000000e+00,  0.00000000e+00,
0.00000000e+00,  0.00000000e+00,  0.00000000e+00,  0.00000000e+00,
0.00000000e+00,  0.00000000e+00,  0.00000000e+00],
[ -6.34480927e+00, -5.43499482e+00, -4.43634476e+00, -3.47384759e+00,
-2.48567150e+00, -1.52041759e+00, -6.86253985e-01, -1.55063527e-01,
-1.23500489e-02, -2.51632457e-04,  0.00000000e+00],
[ -1.25939518e+01, -1.07006335e+01, -8.59261213e+00, -6.59820838e+00,
-4.58719865e+00, -2.69258684e+00, -1.13013797e+00, -2.38779773e-01,
-1.85570572e-02, -3.77467637e-04,  0.00000000e+00],
[ -1.87969799e+01, -1.58469235e+01, -1.25814898e+01, -9.52892602e+00,
-6.50490552e+00, -3.72881051e+00, -1.50122972e+00, -3.11411081e-01,
-2.44808695e-02, -5.02920967e-04,  0.00000000e+00],
[ -2.49722832e+01, -2.08959070e+01, -1.64523155e+01, -1.23293770e+01,
-8.31089865e+00, -4.69061328e+00, -1.83761042e+00, -3.79185915e-01,
-3.02712336e-02, -6.28189577e-04,  0.00000000e+00],
[ -3.11287445e+01, -2.58619750e+01, -2.02326547e+01, -1.50333163e+01,
-1.00396834e+01, -5.60340404e+00, -2.15229949e+00, -4.43521900e-01,
-3.59412533e-02, -7.53274250e-04,  0.00000000e+00],
[ -3.72713435e+01, -3.07568950e+01, -2.39399053e+01, -1.76620400e+01,
-1.17105442e+01, -6.48015232e+00, -2.45116380e+00, -5.05012743e-01,
-4.14969507e-02, -8.78175342e-04,  0.00000000e+00],
[ -4.34030952e+01, -3.55909767e+01, -2.75858283e+01, -2.02304964e+01,
-1.33354122e+01, -7.32857381e+00, -2.73745733e+00, -5.64025789e-01,
-4.69435945e-02, -1.00289321e-03,  0.00000000e+00],
[ -4.95259071e+01, -4.03732168e+01, -3.11788613e+01, -2.27499196e+01,
-1.49222527e+01, -8.15381778e+00, -3.01327256e+00, -6.20833889e-01,
-5.22861190e-02, -1.12742821e-03,  0.00000000e+00],
[ -5.56410183e+01, -4.51113090e+01, -3.47254964e+01, -2.52291158e+01,
-1.64767292e+01, -8.95962348e+00, -3.28009389e+00, -6.75656126e-01,
-5.75291704e-02, -1.25178069e-03,  0.00000000e+00]]
fitNessAverage
[ 52.33282796, 52.32907831, 52.32700582, 52.32320795, 52.32128114,
52.32045726, 52.31725668, 52.3149251 , 52.31159275, 52.30953325,
52.30450109, 52.31026117, 52.3175139 , 52.32495271, 52.32837653,
52.32340421, 52.32088463, 52.31394934, 52.30803087, 52.30124499,
52.30259999, 52.30213227, 52.30397645, 52.29886062, 52.29814515,
52.29563072, 52.29481079, 52.29537882, 52.29962168, 52.29844195,
52.29667264]
fitNessMax
[ 52.38963743, 52.40653517, 52.4182414 , 52.4452353 , 52.4219658 ,
52.48038606, 52.46538556, 52.46538556, 52.46538556, 52.49280678,
52.41773691, 52.48592023, 52.4205449 , 52.44424475, 52.4676051 ,
52.45956373, 52.45956373, 52.45956373, 52.45132844, 52.423912  ,
52.423912  , 52.473111  , 52.43283245, 52.42722822, 52.42722822,
52.40349446, 52.44385374, 52.44385374, 52.42137507, 52.42137507,
52.42137507]
fitNessMin
[ 52.25235251, 52.23214337, 52.16762346, 52.13981942, 52.13981942,
52.13981942, 52.10431633, 52.20533531, 52.13957579, 52.19820319,
52.1881933 , 52.1881933 , 52.19233976, 52.20628348, 52.19660252,
52.19660252, 52.17675682, 52.13237493, 52.13237493, 52.13237493,
52.19065683, 52.19065683, 52.17668573, 52.17395411, 52.1246763 ,
52.1246763 , 52.18402855, 52.18402855, 52.18474166, 52.16203098,
52.16203098]


Genetic fixed size Simulated Annealing
logR
[-2.39789527,-1.70474809,-1.29928298,-1.01160091,-0.78845736,-0.6061358 ,
-0.45198512,-0.31845373,-0.2006707 ,-0.09531018, 0.        ]
IndexZero
10
Tq
[-15.20544918,-13.96778196,-12.7301279 ,-11.49250105,-10.25493688,
-9.01755334, -7.78087774, -6.54781055, -5.33572593, -4.22850998,
-2.93310282,  0.        ,  3.1057621 ,  6.15439784,  9.15899932,
12.12958437, 15.07257371, 17.99252568, 20.89289326, 23.77637462,
26.64512388]
Dq
[ 1.38231356, 1.3967782 , 1.41445866, 1.43656263, 1.46499098, 1.50292556,
1.55617555, 1.63695264, 1.77857531, 2.11425499, 2.93310282, 3.13066151,
3.1057621 , 3.07719892, 3.05299977, 3.03239609, 3.01451474, 2.99875428,
2.98469904, 2.97204683, 2.96056932]
lnMrq
[[  8.97670978e+01,  8.80332161e+01,  8.76114195e+01,  8.67390700e+01,
8.60768232e+01,  8.54425927e+01,  8.46784780e+01,  8.41228797e+01,
8.28706379e+01,  8.19535532e+01,  0.00000000e+00],
[  8.12504637e+01,  7.95168349e+01,  7.90948611e+01,  7.82224950e+01,
7.75603123e+01,  7.69260409e+01,  7.61621375e+01,  7.56064731e+01,
7.43547568e+01,  7.34368664e+01,  0.00000000e+00],
[  7.27344049e+01,  7.10012927e+01,  7.05789582e+01,  6.97065604e+01,
6.90445027e+01,  6.84101471e+01,  6.76466708e+01,  6.70908869e+01,
6.58402292e+01,  6.49207054e+01,  0.00000000e+00],
[  6.42195327e+01,  6.24874859e+01,  6.20644102e+01,  6.11919534e+01,
6.05301360e+01,  5.98956050e+01,  5.91329964e+01,  5.85770095e+01,
5.73284878e+01,  5.64056375e+01,  0.00000000e+00],
[  5.57071537e+01,  5.39773352e+01,  5.35527140e+01,  5.26801518e+01,
5.20187851e+01,  5.13838847e+01,  5.06230488e+01,  5.00667574e+01,
4.88225491e+01,  4.78928889e+01,  0.00000000e+00],
[  4.72001893e+01,  4.54751206e+01,  4.50471938e+01,  4.41744601e+01,
4.35138971e+01,  4.28782142e+01,  4.21210223e+01,  4.15643901e+01,
4.03288659e+01,  3.93852156e+01,  0.00000000e+00],
[  3.87057443e+01,  3.69910351e+01,  3.65556944e+01,  3.56827312e+01,
3.50234581e+01,  3.43861261e+01,  3.36364422e+01,  3.30797466e+01,
3.18614858e+01,  3.08891484e+01,  0.00000000e+00],
[  3.02439107e+01,  2.85525395e+01,  2.80987361e+01,  2.72255966e+01,
2.65678293e+01,  2.59271241e+01,  2.51926496e+01,  2.46367278e+01,
2.34515493e+01,  2.24211928e+01,  0.00000000e+00],
[  2.18840307e+01,  2.02518390e+01,  1.97410683e+01,  1.88676616e+01,
1.82086227e+01,  1.75612365e+01,  1.68545578e+01,  1.62983571e+01,
1.51706008e+01,  1.40255529e+01,  0.00000000e+00],
[  1.38683812e+01,  1.24455548e+01,  1.17558145e+01,  1.08800490e+01,
1.01945325e+01,  9.52730186e+00,  8.84657224e+00,  8.26536521e+00,
7.20204567e+00,  5.82699964e+00,  0.00000000e+00],
[  6.60667721e+00,  5.77858068e+00,  5.08363789e+00,  4.37071287e+00,
3.69610330e+00,  3.00963518e+00,  2.31253542e+00,  1.59736533e+00,
7.22705983e-01,  1.48420005e-01,  0.00000000e+00],
[  0.00000000e+00,  0.00000000e+00,  0.00000000e+00,  0.00000000e+00,
0.00000000e+00,  0.00000000e+00,  0.00000000e+00,  0.00000000e+00,
0.00000000e+00,  0.00000000e+00,  0.00000000e+00],
[ -6.34464936e+00, -5.43428812e+00, -4.42353420e+00, -3.45489810e+00,
-2.45278023e+00, -1.45574337e+00, -5.95110581e-01, -1.26139717e-01,
-1.35463728e-02, -5.29494558e-04,  0.00000000e+00],
[ -1.25943987e+01, -1.06976596e+01, -8.56376101e+00, -6.55870291e+00,
-4.50947833e+00, -2.53817782e+00, -9.55830657e-01, -1.92525022e-01,
-2.03692565e-02, -7.94347010e-04,  0.00000000e+00],
[ -1.87984177e+01, -1.58396632e+01, -1.25332670e+01, -9.47168561e+00,
-6.37868685e+00, -3.47054514e+00, -1.25569132e+00, -2.49089029e-01,
-2.63578302e-02, -1.05665830e-03,  0.00000000e+00],
[ -2.49748478e+01, -2.08820075e+01, -1.63812583e+01, -1.22584196e+01,
-8.13804796e+00, -4.32367230e+00, -1.52782538e+00, -3.01064619e-01,
-3.19358548e-02, -1.31773242e-03,  0.00000000e+00],
[ -3.11324348e+01, -2.58389008e+01, -2.01347825e+01, -1.49530961e+01,
-9.82636807e+00, -5.12881121e+00, -1.78234357e+00, -3.49944155e-01,
-3.71928352e-02, -1.57758656e-03,  0.00000000e+00],
[ -3.72760856e+01, -3.07221899e+01, -2.38104537e+01, -1.75767539e+01,
-1.14659225e+01, -5.90226443e+00, -2.02370278e+00, -3.96430300e-01,
-4.21724806e-02, -1.83622885e-03,  0.00000000e+00],
[ -4.34087752e+01, -3.55425993e+01, -2.74189352e+01, -2.01433132e+01,
-1.30704817e+01, -6.65349892e+00, -2.25451172e+00, -4.40930680e-01,
-4.69081627e-02, -2.09366729e-03,  0.00000000e+00],
[ -4.95323864e+01, -4.03098528e+01, -3.09671991e+01, -2.26623465e+01,
-1.46489957e+01, -7.38842484e+00, -2.47658873e+00, -4.83710299e-01,
-5.14282741e-02, -2.34990982e-03,  0.00000000e+00],
[ -5.56481395e+01, -4.50325805e+01, -3.44600381e+01, -2.51406634e+01,
-1.62075153e+01, -8.11092173e+00, -2.69131888e+00, -5.24956696e-01,
-5.57574372e-02, -2.60496434e-03,  0.00000000e+00]]

Execution time

Box Counting	Box Counting Fixed	SandBox	Genetic SandBox	Simulated SandBox	Genetic BCFS	Simulated BCFS
[ 68581.7578299 , 70942.03717184,  1647.58905506, 26952.55496192,
8707.16085505, 18637.00811219,  8856.55711794, 13702.76590586,
8855.79008102]
Fractal dimension
3.31089262088
