BCAlgorithm
logR
[-1.79175947,-1.09861229,-0.69314718,-0.40546511,-0.18232156, 0.        ]
IndexZero
10
Tq
[ -3.65939501e+01, -3.32253517e+01, -2.98571977e+01, -2.64899609e+01,
-2.31246498e+01, -1.97634890e+01, -1.64116557e+01, -1.30822724e+01,
-9.81255754e+00, -6.70614472e+00, -3.75421589e+00, -1.46523583e-17,
3.91030326e+00,  7.74878034e+00,  1.15422545e+01,  1.53057421e+01,
1.90471731e+01,  2.27712831e+01,  2.64811637e+01,  3.01789682e+01,
3.38662770e+01]
Dq
[ 3.32672273, 3.32253517, 3.31746641, 3.31124511, 3.3035214 , 3.29391483,
3.28233114, 3.27056809, 3.27085251, 3.35307236, 3.75421589, 3.94845286,
3.91030326, 3.87439017, 3.84741817, 3.82643554, 3.80943462, 3.79521385,
3.78302339, 3.77237102, 3.76291967]
lnMrq
[[  9.00704947e+01,  8.81683589e+01,  8.72516261e+01,  7.89340955e+01,
6.03228655e+01,  0.00000000e+00],
[  8.15540335e+01,  7.96518718e+01,  7.87346939e+01,  7.11105374e+01,
5.42905791e+01,  0.00000000e+00],
[  7.30383234e+01,  7.11361138e+01,  7.02180398e+01,  6.32874667e+01,
4.82582937e+01,  0.00000000e+00],
[  6.45241563e+01,  6.26218618e+01,  6.17019761e+01,  5.54653692e+01,
4.22260131e+01,  0.00000000e+00],
[  5.60132098e+01,  5.41107716e+01,  5.31871986e+01,  4.76452144e+01,
3.61937588e+01,  0.00000000e+00],
[  4.75091675e+01,  4.56064884e+01,  4.46753236e+01,  3.98289446e+01,
3.01616471e+01,  0.00000000e+00],
[  3.90206408e+01,  3.71174738e+01,  3.61703456e+01,  3.20205583e+01,
2.41303071e+01,  0.00000000e+00],
[  3.05699971e+01,  2.86653591e+01,  2.76831904e+01,  2.42293039e+01,
1.81031321e+01,  0.00000000e+00],
[  2.22236529e+01,  2.03171590e+01,  1.92504735e+01,  1.64857440e+01,
1.20980937e+01,  0.00000000e+00],
[  1.41788089e+01,  1.23430450e+01,  1.10599771e+01,  8.96894253e+00,
6.20376024e+00,  0.00000000e+00],
[  6.76964198e+00,  5.52545294e+00,  4.27666612e+00,  2.89037176e+00,
1.09861229e+00,  0.00000000e+00],
[  0.00000000e+00,  0.00000000e+00,  0.00000000e+00, -1.11022302e-16,
0.00000000e+00,  0.00000000e+00],
[ -6.44785249e+00, -4.96617449e+00, -3.29799046e+00, -1.60831175e+00,
-3.08593700e-02,  0.00000000e+00],
[ -1.27598670e+01, -9.69877118e+00, -6.27865283e+00, -2.95070807e+00,
-4.65571188e-02,  0.00000000e+00],
[ -1.90018676e+01, -1.43085077e+01, -9.08768747e+00, -4.19962526e+00,
-6.20792162e-02,  0.00000000e+00],
[ -2.51995316e+01, -1.88433045e+01, -1.17773730e+01, -5.40449062e+00,
-7.75990579e-02,  0.00000000e+00],
[ -3.13652564e+01, -2.33270136e+01, -1.43831802e+01, -6.58508570e+00,
-9.31188699e-02,  0.00000000e+00],
[ -3.75060246e+01, -2.77730723e+01, -1.69326146e+01, -7.75046276e+00,
-1.08638682e-01,  0.00000000e+00],
[ -4.36261883e+01, -3.21899889e+01, -1.94454233e+01, -8.90537188e+00,
-1.24158493e-01,  0.00000000e+00],
[ -4.97286714e+01, -3.65836666e+01, -2.19347936e+01, -1.00526863e+01,
-1.39678305e-01,  0.00000000e+00],
[ -5.58155645e+01, -4.09584622e+01, -2.44091958e+01, -1.11943471e+01,
-1.55198117e-01,  0.00000000e+00]]
FSBCAlgorithm
logR
[-1.94591015,-1.25276297,-0.84729786,-0.55961579,-0.33647224,-0.15415068,
0.        ]
IndexZero
10
Tq
[-25.25940008,-23.0559408 ,-20.85269183,-18.64987781,-16.44798082,
-14.24808148,-12.05278987, -9.86924944, -7.72054204, -5.68346297,
-3.61178693,  0.        ,  3.71499318,  7.34432543, 10.91867375,
14.45417998, 17.95927976, 21.43879044, 24.89563749, 28.33167306,
31.74812606]
Dq
[ 2.2963091 , 2.30559408, 2.31696576, 2.33123473, 2.34971155, 2.37468025,
2.41055797, 2.46731236, 2.57351401, 2.84173148, 3.61178693, 3.76729568,
3.71499318, 3.67216272, 3.63955792, 3.61354499, 3.59185595, 3.57313174,
3.55651964, 3.54145913, 3.52756956]
lnMrq
[[  9.02714615e+01,  8.82954524e+01,  8.72237821e+01,  8.59427714e+01,
8.47539662e+01,  8.35336158e+01,  0.00000000e+00],
[  8.17549052e+01,  7.97789850e+01,  7.87072387e+01,  7.74262252e+01,
7.62373653e+01,  7.50169800e+01,  0.00000000e+00],
[  7.32390037e+01,  7.12632651e+01,  7.01913634e+01,  6.89103434e+01,
6.77213720e+01,  6.65009152e+01,  0.00000000e+00],
[  6.47244500e+01,  6.27490869e+01,  6.16768629e+01,  6.03958266e+01,
5.92066267e+01,  5.79860215e+01,  0.00000000e+00],
[  5.62127164e+01,  5.42381418e+01,  5.31652348e+01,  5.18841558e+01,
5.06944804e+01,  4.94735609e+01,  0.00000000e+00],
[  4.77070450e+01,  4.57341622e+01,  4.46597547e+01,  4.33785547e+01,
4.21878674e+01,  4.09662606e+01,  0.00000000e+00],
[  3.92150264e+01,  3.72458769e+01,  3.61679567e+01,  3.48863856e+01,
3.36934589e+01,  3.24702664e+01,  0.00000000e+00],
[  3.07563447e+01,  2.87958229e+01,  2.77086701e+01,  2.64258308e+01,
2.52275949e+01,  2.40003613e+01,  0.00000000e+00],
[  2.23894937e+01,  2.04529634e+01,  1.93362718e+01,  1.80482915e+01,
1.68357943e+01,  1.55957212e+01,  0.00000000e+00],
[  1.42938628e+01,  1.24766021e+01,  1.12561402e+01,  9.94199533e+00,
8.68171593e+00,  7.37337945e+00,  0.00000000e+00],
[  6.81083141e+00,  5.59274961e+00,  4.43328043e+00,  3.19553759e+00,
1.90088290e+00,  5.44937153e-01,  0.00000000e+00],
[  0.00000000e+00,  0.00000000e+00,  0.00000000e+00,  0.00000000e+00,
0.00000000e+00,  0.00000000e+00,  0.00000000e+00],
[ -6.45723793e+00, -4.99659679e+00, -3.37910309e+00, -1.75298131e+00,
-3.55431512e-01, -2.12018807e-03,  0.00000000e+00],
[ -1.27666116e+01, -9.73630802e+00, -6.42968571e+00, -3.17233924e+00,
-5.67261897e-01, -3.18181684e-03,  0.00000000e+00],
[ -1.90005590e+01, -1.43254015e+01, -9.31527742e+00, -4.44480003e+00,
-7.50719223e-01, -4.23197523e-03,  0.00000000e+00],
[ -2.51862107e+01, -1.88067845e+01, -1.20910714e+01, -5.62846127e+00,
-9.23503301e-01, -5.27688321e-03,  0.00000000e+00],
[ -3.13361901e+01, -2.32018182e+01, -1.47825645e+01, -6.74923683e+00,
-1.08950281e+00, -6.31670880e-03,  0.00000000e+00],
[ -3.74574045e+01, -2.75224784e+01, -1.74038665e+01, -7.82107835e+00,
-1.24992963e+00, -7.35152865e-03,  0.00000000e+00],
[ -4.35540259e+01, -3.17759207e+01, -1.99637269e+01, -8.85242024e+00,
-1.40536251e+00, -8.38141551e-03,  0.00000000e+00],
[ -4.96287218e+01, -3.59666111e+01, -2.24680162e+01, -9.84877025e+00,
-1.55619294e+00, -9.40644032e-03,  0.00000000e+00],
[ -5.56832431e+01, -4.00975748e+01, -2.49209444e+01, -1.08139279e+01,
-1.70273739e+00, -1.04266724e-02,  0.00000000e+00]]

SBAlgorithm
logR
[-1.94591015,-1.25276297,-0.84729786,-0.55961579,-0.33647224,-0.15415068,
0.        ]
IndexZero
10
Tq
[-39.53838737,-35.86916534,-32.21485444,-28.57539819,-24.95068914,
-21.34068982,-17.74549247,-14.16531518,-10.60044761, -7.05116893,
-3.51766888,  0.        ,  3.50192729,  6.98831269, 10.45941341,
13.91548786, 17.35674922, 20.78333715, 24.1953134 , 27.59268392,
30.97544558]
Dq
[ 3.59439885, 3.58691653, 3.57942827, 3.57192477, 3.56438416, 3.55678164,
3.54909849, 3.5413288 , 3.53348254, 3.52558447, 3.51766888, 3.50977244,
3.50192729, 3.49415635, 3.48647114, 3.47887197, 3.47134984, 3.46388952,
3.45647334, 3.44908549, 3.44171618]
lnMrq
[[-25.23000872,-40.64560162,-58.43372991,-76.26475377,-90.58084422,
-93.67701418,-93.68912511],
[-23.03938047,-37.2024169 ,-53.49932756,-69.63106945,-82.45265962,
-85.16095284,-85.17193191],
[-20.82477143,-33.71173462,-48.50478891,-62.94917909,-74.29581603,
-76.64488502,-76.65473872],
[-18.58746925,-30.17272098,-43.43846304,-56.21094397,-66.11274671,
-68.12881082,-68.13754553],
[-16.32873099,-26.5850263 ,-38.29085181,-49.40955291,-57.90615716,
-59.61273035,-59.62035234],
[-14.04972146,-22.94801335,-33.05660264,-42.54071467,-49.67876228,
-51.09664371,-51.10315915],
[-11.75148481,-19.26038997,-27.73531362,-35.60329856,-41.43310475,
-42.58055101,-42.58596596],
[ -9.43493809,-15.52028867,-22.33069579,-28.59910807,-33.17145596,
-34.06445235,-34.06877277],
[ -7.10087721,-11.72564336,-16.84872757,-21.53196363,-24.89578195,
-25.54834783,-25.55157957],
[ -4.7499884 , -7.87465988,-11.29587395,-14.40660012,-16.60775144,
-17.03223754,-17.03438638],
[ -2.38286111, -3.9662044 , -5.678002  , -7.22781319, -8.30876624,
-8.51612156, -8.51719319],
[  0.        ,  0.        ,  0.        ,  0.        ,  0.        ,
0.        ,  0.        ],
[  2.39816501,  4.02339603,  5.73418592,  7.27298553,  8.31756271,
8.51612706,  8.51719319],
[  4.81127112,  8.10278915, 11.5213693 , 14.58780934, 16.64309137,
17.03225954, 17.03438638],
[  7.23901743, 12.23663484, 17.35894638, 21.94157841, 24.97587986,
25.54839735, 25.55157957],
[  9.68116231, 16.42333195, 23.24477051, 29.33176313, 33.31532233,
34.06454041, 34.06877277],
[ 12.13752314, 20.6614585 , 29.17706579, 36.75613639, 41.66089406,
42.58068865, 42.58596596],
[ 14.60797857, 24.94990925, 35.1543479 , 44.21272604, 50.0121364 ,
51.09684198, 51.10315915],
[ 17.09247305, 29.28790921, 41.17532509, 51.69977304, 58.36864502,
59.61300032, 59.62035234],
[ 19.59102326, 33.6748894 , 47.23876914, 59.21568991, 66.73006078,
68.12916362, 68.13754553],
[ 22.10372594, 38.11023294, 53.34336554, 66.75901831, 75.09606249,
76.64533178, 76.65473872]]


SandBox Genetic
logR
[-1.94591015,-1.25276297,-0.84729786,-0.55961579,-0.33647224,-0.15415068,
0.        ]
IndexZero
10
Tq
[-39.46645389,-35.81534549,-32.17466027,-28.54527204,-24.92801859,
-21.32365413,-17.73284798,-14.1562023 ,-10.59424756, -7.04740729,
-3.51595645,  0.        ,  3.50051988,  6.9857953 , 10.45611713,
13.91184433, 17.35338438, 20.78118521, 24.19573463, 27.59756176,
30.98723527]
Dq
[ 3.58785944, 3.58153455, 3.57496225, 3.568159  , 3.56114551, 3.55394235,
3.5465696 , 3.53905057, 3.53141585, 3.52370364, 3.51595645, 3.50821617,
3.50051988, 3.49289765, 3.48537238, 3.47796108, 3.47067688, 3.46353087,
3.45653352, 3.44969522, 3.44302614]
lnMrq
[[-25.30898149,-40.90923201,-58.37696734,-76.31753949,-90.62227385,
-93.67740306,-93.68912511],
[-23.10103604,-37.39709063,-53.48630313,-69.68871611,-82.48927176,
-85.16130536,-85.17193191],
[-20.87300963,-33.85342311,-48.52389186,-63.00767272,-74.32708183,
-76.64520135,-76.65473872],
[-18.62529442,-30.27520342,-43.47670077,-56.26640025,-66.13862302,
-68.12909116,-68.13754553],
[-16.35839218,-26.65904363,-38.33602576,-49.45873393,-57.92693653,
-59.6129749 ,-59.62035234],
[-14.07286705,-23.00128561,-33.09943976,-42.58146948,-49.69493339,
-51.09685268,-51.10315915],
[-11.76930579,-19.29818524,-27.7704651 ,-35.63474631,-41.44524385,
-42.58072461,-42.58596596],
[ -9.44828754,-15.54617907,-22.35632732,-28.62151307,-33.18015346,
-34.06459079,-34.06877277],
[ -7.11036282,-11.74219096,-16.86532991,-21.5464068 ,-24.90159899,
-25.54845132,-25.55157957],
[ -4.75604077, -7.88391076,-11.30506702,-14.41460427,-16.61119811,
-17.0323063 ,-17.03438638],
[ -2.38578268, -3.96997391, -5.68170776, -7.23103058, -8.3102936 ,
-8.51615583, -8.51719319],
[  0.        ,  0.        ,  0.        ,  0.        ,  0.        ,
0.        ,  0.        ],
[  2.40094457,  4.02550317,  5.73641795,  7.2748327 ,  8.31875334,
8.5161611 ,  8.51719319],
[  4.81673423,  8.10532032, 11.52465744, 14.59036997, 16.64518562,
17.03232739, 17.03438638],
[  7.24709412, 12.23772851, 17.36228461, 21.94393223, 24.97863456,
25.54849877, 25.55157957],
[  9.69178689, 16.42066222, 23.24711387, 29.33313703, 33.31853255,
34.06467517, 34.06877277],
[ 12.15060799, 20.65181804, 29.17707137, 36.75581124, 41.66438798,
42.5808565 , 42.58596596],
[ 14.62338094, 24.928701  , 35.15009926, 44.20993163, 50.01577077,
51.09704269, 51.10315915],
[ 17.10995268, 29.24863404, 41.16407947, 51.69358388, 58.37230115,
59.61323366, 59.62035234],
[ 19.61018913, 33.60875905, 47.21677033, 59.20493283, 66.73364098,
68.12942934, 68.13754553],
[ 22.12397099, 38.00605401, 53.30576257, 66.74220034, 75.09948703,
76.64562965, 76.65473872]]
fitNessAverage
[ 40.42882231, 40.42790762, 40.42158286, 40.41858292, 40.42738561,
40.43862373, 40.44434232, 40.44595912, 40.44780543, 40.45107987,
40.45408506, 40.45822638, 40.45770297, 40.45333944, 40.45548308,
40.45274063, 40.45344367, 40.45017665, 40.44543359, 40.44350876,
40.44165459, 40.43469887, 40.42979208, 40.43884366, 40.44400093,
40.44728183, 40.45171032, 40.45429663, 40.44518165, 40.44308694,
40.43481832, 40.43153404, 40.43164381, 40.43609627, 40.43267227,
40.43103545, 40.43330512, 40.431659  , 40.43504941, 40.43796029,
40.42871799, 40.42380493, 40.42090534, 40.41822439, 40.41887726,
40.41635514, 40.41447016, 40.41533864, 40.41395873, 40.41596232,
40.4125642 ]
fitNessMax
[ 40.47600137, 40.52597971, 40.50769778, 40.56913494, 40.56913494,
40.58399906, 40.56913494, 40.56913494, 40.55650081, 40.55650081,
40.55650081, 40.55650081, 40.55650081, 40.55650081, 40.58425867,
40.58425867, 40.58425867, 40.58425867, 40.5428841 , 40.54240151,
40.547176  , 40.53442541, 40.53442541, 40.53333346, 40.56650586,
40.58507976, 40.56232482, 40.56232482, 40.5515683 , 40.59069097,
40.59069097, 40.59069097, 40.59069097, 40.55108275, 40.56077082,
40.56077082, 40.56077082, 40.56077082, 40.56077082, 40.56077082,
40.56077082, 40.56077082, 40.56077082, 40.53602855, 40.54366179,
40.54366179, 40.54366179, 40.55133197, 40.55133197, 40.52496699,
40.52496699]
fitNessMin
[ 40.37303599, 40.31694877, 40.30899144, 40.28979219, 40.28979219,
40.28979219, 40.28979219, 40.35891835, 40.34511334, 40.34511334,
40.35327398, 40.35327398, 40.35327398, 40.34663458, 40.34663458,
40.34663458, 40.34663458, 40.35891835, 40.33797424, 40.34815952,
40.32322467, 40.30521186, 40.31771909, 40.32322467, 40.33232924,
40.31790051, 40.31790051, 40.31790051, 40.31790051, 40.31340936,
40.31170184, 40.30735147, 40.31170184, 40.31180802, 40.31180802,
40.31180802, 40.31180802, 40.31180802, 40.31180802, 40.29235216,
40.29235216, 40.29235216, 40.29235216, 40.31628423, 40.32477589,
40.30256748, 40.30256748, 40.30256748, 40.31861003, 40.30249416,
40.30249416]


SandBox Simulated Annealing
logR
[-1.94591015,-1.25276297,-0.84729786,-0.55961579,-0.33647224,-0.15415068,
0.        ]
IndexZero
10
Tq
[-39.47572546,-35.82401589,-32.18267597,-28.55250313,-24.93428464,
-21.32877919,-17.73672346,-14.15883399,-10.59577398, -7.04808633,
-3.5161225 ,  0.        ,  3.50039626,  6.98537462, 10.45537718,
13.91091878, 17.35253679, 20.78075701, 24.19607602, 27.59895711,
30.98983626]
Dq
[ 3.58870231, 3.58240159, 3.57585289, 3.56906289, 3.56204066, 3.55479653,
3.54734469, 3.5397085 , 3.53192466, 3.52404317, 3.5161225 , 3.5082223 ,
3.50039626, 3.49268731, 3.48512573, 3.4777297 , 3.47050736, 3.4634595 ,
3.45658229, 3.44986964, 3.44331514]
lnMrq
[[-25.30658824,-40.85350357,-58.32956492,-76.31128371,-90.59537895,
-93.67716335,-93.68912511],
[-23.09923531,-37.33913071,-53.42930491,-69.66457718,-82.46164924,
-85.1610853 ,-85.17193191],
[-20.87176061,-33.7962937 ,-48.45977626,-62.97063268,-74.30093487,
-76.64500147,-76.65473872],
[-18.62452214,-30.22174723,-43.40999679,-56.22243222,-66.11540411,
-68.12891195,-68.13754553],
[-16.35800141,-26.61169733,-38.27250149,-49.414002  ,-57.90742334,
-59.61281681,-59.62035234],
[-14.07275553,-22.96188087,-33.04449604,-42.54126503,-49.67936657,
-51.09671613,-51.10315915],
[-11.76937514,-19.26776064,-27.72758816,-35.60257685,-41.43348157,
-42.58061   ,-42.58596596],
[ -9.4484509 ,-15.52484605,-22.32642428,-28.59872714,-33.1718123 ,
-34.06449848,-34.06877277],
[ -7.11054923,-11.72910991,-16.84707482,-21.53244059,-24.89616662,
-25.54838164,-25.55157957],
[ -4.75619668, -7.87742197,-11.29580836,-14.40763002,-16.60811514,
-17.03225957,-17.03438638],
[ -2.38587139, -3.96788825, -5.67842181, -7.22869015, -8.30900797,
-8.51613234, -8.51719319],
[  0.        ,  0.        ,  0.        ,  0.        ,  0.        ,
0.        ,  0.        ],
[  2.40104183,  4.02544097,  5.73508086,  7.27434465,  8.31792159,
8.51613737,  8.51719319],
[  4.81692648,  8.10657634, 11.5230464 , 14.59062984, 16.64391107,
17.0322797 , 17.03438638],
[  7.24737019, 12.24083316, 17.36059637, 21.94552862, 24.97724078,
25.54842693, 25.55157957],
[  9.69212833, 16.42526196, 23.24479349, 29.33606767, 33.31728117,
34.064579  , 34.06877277],
[ 12.15099058, 20.65681076, 29.17297633, 36.75958455, 41.66348423,
42.58073584, 42.58596596],
[ 14.62377621, 24.93251147, 35.14268758, 44.21368648, 50.01536984,
51.0968974 , 51.10315915],
[ 17.11032975, 29.24958035, 41.15160645, 51.69621278, 58.37251475,
59.61306361, 59.62035234],
[ 19.61051683, 33.60544679, 47.19747927, 59.20520001, 66.73454358,
68.12923442, 68.13754553],
[ 22.12422032, 37.99772977, 53.27805247, 66.73884951, 75.10112161,
76.64540976, 76.65473872]]



BoxCounting Genetic
logR
[-1.94591015,-1.25276297,-0.84729786,-0.55961579,-0.33647224,-0.15415068,
0.        ]
IndexZero
10
Tq
[-25.28904332,-23.08552322,-20.88215252,-18.67909503,-16.47671267,
-14.27585338,-12.07870018, -9.89172027, -7.73744161, -5.69488196,
-3.61920832,  0.        ,  3.71597483,  7.34483932, 10.91714709,
14.44879968, 17.9480975 , 21.42001628, 24.86796833, 28.29456588,
31.70194825]
Dq
[ 2.29900394, 2.30855232, 2.32023917, 2.33488688, 2.3538161 , 2.3793089 ,
2.41574004, 2.47293007, 2.5791472 , 2.84744098, 3.61920832, 3.76874786,
3.71597483, 3.67241966, 3.63904903, 3.61219992, 3.5896195 , 3.57000271,
3.5525669 , 3.53682074, 3.52243869]
lnMrq
[[  9.02756552e+01,  8.82785781e+01,  8.72137867e+01,  8.59333887e+01,
8.48156421e+01,  8.33403342e+01,  0.00000000e+00],
[  8.17591008e+01,  7.97621111e+01,  7.86972374e+01,  7.74168542e+01,
7.62988429e+01,  7.48241316e+01,  0.00000000e+00],
[  7.32432029e+01,  7.12463928e+01,  7.01813515e+01,  6.89009943e+01,
6.77824560e+01,  6.63089330e+01,  0.00000000e+00],
[  6.47286559e+01,  6.27322202e+01,  6.16668334e+01,  6.03865171e+01,
5.92669323e+01,  5.77957682e+01,  0.00000000e+00],
[  5.62169331e+01,  5.42212934e+01,  5.31551816e+01,  5.18749121e+01,
5.07532584e+01,  4.92867451e+01,  0.00000000e+00],
[  4.77112743e+01,  4.57173709e+01,  4.46496880e+01,  4.33694017e+01,
4.22436875e+01,  4.07862192e+01,  0.00000000e+00],
[  3.92192477e+01,  3.72292607e+01,  3.61579606e+01,  3.48772906e+01,
3.37436914e+01,  3.23033061e+01,  0.00000000e+00],
[  3.07604266e+01,  2.87797417e+01,  2.76990636e+01,  2.64165151e+01,
2.52677736e+01,  2.38574642e+01,  0.00000000e+00],
[  2.23928845e+01,  2.04385157e+01,  1.93278410e+01,  1.80379572e+01,
1.68597030e+01,  1.54918125e+01,  0.00000000e+00],
[  1.42951700e+01,  1.24665426e+01,  1.12493366e+01,  9.93115684e+00,
8.68569764e+00,  7.31001590e+00,  0.00000000e+00],
[  6.80992192e+00,  5.58837162e+00,  4.42664143e+00,  3.18759153e+00,
1.89611948e+00,  5.06817602e-01,  0.00000000e+00],
[  0.00000000e+00,  0.00000000e+00,  0.00000000e+00,  0.00000000e+00,
0.00000000e+00,  0.00000000e+00,  0.00000000e+00],
[ -6.45461860e+00, -4.98882445e+00, -3.36596062e+00, -1.73274769e+00,
-3.34815668e-01, -1.91420212e-03,  0.00000000e+00],
[ -1.27611820e+01, -9.71559492e+00, -6.39863860e+00, -3.12388530e+00,
-5.30761250e-01, -2.87194281e-03,  0.00000000e+00],
[ -1.89922603e+01, -1.42856211e+01, -9.26038191e+00, -4.36315838e+00,
-7.01572585e-01, -3.81540215e-03,  0.00000000e+00],
[ -2.51747345e+01, -1.87413219e+01, -1.20043805e+01, -5.51181700e+00,
-8.63278735e-01, -4.75192345e-03,  0.00000000e+00],
[ -3.13209083e+01, -2.31045353e+01, -1.46551927e+01, -6.59789652e+00,
-1.01918665e+00, -5.68172054e-03,  0.00000000e+00],
[ -3.74373390e+01, -2.73889885e+01, -1.72278448e+01, -7.63675422e+00,
-1.17030198e+00, -6.60489753e-03,  0.00000000e+00],
[ -4.35278103e+01, -3.16049803e+01, -1.97339134e+01, -8.63792006e+00,
-1.31710010e+00, -7.52155491e-03,  0.00000000e+00],
[ -4.95945554e+01, -3.57613535e+01, -2.21835741e+01, -9.60792774e+00,
-1.45989500e+00, -8.43179152e-03,  0.00000000e+00],
[ -5.56388433e+01, -3.98662652e+01, -2.45861052e+01, -1.05516207e+01,
-1.59893305e+00, -9.33570454e-03,  0.00000000e+00]]
fitNessAverage
[ 47.19675523, 47.20352854, 47.21054856, 47.21652905, 47.21710996,
47.21995786, 47.22061895, 47.22196172, 47.22135386, 47.22222334,
47.21271005, 47.2104884 , 47.20824273, 47.20620585, 47.20776834,
47.20996338, 47.21084424, 47.2104105 , 47.20277415, 47.19829638,
47.19318536, 47.19220701, 47.19265605, 47.1910749 , 47.18966208,
47.19218904, 47.18849689, 47.19268571, 47.19287839]
fitNessMax
[ 47.24390549, 47.29729831, 47.29729831, 47.29816122, 47.29816122,
47.29816122, 47.32166446, 47.33227561, 47.33227561, 47.33227561,
47.30053918, 47.30053918, 47.30053918, 47.29540389, 47.31621996,
47.31621996, 47.29540389, 47.29540389, 47.29540389, 47.29486239,
47.2904401 , 47.2904401 , 47.2904401 , 47.2904401 , 47.2904401 ,
47.2904401 , 47.29788195, 47.29478987, 47.28863753]
fitNessMin
[ 47.13825128, 47.13729988, 47.13729988, 47.13729988, 47.13729988,
47.13729988, 47.13729988, 47.13729988, 47.13729988, 47.11973444,
47.10447544, 47.09937416, 47.09937416, 47.09937416, 47.10676819,
47.10676819, 47.10637651, 47.10637651, 47.10324365, 47.08369981,
47.08369981, 47.08362573, 47.08362573, 47.08362573, 47.08362573,
47.08362573, 47.08362573, 47.08362573, 47.08362573]


BoxCounting Simulated Annealing
logR
[-1.94591015,-1.25276297,-0.84729786,-0.55961579,-0.33647224,-0.15415068,
0.        ]
IndexZero
10
Tq
[ -4.74103406e+01, -4.29420602e+01, -3.84735875e+01, -3.40052243e+01,
-2.95377323e+01, -2.50729804e+01, -2.06157437e+01, -1.61794303e+01,
-1.18066699e+01, -7.63300782e+00, -3.81912792e+00, -6.64489750e-18,
3.74386787e+00,  7.39594771e+00,  1.09956481e+01,  1.45618132e+01,
1.81040702e+01,  2.16280628e+01,  2.51374185e+01,  2.86346257e+01,
3.21214866e+01]
Dq
[ 4.31003096, 4.29420602, 4.27484305, 4.25065304, 4.21967605, 4.17883007,
4.12314874, 4.04485756, 3.93555664, 3.81650391, 3.81912792, 3.80659938,
3.74386787, 3.69797386, 3.66521605, 3.64045329, 3.62081403, 3.60467713,
3.59105979, 3.57932821, 3.56905407]
lnMrq
[[  9.01697470e+01,  8.79450215e+01,  8.71182635e+01,  7.15066628e+01,
5.33913936e+01,  0.00000000e+00,  0.00000000e+00],
[  8.16531659e+01,  7.94283428e+01,  7.86014953e+01,  6.44211889e+01,
4.80522542e+01,  0.00000000e+00,  0.00000000e+00],
[  7.31372161e+01,  7.09122080e+01,  7.00851603e+01,  5.73454978e+01,
4.27131149e+01,  0.00000000e+00,  0.00000000e+00],
[  6.46225704e+01,  6.23972274e+01,  6.15697129e+01,  5.02816291e+01,
3.73739756e+01,  0.00000000e+00,  0.00000000e+00],
[  5.61106670e+01,  5.38847800e+01,  5.30561196e+01,  4.32322418e+01,
3.20348366e+01,  0.00000000e+00,  0.00000000e+00],
[  4.76047051e+01,  4.53781884e+01,  4.45465455e+01,  3.62011202e+01,
2.66957020e+01,  0.00000000e+00,  0.00000000e+00],
[  3.91122896e+01,  3.68862263e+01,  3.60463156e+01,  2.91944812e+01,
2.13566163e+01,  0.00000000e+00,  0.00000000e+00],
[  3.06535811e+01,  2.84350314e+01,  2.75706414e+01,  2.22251184e+01,
1.60180900e+01,  0.00000000e+00,  0.00000000e+00],
[  2.22900907e+01,  2.01141154e+01,  1.91727067e+01,  1.53286061e+01,
1.06859475e+01,  0.00000000e+00,  0.00000000e+00],
[  1.42130139e+01,  1.22482984e+01,  1.10849792e+01,  8.64241255e+00,
5.42778690e+00,  0.00000000e+00,  0.00000000e+00],
[  6.77308038e+00,  5.53733427e+00,  4.34380542e+00,  2.94443898e+00,
1.09861229e+00,  0.00000000e+00,  0.00000000e+00],
[  0.00000000e+00,  0.00000000e+00,  0.00000000e+00, -1.11022302e-16,
0.00000000e+00,  0.00000000e+00,  0.00000000e+00],
[ -6.43730175e+00, -4.99569151e+00, -3.26143266e+00, -1.59602073e+00,
-1.19483961e-01,  0.00000000e+00,  0.00000000e+00],
[ -1.27362632e+01, -9.75610754e+00, -6.17912400e+00, -2.87618422e+00,
-1.84151893e-01,  0.00000000e+00,  0.00000000e+00],
[ -1.89652639e+01, -1.43886708e+01, -8.94758028e+00, -4.02858710e+00,
-2.45788318e-01,  0.00000000e+00,  0.00000000e+00],
[ -2.51504353e+01, -1.89408021e+01, -1.16383502e+01, -5.11913408e+00,
-3.07249140e-01,  0.00000000e+00,  0.00000000e+00],
[ -3.13042638e+01, -2.34379640e+01, -1.42847389e+01, -6.17980385e+00,
-3.68699735e-01,  0.00000000e+00,  0.00000000e+00],
[ -3.74337465e+01, -2.78952592e+01, -1.69042398e+01, -7.22632368e+00,
-4.30149734e-01,  0.00000000e+00,  0.00000000e+00],
[ -4.35432326e+01, -3.23222266e+01, -1.95066601e+01, -8.26620074e+00,
-4.91599698e-01,  0.00000000e+00,  0.00000000e+00],
[ -4.96356410e+01, -3.67252579e+01, -2.20977552e+01, -9.30295904e+00,
-5.53049661e-01,  0.00000000e+00,  0.00000000e+00],
[ -5.57130612e+01, -4.11088985e+01, -2.46810377e+01, -1.03382467e+01,
-6.14499623e-01,  0.00000000e+00,  0.00000000e+00]]


Fixed Size Genetic
logR
[-2.07944154,-1.38629436,-0.98082925,-0.69314718,-0.47000363,-0.28768207,
-0.13353139, 0.        ]
IndexZero
10
Tq
[-36.68749074,-33.30829922,-29.92940952,-26.55114295,-23.17418594,
-19.80006242,-16.4323809 ,-13.08065357, -9.77412271, -6.61096951,
-3.63962388,  0.        ,  3.54544435,  6.98263524, 10.3569976 ,
13.68776654, 16.98440034, 20.25214346, 23.4941329 , 26.71239259,
29.90840848]
Dq
[ 3.33522643, 3.33082992, 3.32548995, 3.31889287, 3.31059799, 3.3000104 ,
3.28647618, 3.27016339, 3.2580409 , 3.30548475, 3.63962388, 3.62667742,
3.54544435, 3.49131762, 3.45233253, 3.42194163, 3.39688007, 3.37535724,
3.3563047 , 3.33904907, 3.3231565 ]
lnMrq
[[  9.02917905e+01,  8.82790448e+01,  8.72607025e+01,  8.59699922e+01,
8.47720157e+01,  8.36117533e+01,  0.00000000e+00,  0.00000000e+00],
[  8.17752135e+01,  7.97625966e+01,  7.87441351e+01,  7.74533600e+01,
7.62553916e+01,  7.50950335e+01,  0.00000000e+00,  0.00000000e+00],
[  7.32592700e+01,  7.12469161e+01,  7.02282115e+01,  6.89373054e+01,
6.77393524e+01,  6.65787960e+01,  0.00000000e+00,  0.00000000e+00],
[  6.47446299e+01,  6.27328191e+01,  6.17136132e+01,  6.04224407e+01,
5.92245160e+01,  5.80635416e+01,  0.00000000e+00,  0.00000000e+00],
[  5.62327164e+01,  5.42220441e+01,  5.32017865e+01,  5.19100689e+01,
5.07121902e+01,  4.95503136e+01,  0.00000000e+00,  0.00000000e+00],
[  4.77266629e+01,  4.57184271e+01,  4.46959003e+01,  4.34030580e+01,
4.22052247e+01,  4.10413387e+01,  0.00000000e+00,  0.00000000e+00],
[  3.92338111e+01,  3.72309339e+01,  3.62032651e+01,  3.49080796e+01,
3.37101280e+01,  3.25415741e+01,  0.00000000e+00,  0.00000000e+00],
[  3.07732555e+01,  2.87826380e+01,  2.77422331e+01,  2.64421111e+01,
2.52429523e+01,  2.40628986e+01,  0.00000000e+00,  0.00000000e+00],
[  2.24021814e+01,  2.04435416e+01,  1.93661124e+01,  1.80552217e+01,
1.68489507e+01,  1.56375124e+01,  0.00000000e+00,  0.00000000e+00],
[  1.42986733e+01,  1.24731824e+01,  1.12774259e+01,  9.93809383e+00,
8.69207857e+00,  7.36841011e+00,  0.00000000e+00,  0.00000000e+00],
[  6.80929314e+00,  5.59195666e+00,  4.43746134e+00,  3.19417321e+00,
1.88251383e+00,  5.06817602e-01,  0.00000000e+00,  0.00000000e+00],
[  0.00000000e+00,  0.00000000e+00,  0.00000000e+00,  0.00000000e+00,
0.00000000e+00,  0.00000000e+00,  0.00000000e+00,  0.00000000e+00],
[ -6.45290844e+00, -4.99354068e+00, -3.37251472e+00, -1.72541967e+00,
-3.26365170e-01, -1.68826271e-03,  0.00000000e+00,  0.00000000e+00],
[ -1.27581155e+01, -9.72819335e+00, -6.41307425e+00, -3.09827256e+00,
-5.18373560e-01, -2.53334901e-03,  0.00000000e+00,  0.00000000e+00],
[ -1.89881688e+01, -1.43098066e+01, -9.28641187e+00, -4.31758423e+00,
-6.84180477e-01, -3.37018728e-03,  0.00000000e+00,  0.00000000e+00],
[ -2.51699710e+01, -1.87808213e+01, -1.20482365e+01, -5.44868643e+00,
-8.39846784e-01, -4.20320353e-03,  0.00000000e+00,  0.00000000e+00],
[ -3.13159808e+01, -2.31620488e+01, -1.47246450e+01, -6.52191705e+00,
-9.88897098e-01, -5.03249808e-03,  0.00000000e+00,  0.00000000e+00],
[ -3.74329860e+01, -2.74647042e+01, -1.73306500e+01, -7.55385300e+00,
-1.13248498e+00, -5.85811656e-03,  0.00000000e+00,  0.00000000e+00],
[ -4.35250487e+01, -3.16950884e+01, -1.98762480e+01, -8.55440413e+00,
-1.27121747e+00, -6.68010305e-03,  0.00000000e+00,  0.00000000e+00],
[ -4.95947164e+01, -3.58570732e+01, -2.23688951e+01, -9.52984251e+00,
-1.40554269e+00, -7.49850095e-03,  0.00000000e+00,  0.00000000e+00],
[ -5.56435941e+01, -3.99538079e+01, -2.48147021e+01, -1.04843112e+01,
-1.53584254e+00, -8.31335301e-03,  0.00000000e+00,  0.00000000e+00]]
fitNessAverage
[ 40.51586023, 40.51418212, 40.51536758, 40.512374  , 40.51163902,
40.51188632, 40.5111418 , 40.51078343, 40.51171996, 40.51106793,
40.51155937, 40.51290835, 40.5142649 , 40.51490207, 40.51407533,
40.51348773, 40.51447154, 40.5131374 , 40.5135397 , 40.5128612 ,
40.51281862, 40.51348691, 40.51398508]
fitNessMax
[ 40.57742904, 40.61619542, 40.61619542, 40.61619542, 40.61619542,
40.61619542, 40.61619542, 40.61619542, 40.58466096, 40.56716473,
40.58833102, 40.58833102, 40.57133554, 40.57133554, 40.57133554,
40.57133554, 40.57133554, 40.57133554, 40.57133554, 40.57133554,
40.56468827, 40.56271278, 40.55232713]
fitNessMin
[ 40.4880976 , 40.46022402, 40.46579454, 40.46018006, 40.45397575,
40.46018006, 40.46018006, 40.46018006, 40.46018006, 40.44353187,
40.44353187, 40.44779907, 40.45914178, 40.46310389, 40.45007489,
40.45681302, 40.43766514, 40.43766514, 40.43766514, 40.45681302,
40.46310389, 40.46370348, 40.46370348]


Genetic fixed size Simulated Annealing
logR
[-2.07944154,-1.38629436,-0.98082925,-0.69314718,-0.47000363,-0.28768207,
-0.13353139, 0.        ]
IndexZero
10
Tq
[-36.76175621,-33.38246261,-30.00336727,-26.62468511,-23.24688455,
-19.87103916,-16.49982143,-13.14081763, -9.81965664, -6.63080832,
-3.63709912,  0.        ,  3.54545684,  6.98392893, 10.35992337,
13.69217134, 16.98983879, 20.25827539, 23.50121185, 26.72163251,
29.9220885 ]
Dq
[ 3.34197784, 3.33824626, 3.33370747, 3.32808564, 3.32098351, 3.31183986,
3.29996429, 3.28520441, 3.27321888, 3.31540416, 3.63709912, 3.62545239,
3.54545684, 3.49196447, 3.45330779, 3.42304283, 3.39796776, 3.37637923,
3.35731598, 3.34020406, 3.3246765 ]
lnMrq
[[  9.02929197e+01,  8.83389302e+01,  8.71808092e+01,  8.59472607e+01,
8.46105227e+01,  8.32068750e+01,  0.00000000e+00,  0.00000000e+00],
[  8.17763366e+01,  7.98224266e+01,  7.86642886e+01,  7.74306769e+01,
7.60940465e+01,  7.46907472e+01,  0.00000000e+00,  0.00000000e+00],
[  7.32603811e+01,  7.13066330e+01,  7.01484599e+01,  6.89147188e+01,
6.75783024e+01,  6.61757038e+01,  0.00000000e+00,  0.00000000e+00],
[  6.47457184e+01,  6.27923025e+01,  6.16340555e+01,  6.04000465e+01,
5.90640536e+01,  5.76628673e+01,  0.00000000e+00,  0.00000000e+00],
[  5.62337635e+01,  5.42810378e+01,  5.31226280e+01,  5.18880572e+01,
5.05528929e+01,  4.91545594e+01,  0.00000000e+00,  0.00000000e+00],
[  4.77276396e+01,  4.57763715e+01,  4.46175713e+01,  4.33818038e+01,
4.20482210e+01,  4.06556613e+01,  0.00000000e+00,  0.00000000e+00],
[  3.92346859e+01,  3.72865604e+01,  3.61266755e+01,  3.48883159e+01,
3.35575680e+01,  3.21766805e+01,  0.00000000e+00,  0.00000000e+00],
[  3.07740485e+01,  2.88329836e+01,  2.76692993e+01,  2.64252291e+01,
2.50986707e+01,  2.37410296e+01,  0.00000000e+00,  0.00000000e+00],
[  2.24031526e+01,  2.04818726e+01,  1.93008012e+01,  1.80435125e+01,
1.67186002e+01,  1.54030955e+01,  0.00000000e+00,  0.00000000e+00],
[  1.43004709e+01,  1.24891171e+01,  1.12285200e+01,  9.93296049e+00,
8.58283095e+00,  7.29113326e+00,  0.00000000e+00,  0.00000000e+00],
[  6.81137653e+00,  5.59270193e+00,  4.42280863e+00,  3.19499288e+00,
1.86408013e+00,  5.36493371e-01,  0.00000000e+00,  0.00000000e+00],
[  0.00000000e+00,  0.00000000e+00,  0.00000000e+00,  0.00000000e+00,
0.00000000e+00,  0.00000000e+00,  0.00000000e+00,  0.00000000e+00],
[ -6.45591257e+00, -4.99722363e+00, -3.37910472e+00, -1.75659870e+00,
-3.47405561e-01, -1.46968826e-03,  0.00000000e+00,  0.00000000e+00],
[ -1.27640197e+01, -9.74043000e+00, -6.42712440e+00, -3.16856564e+00,
-5.54160108e-01, -2.20526766e-03,  0.00000000e+00,  0.00000000e+00],
[ -1.89967714e+01, -1.43356544e+01, -9.29791246e+00, -4.41955503e+00,
-7.34336281e-01, -2.93801432e-03,  0.00000000e+00,  0.00000000e+00],
[ -2.51811547e+01, -1.88251333e+01, -1.20378219e+01, -5.56453860e+00,
-9.04822995e-01, -3.66958515e-03,  0.00000000e+00,  0.00000000e+00],
[ -3.13297358e+01, -2.32296471e+01, -1.46660680e+01, -6.62776719e+00,
-1.06894242e+00, -4.39999050e-03,  0.00000000e+00,  0.00000000e+00],
[ -3.74494313e+01, -2.75610963e+01, -1.71956202e+01, -7.62362899e+00,
-1.22753019e+00, -5.12923421e-03,  0.00000000e+00,  0.00000000e+00],
[ -4.35444744e+01, -3.18272992e+01, -1.96402270e+01, -8.56306432e+00,
-1.38090731e+00, -5.85732006e-03,  0.00000000e+00,  0.00000000e+00],
[ -4.96176459e+01, -3.60342165e+01, -2.20153949e+01, -9.45564489e+00,
-1.52927880e+00, -6.58425183e-03,  0.00000000e+00,  0.00000000e+00],
[ -5.56708689e+01, -4.01871152e+01, -2.43366808e+01, -1.03100299e+01,
-1.67282073e+00, -7.31003328e-03,  0.00000000e+00,  0.00000000e+00]]



Execution time

Box Counting	Box Counting Fixed	SandBox	Genetic SandBox	Simulated SandBox	Genetic BCFS	Simulated BCFS
[ 42796.92835402, 44028.70166397, 14671.90909696, 82223.83060598,
47110.97703886, 77599.37265205, 46668.63479114, 54932.48389721,
45765.51759577]
Fractal dimension
3.72099800651
