BCAlgorithm
logR
[-2.30258509,-1.60943791,-1.2039728 ,-0.91629073,-0.69314718,-0.51082562,
-0.35667494,-0.22314355,-0.10536052, 0.        ]
IndexZero
10
Tq
[ -4.42579790e+01, -4.01227991e+01, -3.59884460e+01, -3.18557743e+01,
-2.77265373e+01, -2.36043394e+01, -1.94965343e+01, -1.54176802e+01,
-1.13945520e+01, -7.47044769e+00, -3.69576565e+00, -3.14234894e-18,
2.83439560e+00,  4.79657115e+00,  6.45601491e+00,  8.08078017e+00,
9.70057226e+00,  1.13188615e+01,  1.29365257e+01,  1.45539060e+01,
1.61711532e+01]
Dq
[ 4.02345263, 4.01227991, 3.99871623, 3.98197179, 3.96093391, 3.93405657,
3.89930687, 3.85442004, 3.798184  , 3.73522384, 3.69576565, 3.41914912,
2.8343956 , 2.39828558, 2.15200497, 2.02019504, 1.94011445, 1.88647691,
1.84807511, 1.81923824, 1.79679479]
lnMrq
[[  8.48944014e+01,  8.36834560e+01,  7.70170778e+01,  7.46842651e+01,
6.85231203e+01,  5.97197712e+01,  0.00000000e+00,  0.00000000e+00,
0.00000000e+00,  0.00000000e+00],
[  7.69829494e+01,  7.57723644e+01,  6.97978185e+01,  6.74675653e+01,
6.19967005e+01,  5.38864235e+01,  0.00000000e+00,  0.00000000e+00,
0.00000000e+00,  0.00000000e+00],
[  6.90728714e+01,  6.78629900e+01,  6.25789523e+01,  6.02538074e+01,
5.54703559e+01,  4.80530758e+01,  0.00000000e+00,  0.00000000e+00,
0.00000000e+00,  0.00000000e+00],
[  6.11656089e+01,  5.99570849e+01,  5.53608887e+01,  5.30459072e+01,
4.89441614e+01,  4.22197281e+01,  0.00000000e+00,  0.00000000e+00,
0.00000000e+00,  0.00000000e+00],
[  5.32641597e+01,  5.20582082e+01,  4.81444737e+01,  4.58495728e+01,
4.24182677e+01,  3.63863804e+01,  0.00000000e+00,  0.00000000e+00,
0.00000000e+00,  0.00000000e+00],
[  4.53747916e+01,  4.41735983e+01,  4.09314782e+01,  3.86756619e+01,
3.58929775e+01,  3.05530328e+01,  0.00000000e+00,  0.00000000e+00,
0.00000000e+00,  0.00000000e+00],
[  3.75105211e+01,  3.63179073e+01,  3.37257057e+01,  3.15436827e+01,
2.93689134e+01,  2.47196851e+01,  0.00000000e+00,  0.00000000e+00,
0.00000000e+00,  0.00000000e+00],
[  2.96973462e+01,  2.85202564e+01,  2.65357641e+01,  2.44852364e+01,
2.28474472e+01,  1.88863374e+01,  0.00000000e+00,  0.00000000e+00,
0.00000000e+00,  0.00000000e+00],
[  2.19817337e+01,  2.08360787e+01,  1.93831925e+01,  1.75445241e+01,
1.63322711e+01,  1.30529919e+01,  0.00000000e+00,  0.00000000e+00,
0.00000000e+00,  0.00000000e+00],
[  1.44282170e+01,  1.33637237e+01,  1.23300117e+01,  1.07831431e+01,
9.83805435e+00,  7.22038251e+00,  0.00000000e+00,  0.00000000e+00,
0.00000000e+00,  0.00000000e+00],
[  7.09090982e+00,  6.26909628e+00,  5.56834450e+00,  4.38202663e+00,
3.49650756e+00,  1.60943791e+00,  0.00000000e+00,  0.00000000e+00,
0.00000000e+00,  0.00000000e+00],
[  0.00000000e+00,  0.00000000e+00,  2.22044605e-16, -1.11022302e-16,
0.00000000e+00,  2.22044605e-16,  0.00000000e+00,  0.00000000e+00,
0.00000000e+00,  0.00000000e+00],
[ -6.50799932e+00, -3.63411195e+00, -2.02241176e+00, -9.37499136e-01,
-3.62095647e-01, -2.35292214e-02,  0.00000000e+00,  0.00000000e+00,
0.00000000e+00,  0.00000000e+00],
[ -1.12920741e+01, -5.80047059e+00, -3.11960280e+00, -1.44961096e+00,
-5.62182087e-01, -3.53464020e-02,  0.00000000e+00,  0.00000000e+00,
0.00000000e+00,  0.00000000e+00],
[ -1.51963216e+01, -7.82786106e+00, -4.16937158e+00, -1.93729072e+00,
-7.51429118e-01, -4.71286745e-02,  0.00000000e+00,  0.00000000e+00,
0.00000000e+00,  0.00000000e+00],
[ -1.90077976e+01, -9.82469127e+00, -5.21337594e+00, -2.42220110e+00,
-9.39483931e-01, -5.89108435e-02,  0.00000000e+00,  0.00000000e+00,
0.00000000e+00,  0.00000000e+00],
[ -2.28111139e+01, -1.18077340e+01, -6.25635554e+00, -2.90672430e+00,
-1.12740239e+00, -7.06930122e-02,  0.00000000e+00,  0.00000000e+00,
0.00000000e+00,  0.00000000e+00],
[ -2.66133162e+01, -1.37840485e+01, -7.29913900e+00, -3.39119040e+00,
-1.31530521e+00, -8.24751809e-02,  0.00000000e+00,  0.00000000e+00,
0.00000000e+00,  0.00000000e+00],
[ -3.04152997e+01, -1.57570900e+01, -8.34188417e+00, -3.87564794e+00,
-1.50320622e+00, -9.42573496e-02,  0.00000000e+00,  0.00000000e+00,
0.00000000e+00,  0.00000000e+00],
[ -3.42172322e+01, -1.77285489e+01, -9.38462183e+00, -4.36010420e+00,
-1.69110703e+00, -1.06039518e-01,  0.00000000e+00,  0.00000000e+00,
0.00000000e+00,  0.00000000e+00],
[ -3.80191520e+01, -1.96992451e+01, -1.04273580e+01, -4.84456026e+00,
-1.87900781e+00, -1.17821687e-01,  0.00000000e+00,  0.00000000e+00,
0.00000000e+00,  0.00000000e+00]]
FSBCAlgorithm
logR
[-2.39789527,-1.70474809,-1.29928298,-1.01160091,-0.78845736,-0.6061358 ,
-0.45198512,-0.31845373,-0.2006707 ,-0.09531018, 0.        ]
IndexZero
10
Tq
[-18.3121518 ,-16.86482588,-15.41534727,-13.96198478,-12.50224411,
-11.03373602, -9.55701581, -8.08061649, -6.62618454, -5.19112618,
-3.16881267,  0.        ,  3.11177955,  5.69615007,  7.69118641,
9.36686478, 10.93507292, 12.46087895, 13.96718616, 15.463564  ,
16.95441293]
Dq
[ 1.66474107, 1.68648259, 1.71281636, 1.7452481 , 1.78603487, 1.838956  ,
1.91140316, 2.02015412, 2.20872818, 2.59556309, 3.16881267, 3.3252969 ,
3.11177955, 2.84807503, 2.5637288 , 2.3417162 , 2.18701458, 2.07681316,
1.99531231, 1.9329455 , 1.88382366]
lnMrq
[[  8.50032125e+01,  8.37775004e+01,  7.70358406e+01,  7.51985539e+01,
6.87896333e+01,  6.65847080e+01,  6.04508965e+01,  5.74638577e+01,
5.16018747e+01,  4.68903628e+01,  4.13880557e+01],
[  7.70916831e+01,  7.58662397e+01,  6.98166960e+01,  6.79808989e+01,
6.22634514e+01,  6.00608359e+01,  5.46177081e+01,  5.16350210e+01,
4.64617154e+01,  4.17699200e+01,  3.69410024e+01],
[  6.91814414e+01,  6.79565315e+01,  6.25980608e+01,  6.07652446e+01,
5.57375834e+01,  5.35395922e+01,  4.87846791e+01,  4.58106608e+01,
4.13215974e+01,  3.66681074e+01,  3.24939491e+01],
[  6.12738267e+01,  6.00499739e+01,  5.53804630e+01,  5.35536078e+01,
4.92123460e+01,  4.70235964e+01,  4.29519690e+01,  3.99951280e+01,
3.61815620e+01,  3.16005439e+01,  2.80468957e+01],
[  5.33716035e+01,  5.21498431e+01,  4.81649878e+01,  4.63500217e+01,
4.26883796e+01,  4.05180091e+01,  3.71198990e+01,  3.41967178e+01,
3.10416924e+01,  2.65915278e+01,  2.35998424e+01],
[  4.54805049e+01,  4.42628996e+01,  4.09538854e+01,  3.91624589e+01,
3.61669922e+01,  3.40327547e+01,  3.12891190e+01,  2.84304561e+01,
2.59021586e+01,  2.16712957e+01,  1.91527891e+01],
[  3.76123518e+01,  3.64031391e+01,  3.37518973e+01,  3.20062738e+01,
2.96509150e+01,  2.75859790e+01,  2.54609771e+01,  2.27210006e+01,
2.07633234e+01,  1.68642245e+01,  1.47057362e+01],
[  2.97907429e+01,  2.85993207e+01,  2.65693537e+01,  2.49096282e+01,
2.31461625e+01,  2.12078738e+01,  1.96384665e+01,  1.71022003e+01,
1.56260823e+01,  1.21738636e+01,  1.02587176e+01],
[  2.20586131e+01,  2.09086158e+01,  1.94304831e+01,  1.79212204e+01,
1.66678355e+01,  1.49423937e+01,  1.38296402e+01,  1.16095269e+01,
1.04936405e+01,  7.58311430e+00,  5.81462050e+00],
[  1.44792653e+01,  1.34364136e+01,  1.24008715e+01,  1.11307220e+01,
1.02662839e+01,  8.85793801e+00,  8.06765335e+00,  6.28562152e+00,
5.38977930e+00,  3.12330110e+00,  1.59221156e+00],
[  7.11498132e+00,  6.36064780e+00,  5.69367329e+00,  4.80531692e+00,
4.20596609e+00,  3.25422530e+00,  2.65093485e+00,  1.57186679e+00,
9.50932615e-01,  2.49284959e-01,  4.48256821e-02],
[  0.00000000e+00,  0.00000000e+00,  0.00000000e+00,  0.00000000e+00,
0.00000000e+00,  0.00000000e+00,  0.00000000e+00,  0.00000000e+00,
0.00000000e+00,  0.00000000e+00,  0.00000000e+00],
[ -6.79724674e+00, -5.15819346e+00, -3.75353763e+00, -2.50446548e+00,
-1.61303800e+00, -9.35037285e-01, -4.81722364e-01, -1.99974532e-01,
-6.17560443e-02, -1.19259646e-02, -1.06196443e-03],
[ -1.28370232e+01, -9.04786966e+00, -6.21782627e+00, -3.98088299e+00,
-2.48075745e+00, -1.42011356e+00, -7.22326422e-01, -3.00170081e-01,
-9.23915898e-02, -1.78962328e-02, -1.59336986e-03],
[ -1.75404904e+01, -1.19470168e+01, -8.16700454e+00, -5.11392088e+00,
-3.11764615e+00, -1.77274714e+00, -9.00027408e-01, -3.77361385e-01,
-1.17973296e-01, -2.33382924e-02, -2.11274516e-03],
[ -2.15722637e+01, -1.42516194e+01, -9.76369196e+00, -6.09159050e+00,
-3.63862003e+00, -2.05713372e+00, -1.04495743e+00, -4.42670207e-01,
-1.40953042e-01, -2.85168492e-02, -2.62623089e-03],
[ -2.54428384e+01, -1.63364522e+01, -1.10665720e+01, -6.96667279e+00,
-4.09014008e+00, -2.29790235e+00, -1.16851995e+00, -4.99918829e-01,
-1.61993325e-01, -3.34657627e-02, -3.13396048e-03],
[ -2.92650431e+01, -1.83525536e+01, -1.21779680e+01, -7.74886969e+00,
-4.49655650e+00, -2.50770855e+00, -1.27666463e+00, -5.51091559e-01,
-1.81433256e-01, -3.82018196e-02, -3.63599643e-03],
[ -3.30669590e+01, -2.03444660e+01, -1.31923810e+01, -8.43704532e+00,
-4.87183232e+00, -2.69410028e+00, -1.37304073e+00, -5.97447168e-01,
-1.99506377e-01, -4.27395053e-02, -4.13239976e-03],
[ -3.68585320e+01, -2.23263679e+01, -1.41634704e+01, -9.03467199e+00,
-5.22403152e+00, -2.86204039e+00, -1.46011297e+00, -6.39867778e-01,
-2.16392270e-01, -4.70922031e-02, -4.62323093e-03],
[ -4.06440588e+01, -2.43036178e+01, -1.51155510e+01, -9.55463819e+00,
-5.55758028e+00, -3.01506066e+00, -1.53965327e+00, -6.79005160e-01,
-2.32234851e-01, -5.12723451e-02, -5.10854979e-03]]

SBAlgorithm
logR
[-2.30258509,-1.60943791,-1.2039728 ,-0.91629073,-0.69314718,-0.51082562,
-0.35667494,-0.22314355,-0.10536052, 0.        ]
IndexZero
10
Tq
[-36.5462561 ,-33.26886888,-29.98680276,-26.69894988,-23.4036395 ,
-20.09845114,-16.78011027,-13.44446265,-10.08690727, -6.70608171,
-3.31899374,  0.        ,  3.09248602,  5.77499381,  7.90961234,
9.69799521, 11.36098988, 12.9756171 , 14.56892302, 16.15261534,
17.73205868]
Dq
[ 3.32238692, 3.32688689, 3.33186697, 3.33736874, 3.34337707, 3.34974186,
3.35602205, 3.36111566, 3.36230242, 3.35304085, 3.31899374, 3.23668046,
3.09248602, 2.88749691, 2.63653745, 2.4244988 , 2.27219798, 2.16260285,
2.08127472, 2.01907692, 1.97022874]
lnMrq
[[-12.37317594,-20.69154616,-30.69819606,-41.77118135,-53.22132796,
-64.22028131,-74.19605877,-81.81336974,-86.04556857,-86.94278033],
[-11.27395691,-18.89853582,-28.05711976,-38.18370504,-48.64322038,
-58.6576337 ,-67.72498942,-74.62264525,-78.29713597,-79.0415917 ],
[-10.17433325,-17.10467104,-25.41484145,-34.59435496,-44.06053594,
-53.09334771,-61.25090193,-67.41576266,-70.53017055,-71.13975473],
[ -9.07403479,-15.30935372,-22.77060079,-31.00212414,-39.47160146,
-47.52594829,-54.77097012,-60.18337475,-62.74526313,-63.23730921],
[ -7.97261002,-13.5115462 ,-20.12308976,-27.40529267,-34.87386306,
-41.95249181,-48.27956801,-52.91206253,-54.94354128,-55.33429306],
[ -6.86930225,-11.70941782,-17.46996185,-23.8007021 ,-30.26304925,
-36.36692973,-41.765371  ,-45.58474244,-47.12652686,-47.43074232],
[ -5.76283614, -9.89966051,-14.80676919,-20.18206857,-25.6311787 ,
-30.75643447,-35.20574484,-38.18375185,-39.29596847,-39.52669118],
[ -4.6510384 , -8.07608916,-12.12447856,-16.53589507,-20.96150803,
-25.09296996,-28.55806987,-30.69680246,-31.45368267,-31.622172  ],
[ -3.53012667, -6.22654315, -9.40313799,-12.83126126,-16.21496612,
-19.31483249,-21.75533039,-23.12252496,-23.60142709,-23.71721534],
[ -2.393246  , -4.32510274, -6.59416373, -8.99358374,-11.29420502,
-13.29876842,-14.7289476 ,-15.47084885,-15.74081465,-15.81184999],
[ -1.22694227, -2.30853543, -3.56855405, -4.83897271, -5.98019966,
-6.87929857, -7.46135524, -7.75790347, -7.87326716, -7.90610306],
[  0.        ,  0.        ,  0.        ,  0.        ,  0.        ,
0.        ,  0.        ,  0.        ,  0.        ,  0.        ],
[  1.3884106 ,  2.99814032,  4.5654111 ,  5.76538467,  6.63039609,
7.22060426,  7.58925575,  7.78971063,  7.87797171,  7.9064353 ],
[  3.33995253,  7.00137411, 10.04070905, 12.18773486, 13.65854172,
14.64098378, 15.25763358, 15.60183922, 15.75981469, 15.81318046],
[  6.44595649, 11.92339262, 16.00261337, 18.94345438, 20.900276  ,
22.17638171, 22.97613075, 23.43005395, 23.64485331, 23.72021455],
[ 10.27410645, 17.445906  , 22.27294098, 25.87239518, 28.26542676,
29.78312164, 30.72819214, 31.2701443 , 31.53254434, 31.627518  ],
[ 14.30958302, 23.2267949 , 28.80365216, 32.90771639, 35.7085535 ,
37.43768714, 38.50404115, 39.11927255, 39.42245311, 39.53507256],
[ 18.40874246, 29.09762908, 35.53309689, 40.02606887, 43.20364419,
45.12642413, 46.2975761 , 46.9754716 , 47.31423246, 47.44286118],
[ 22.53327066, 35.00103756, 42.38323567, 47.22234127, 50.73448133,
52.84089348, 54.10476309, 54.83733295, 55.20760492, 55.35086801],
[ 26.66936913, 40.91774467, 49.2948432 , 54.49507182, 58.29081094,
60.57557248, 61.92278722, 62.70381738, 63.10234798, 63.25907825],
[ 30.81105692, 46.84042667, 56.23528764, 61.83892841, 65.86639435,
68.32661197, 69.7495912 , 70.57413929, 70.99828226, 71.16747816]]


SandBox Genetic
logR
[-2.30258509,-1.60943791,-1.2039728 ,-0.91629073,-0.69314718,-0.51082562,
-0.35667494,-0.22314355,-0.10536052, 0.        ]
IndexZero
10
Tq
[-36.5421069 ,-33.26408049,-29.98129951,-26.69262322,-23.39634619,
-20.09003134,-16.77043244,-13.43352335,-10.075127  , -6.69494854,
-3.31143288,  0.        ,  3.06686083,  5.64393136,  7.61990053,
9.30898165, 10.9139211 , 12.4901101 , 14.05528443, 15.61632179,
17.1761402 ]
Dq
[ 3.32200972, 3.32640805, 3.3312555 , 3.3365779 , 3.34233517, 3.34833856,
3.35408649, 3.35838084, 3.35837567, 3.34747427, 3.31143288, 3.22541367,
3.06686083, 2.82196568, 2.53996684, 2.32724541, 2.18278422, 2.08168502,
2.00789778, 1.95204022, 1.90846002]
lnMrq
[[-12.38500215,-20.72239881,-30.75946246,-41.7992185 ,-53.25583305,
-64.25524775,-74.23080941,-81.84443545,-86.05350298,-86.94305083],
[-11.28579001,-18.9293079 ,-28.11821977,-38.21191149,-48.67755425,
-58.69254616,-67.75948053,-74.6516504 ,-78.30247144,-79.04174672],
[-10.18617761,-17.13530822,-25.47567209,-34.62279087,-44.0946322 ,
-53.12814185,-61.28488183,-67.4417642 ,-70.53322008,-71.13981599],
[ -9.08589722,-15.33976474,-22.83098879,-31.03085513,-39.50534944,
-47.56047697,-54.80395007,-60.20518214,-62.74642552,-63.2372972 ],
[ -7.98450054,-13.54157789,-20.18273518,-27.43436213,-34.9070528 ,
-41.98641626,-48.31062163,-52.92840359,-54.94326391,-55.33422706],
[ -6.88123358,-11.73881367,-17.52832783,-23.83004911,-30.29523631,
-36.39947632,-41.79283143,-45.59468087,-47.12526671,-47.43064041],
[ -5.77481771, -9.92799408,-14.86286342,-20.21131413,-25.66136901,
-30.7859022 ,-35.22694124,-38.18729286,-39.29415873,-39.52657028],
[ -4.66305136, -8.10266351,-12.17643473,-16.56384761,-20.98752031,
-25.11598575,-28.569777  ,-30.69528303,-31.45170906,-31.62204791],
[ -3.54203862, -6.25025781, -9.44753891,-12.85501753,-16.23263081,
-19.32635338,-21.7562107 ,-23.11830926,-23.59961489,-23.71710276],
[ -2.40454199, -4.34431654, -6.62562035, -9.00807116,-11.29866261,
-13.29656514,-14.72294651,-15.46644635,-15.73942497,-15.81176259],
[ -1.23586409, -2.32088064, -3.58247496, -4.84170687, -5.97513716,
-6.87230313, -7.45595949, -7.75519599, -7.87249974, -7.9060535 ],
[  0.        ,  0.        ,  0.        ,  0.        ,  0.        ,
0.        ,  0.        ,  0.        ,  0.        ,  0.        ],
[  1.4327713 ,  3.04636197,  4.58887437,  5.77141514,  6.62690953,
7.21385428,  7.58352567,  7.78670166,  7.87710533,  7.90637492],
[  3.59780027,  7.23418921, 10.13629753, 12.22083687, 13.66326428,
14.63329209, 15.24796215, 15.59595966, 15.75802051, 15.81304975],
[  7.018171  , 12.4391681 , 16.23209961, 19.01917612, 20.9195193 ,
22.17185029, 22.96448628, 23.42165801, 23.64209952, 23.72000436],
[ 11.00631565, 18.15375368, 22.68549439, 26.00559052, 28.30159545,
29.78363805, 30.71604841, 31.25965939, 31.52882184, 31.62721993],
[ 15.12099095, 24.0323605 , 29.39541919, 33.1165788 , 35.76297789,
37.4439673 , 38.49234149, 39.10712132, 39.41776981, 39.53467893],
[ 19.27064242, 29.95962126, 36.25700905, 40.32909389, 43.277783  ,
45.13868253, 46.28687411, 46.9620352 , 47.30860871, 47.44236499],
[ 23.4335556 , 35.90336494, 43.19216221, 47.63195585, 50.83037886,
52.85913199, 54.09536466, 54.82293757, 55.20106987, 55.35026286],
[ 27.60236048, 41.85364321, 50.15952642, 55.01255721, 58.41123042,
60.59969326, 61.91485241, 62.68873303, 63.09493682, 63.25835834],
[ 31.77397236, 47.80681155, 57.14061454, 62.45441341, 66.01477368,
68.35646719, 69.74319838, 70.55858441, 70.99003409, 71.16663824]]
fitNessAverage
[ 3.09021598, 3.09137714, 3.09374495, 3.09521086, 3.09659602, 3.0972551 ,
3.09660582, 3.09785407, 3.0818835 , 3.07860009, 3.07643708, 3.0744004 ,
3.07704439, 3.07340093, 3.06770381, 3.06566897, 3.0615454 , 3.06867014,
3.07567349, 3.07870135, 3.08326645, 3.08981963, 3.09039194, 3.0896098 ,
3.08390844, 3.0807589 , 3.0793566 , 3.07989174, 3.08096342, 3.08183315,
3.07824037, 3.07795391, 3.0810578 , 3.07615218, 3.07406054, 3.07667827,
3.07336135, 3.06691615, 3.06045266, 3.06704865]
fitNessMax
[ 3.16320646, 3.16320646, 3.17780655, 3.21035965, 3.179102  , 3.18827892,
3.18827892, 3.20177283, 3.18827892, 3.18682842, 3.18682842, 3.21108397,
3.21108397, 3.21108397, 3.21108397, 3.21108397, 3.18705163, 3.18705163,
3.24593341, 3.19129608, 3.23187484, 3.23187484, 3.23187484, 3.22932433,
3.22932433, 3.21714897, 3.21714897, 3.21968226, 3.21799404, 3.21799404,
3.21799404, 3.19773779, 3.19773779, 3.2369815 , 3.19758873, 3.20345318,
3.19758873, 3.19758873, 3.19758873, 3.23591885]
fitNessMin
[ 3.04703265, 2.98682757, 2.98682757, 2.98682757, 2.98947525, 2.96852986,
2.9519468 , 2.95431398, 2.94971723, 2.94971723, 2.94971723, 2.95011733,
2.95208451, 2.94770134, 2.93240982, 2.92045688, 2.92045688, 2.92045688,
2.92045688, 2.94370323, 2.9678533 , 2.91683222, 2.91683222, 2.91683222,
2.91683222, 2.91683222, 2.91786238, 2.87152207, 2.87152207, 2.90648305,
2.90648305, 2.90648305, 2.91990793, 2.91990793, 2.91990793, 2.91990793,
2.91990793, 2.91990793, 2.90387605, 2.90387605]


SandBox Simulated Annealing
logR
[-2.30258509,-1.60943791,-1.2039728 ,-0.91629073,-0.69314718,-0.51082562,
-0.35667494,-0.22314355,-0.10536052, 0.        ]
IndexZero
10
Tq
[-36.55954744,-33.28114222,-29.99793437,-26.7087658 ,-23.4118876 ,
-20.104783  ,-16.78408838,-13.44559824,-10.08477132, -6.70069645,
-3.31211563,  0.        ,  3.06088276,  5.6642628 ,  7.69739764,
9.41949867, 11.04023218, 12.6246057 , 14.19439539, 15.75825793,
17.31988132]
Dq
[ 3.32359522, 3.32811422, 3.33310382, 3.33859573, 3.34455537, 3.35079717,
3.35681768, 3.36139956, 3.36159044, 3.35034823, 3.31211563, 3.22082714,
3.06088276, 2.8321314 , 2.56579921, 2.35487467, 2.20804644, 2.10410095,
2.02777077, 1.96978224, 1.92443126]
lnMrq
[[-12.40473552,-20.6976161 ,-30.71443375,-41.78180115,-53.2863467 ,
-64.28991146,-74.26567513,-81.88096345,-86.08319635,-86.94816771],
[-11.30547427,-18.90466759,-28.07345524,-38.19451141,-48.70669747,
-58.72705765,-67.79438054,-74.68889456,-78.32997229,-79.04633733],
[-10.2057801 ,-17.11090621,-25.43133019,-34.60542989,-44.12202159,
-53.16241211,-61.31989085,-67.47987787,-70.55823322,-71.14389361],
[ -9.10536368,-15.31576199,-22.78732911,-31.01358615,-39.53054144,
-47.59438626,-54.83923704,-60.24416292,-62.76872069,-63.24087479],
[ -8.00374091,-13.51824481,-20.14019085,-27.41731499,-34.92959606,
-42.01984155,-48.34653039,-52.96786234,-54.96268655,-55.33731726],
[ -6.90009875,-11.71660448,-17.48763795,-23.81354338,-30.31482826,
-36.43240228,-41.82996286,-45.63355399,-47.14173845,-47.4332555 ],
[ -5.7930616 , -9.90766833,-14.82531741,-20.19612801,-25.67824742,
-30.81871564,-35.26604464,-38.22371046,-39.30766941,-39.52872215],
[ -4.68026932, -8.08547071,-12.14430356,-16.55180577,-21.0032867 ,
-25.14996658,-28.61087552,-30.72688306,-31.4623037 ,-31.62374805],
[ -3.55756595, -6.23815112, -9.42467552,-12.84996537,-16.25135084,
-19.36342538,-21.79642566,-23.14296624,-23.60737908,-23.71836225],
[ -2.41727396, -4.33984938, -6.61736197, -9.01575918,-11.32526819,
-13.33474238,-14.75525161,-15.48290568,-15.74447108,-15.81259212],
[ -1.24388498, -2.32481225, -3.5899706 , -4.86045832, -6.00204445,
-6.89826826, -7.47321129, -7.76319758, -7.87495554, -7.90646333],
[  0.        ,  0.        ,  0.        ,  0.        ,  0.        ,
0.        ,  0.        ,  0.        ,  0.        ,  0.        ],
[  1.43989585,  3.07189079,  4.62597723,  5.80993828,  6.66017274,
7.23841794,  7.59862898,  7.79388591,  7.87942588,  7.9067753 ],
[  3.55454586,  7.2156329 , 10.17288023, 12.27604537, 13.71581125,
14.67428139, 15.2746817 , 15.60940315, 15.76252949, 15.81384145],
[  6.87304951, 12.31266078, 16.21648783, 19.06890194, 20.98064113,
22.22298807, 22.99971638, 23.44046459, 23.64867018, 23.72117869],
[ 10.81560303, 17.96818894, 22.59479715, 26.03423968, 28.36515439,
29.84132013, 30.757498  , 31.28302127, 31.53733392, 31.62876861],
[ 14.91468941, 23.82678349, 29.2427822 , 33.11214746, 35.8248121 ,
37.50615259, 38.53844356, 39.13433803, 39.42810995, 39.53659402],
[ 19.0583458 , 29.74726162, 36.06897456, 40.28358821, 43.33460233,
45.20409716, 46.33658103, 46.99251337, 47.32067037, 47.44463889],
[ 23.21868109, 35.68837019, 42.98760864, 47.54327873, 50.87937044,
52.92687851, 54.14796949, 54.85618236, 55.21475308, 55.35288832],
[ 27.38629434, 41.63749544, 49.9478516 , 54.8848903 , 58.44987264,
60.66907215, 61.96986404, 62.72433627, 63.11014775, 63.26132844],
[ 31.55733133, 47.59012255, 56.92590224, 62.29593687, 66.04074234,
68.42689407, 69.80026237, 70.59621197, 71.00668462, 71.16994635]]


BoxCounting Genetic
logR
[-2.39789527,-1.70474809,-1.29928298,-1.01160091,-0.78845736,-0.6061358 ,
-0.45198512,-0.31845373,-0.2006707 ,-0.09531018, 0.        ]
IndexZero
10
Tq
[-18.27512641,-16.82901523,-15.38185996,-13.93276108,-12.48028395,
-11.02271547, -9.55973625, -8.09700417, -6.65281626, -5.21879946,
-3.17666726,  0.        ,  3.07157509,  5.48184524,  7.26621726,
8.82246877, 10.32373133, 11.80927154, 13.28971893, 14.76860465,
16.2472311 ]
Dq
[ 1.66137513, 1.68290152, 1.70909555, 1.74159513, 1.78289771, 1.83711924,
1.91194725, 2.02425104, 2.21760542, 2.60939973, 3.17666726, 3.31938856,
3.07157509, 2.74092262, 2.42207242, 2.20561719, 2.06474627, 1.96821192,
1.89853128, 1.84607558, 1.8052479 ]
lnMrq
[[  8.50753451e+01,  8.37350517e+01,  7.70338084e+01,  7.51801341e+01,
6.87584588e+01,  6.66586005e+01,  6.04522963e+01,  5.73708023e+01,
5.15759829e+01,  4.75001837e+01,  4.12516574e+01],
[  7.71637118e+01,  7.58239635e+01,  6.98146457e+01,  6.79625813e+01,
6.22323059e+01,  6.01344817e+01,  5.46191060e+01,  5.15423533e+01,
4.64358070e+01,  4.23700818e+01,  3.68046040e+01],
[  6.92532595e+01,  6.79145983e+01,  6.25959747e+01,  6.07471314e+01,
5.57064962e+01,  5.36127455e+01,  4.87860730e+01,  4.57187578e+01,
4.12956558e+01,  3.72497778e+01,  3.23575507e+01],
[  6.13452161e+01,  6.00087183e+01,  5.53783056e+01,  5.35359019e+01,
4.91813759e+01,  4.70957708e+01,  4.29533551e+01,  3.99047122e+01,
3.61555541e+01,  3.21482206e+01,  2.79104974e+01],
[  5.34421168e+01,  5.21099125e+01,  4.81626892e+01,  4.63331216e+01,
4.26576455e+01,  4.05882587e+01,  3.71212693e+01,  3.41091166e+01,
3.10155520e+01,  2.70810967e+01,  2.34634441e+01],
[  4.55492263e+01,  4.42255075e+01,  4.09513109e+01,  3.91471274e+01,
3.61367359e+01,  3.40993051e+01,  3.12904574e+01,  2.83479134e+01,
2.58757544e+01,  2.20727545e+01,  1.90163908e+01],
[  3.76774436e+01,  3.63704163e+01,  3.37487966e+01,  3.19938940e+01,
2.96216349e+01,  2.76457446e+01,  2.54622494e+01,  2.26467390e+01,
2.07363982e+01,  1.71533987e+01,  1.45693379e+01],
[  2.98487413e+01,  2.85744967e+01,  2.65653063e+01,  2.49024638e+01,
2.31189051e+01,  2.12562409e+01,  1.96395977e+01,  1.70395706e+01,
1.55981486e+01,  1.23474408e+01,  1.01223244e+01],
[  2.21039681e+01,  2.08949795e+01,  1.94249640e+01,  1.79222957e+01,
1.66448381e+01,  1.49742612e+01,  1.38304795e+01,  1.15601440e+01,
1.04638481e+01,  7.66064262e+00,  5.67865808e+00],
[  1.45060277e+01,  1.34332403e+01,  1.23938457e+01,  1.11418902e+01,
1.02520521e+01,  8.87074059e+00,  8.06835074e+00,  6.24956199e+00,
5.35686665e+00,  3.13219166e+00,  1.48511521e+00],
[  7.12245528e+00,  6.35881233e+00,  5.68646675e+00,  4.81648404e+00,
4.20469262e+00,  3.25076201e+00,  2.65605491e+00,  1.55603714e+00,
9.24258902e-01,  2.39016900e-01,  3.92207132e-02],
[  0.00000000e+00,  0.00000000e+00,  0.00000000e+00,  0.00000000e+00,
0.00000000e+00,  0.00000000e+00,  0.00000000e+00,  0.00000000e+00,
0.00000000e+00,  0.00000000e+00,  0.00000000e+00],
[ -6.74830100e+00, -5.05848052e+00, -3.64183403e+00, -2.43584373e+00,
-1.61498222e+00, -9.31605786e-01, -4.77304730e-01, -1.88193598e-01,
-5.50865904e-02, -1.03062019e-02, -9.26495917e-04],
[ -1.24898169e+01, -8.60633483e+00, -5.78041586e+00, -3.74901496e+00,
-2.45798877e+00, -1.41645641e+00, -7.13166809e-01, -2.80953042e-01,
-8.19376738e-02, -1.54089659e-02, -1.39006597e-03],
[ -1.68556089e+01, -1.11182047e+01, -7.24431441e+00, -4.62457716e+00,
-3.02920232e+00, -1.76401209e+00, -8.89542248e-01, -3.53846931e-01,
-1.04540042e-01, -2.00770864e-02, -1.84311119e-03],
[ -2.07593732e+01, -1.32280727e+01, -8.38396424e+00, -5.27663950e+00,
-3.44704400e+00, -2.03731791e+00, -1.03486803e+00, -4.16747733e-01,
-1.24949402e-01, -2.45164686e-02, -2.29098945e-03],
[ -2.45757946e+01, -1.52311355e+01, -9.38652255e+00, -5.79969734e+00,
-3.76732475e+00, -2.26144004e+00, -1.15937409e+00, -4.72812729e-01,
-1.43705042e-01, -2.87539051e-02, -2.73381814e-03],
[ -2.83683738e+01, -1.72054228e+01, -1.03375496e+01, -6.24723638e+00,
-4.02362799e+00, -2.44988182e+00, -1.26843753e+00, -5.23640276e-01,
-1.61092340e-01, -3.28040608e-02, -3.17165270e-03],
[ -3.21513590e+01, -1.91704426e+01, -1.12697636e+01, -6.65155428e+00,
-4.23703188e+00, -2.61104269e+00, -1.36546410e+00, -5.70238542e-01,
-1.77312975e-01, -3.66798372e-02, -3.60454732e-03],
[ -3.59294139e+01, -2.11319159e+01, -1.21949914e+01, -7.03169628e+00,
-4.42075869e+00, -2.75061433e+00, -1.45283685e+00, -6.13315385e-01,
-1.92523366e-01, -4.03931616e-02, -4.03255563e-03],
[ -3.97044371e+01, -2.30918666e+01, -1.31175371e+01, -7.39850574e+00,
-4.58319437e+00, -2.87272258e+00, -1.53232098e+00, -6.53396830e-01,
-2.06848864e-01, -4.39550998e-02, -4.45573073e-03]]
fitNessAverage
[ 3.04320299, 3.03706283, 3.03360692, 3.03046966, 3.02976486, 3.03150651,
3.02888044, 3.02570841, 3.02591804, 3.02629465, 3.02819625, 3.02282267,
3.02803861, 3.03284934, 3.03821603, 3.04017374, 3.03674939, 3.03936982,
3.04242369, 3.04935824, 3.06025352, 3.06992321, 3.07602924, 3.06967941,
3.07268897, 3.07724433, 3.08128071, 3.07971738, 3.07510544, 3.08173363,
3.08501545, 3.08181045, 3.08257149, 3.08798635, 3.08269937, 3.08380751,
3.08083879, 3.08241731, 3.08206693, 3.07731572, 3.06935757, 3.06678478,
3.06954172, 3.07423515, 3.07274596, 3.07695536, 3.08036297, 3.08232022,
3.08267632, 3.0838048 , 3.07904268, 3.07953267, 3.07822302, 3.07356079,
3.06961046, 3.07029999]
fitNessMax
[ 3.08787029, 3.09883379, 3.10219581, 3.11847169, 3.11802666, 3.11802666,
3.12667717, 3.12667717, 3.12667717, 3.16604581, 3.16604581, 3.16604581,
3.16604581, 3.15288252, 3.14919049, 3.14919049, 3.13893102, 3.15653722,
3.15653722, 3.17997214, 3.18125438, 3.17415952, 3.19604029, 3.19604029,
3.19604029, 3.19604029, 3.19604029, 3.19604029, 3.19447461, 3.19447461,
3.19447461, 3.19447461, 3.19447461, 3.19447461, 3.21081718, 3.21081718,
3.21081718, 3.21081718, 3.21081718, 3.21081718, 3.18203907, 3.18203907,
3.18203907, 3.19784901, 3.19784901, 3.19784901, 3.19784901, 3.19888557,
3.19888557, 3.19888557, 3.19888557, 3.18527545, 3.1856271 , 3.1856271 ,
3.1856271 , 3.1856271 ]
fitNessMin
[ 2.997351  , 2.93451812, 2.93451812, 2.93763494, 2.93491526, 2.93491526,
2.93491526, 2.93491526, 2.9289947 , 2.9289947 , 2.92929923, 2.92929923,
2.92929923, 2.93919397, 2.93919397, 2.90388287, 2.90388287, 2.90388287,
2.95042629, 2.95042629, 2.9506624 , 2.9506624 , 2.95208051, 2.94496517,
2.94496517, 2.94496517, 2.94496517, 2.9516117 , 2.96498832, 2.96498832,
2.96498832, 2.96498832, 2.94790062, 2.94790062, 2.94144915, 2.94144915,
2.94144915, 2.95871848, 2.96566074, 2.96160416, 2.92189163, 2.92189163,
2.92189163, 2.92189163, 2.92189163, 2.94688183, 2.94688183, 2.94688183,
2.94688183, 2.94688183, 2.94688183, 2.90526743, 2.90526743, 2.90526743,
2.90526743, 2.96157232]


BoxCounting Simulated Annealing
logR
[-2.30258509,-1.60943791,-1.2039728 ,-0.91629073,-0.69314718,-0.51082562,
-0.35667494,-0.22314355,-0.10536052, 0.        ]
IndexZero
10
Tq
[ -3.85715025e+01, -3.50017506e+01, -3.14326409e+01, -2.78648374e+01,
-2.42997053e+01, -2.07400668e+01, -1.71917497e+01, -1.36665454e+01,
-1.01868625e+01, -6.79012672e+00, -3.50682239e+00,  1.99948718e-17,
2.90769519e+00,  5.31898559e+00,  7.53150082e+00,  9.63570666e+00,
1.16960507e+01,  1.37398318e+01,  1.57765998e+01,  1.78098771e+01,
1.98411379e+01]
Dq
[ 3.50650022, 3.50017506, 3.49251566, 3.48310468, 3.47138647, 3.4566778 ,
3.43834994, 3.41663635, 3.39562084, 3.39506336, 3.50682239, 3.40239552,
2.90769519, 2.6594928 , 2.51050027, 2.40892667, 2.33921014, 2.28997197,
2.25379997, 2.22623464, 2.20457088]
lnMrq
[[  8.50452535e+01,  8.36624471e+01,  7.71020157e+01,  7.49074107e+01,
6.86322446e+01,  6.59610381e+01,  5.97197712e+01,  0.00000000e+00,
0.00000000e+00,  0.00000000e+00],
[  7.71336370e+01,  7.57516248e+01,  6.98826990e+01,  6.76907147e+01,
6.21057500e+01,  5.94374937e+01,  5.38864235e+01,  0.00000000e+00,
0.00000000e+00,  0.00000000e+00],
[  6.92232193e+01,  6.78427897e+01,  6.26637151e+01,  6.04769683e+01,
5.55792564e+01,  5.29169073e+01,  4.80530758e+01,  0.00000000e+00,
0.00000000e+00,  0.00000000e+00],
[  6.13152466e+01,  5.99379623e+01,  5.54454093e+01,  5.32691020e+01,
4.90527662e+01,  4.64022252e+01,  4.22197281e+01,  0.00000000e+00,
0.00000000e+00,  0.00000000e+00],
[  5.34122937e+01,  5.20412243e+01,  4.82284932e+01,  4.60728644e+01,
4.25262882e+01,  3.98992373e+01,  3.63863804e+01,  0.00000000e+00,
0.00000000e+00,  0.00000000e+00],
[  4.55197071e+01,  4.41607889e+01,  4.10144578e+01,  3.88992186e+01,
3.59998566e+01,  3.34190048e+01,  3.05530328e+01,  0.00000000e+00,
0.00000000e+00,  0.00000000e+00],
[  3.76485548e+01,  3.63129362e+01,  3.38065210e+01,  3.17679041e+01,
2.94736059e+01,  2.69814441e+01,  2.47196851e+01,  0.00000000e+00,
0.00000000e+00,  0.00000000e+00],
[  2.98211333e+01,  2.85287681e+01,  2.66120625e+01,  2.47108388e+01,
2.29480970e+01,  2.06186224e+01,  1.88863374e+01,  0.00000000e+00,
0.00000000e+00,  0.00000000e+00],
[  2.20788234e+01,  2.08635685e+01,  1.94500372e+01,  1.77717429e+01,
1.64258738e+01,  1.43742685e+01,  1.30529919e+01,  0.00000000e+00,
0.00000000e+00,  0.00000000e+00],
[  1.44852193e+01,  1.34065061e+01,  1.23776507e+01,  1.10054443e+01,
9.92017500e+00,  8.30767377e+00,  7.22038251e+00,  0.00000000e+00,
0.00000000e+00,  0.00000000e+00],
[  7.10906214e+00,  6.30261898e+00,  5.58724866e+00,  4.54329478e+00,
3.55534806e+00,  2.63905733e+00,  1.60943791e+00,  0.00000000e+00,
0.00000000e+00,  0.00000000e+00],
[  0.00000000e+00,  0.00000000e+00,  0.00000000e+00,  0.00000000e+00,
0.00000000e+00,  0.00000000e+00,  2.22044605e-16,  0.00000000e+00,
0.00000000e+00,  0.00000000e+00],
[ -6.77329637e+00, -3.73995739e+00, -1.88369606e+00, -7.42707971e-01,
-3.62512944e-01, -1.69820518e-01, -2.35292214e-02,  0.00000000e+00,
0.00000000e+00,  0.00000000e+00],
[ -1.30586334e+01, -5.90043491e+00, -2.86228972e+00, -1.12728633e+00,
-5.62251110e-01, -2.56619853e-01, -3.53464020e-02,  0.00000000e+00,
0.00000000e+00,  0.00000000e+00],
[ -1.88025411e+01, -7.89678849e+00, -3.81733586e+00, -1.50354796e+00,
-7.51439577e-01, -3.42192735e-01, -4.71286745e-02,  0.00000000e+00,
0.00000000e+00,  0.00000000e+00],
[ -2.42093768e+01, -9.87546884e+00, -4.77170300e+00, -1.87945931e+00,
-9.39485421e-01, -4.27741583e-01, -5.89108435e-02,  0.00000000e+00,
0.00000000e+00,  0.00000000e+00],
[ -2.94772906e+01, -1.18513606e+01, -5.72604491e+00, -2.25535248e+00,
-1.12740260e+00, -5.13289913e-01, -7.06930122e-02,  0.00000000e+00,
0.00000000e+00,  0.00000000e+00],
[ -3.46924528e+01, -1.38267393e+01, -6.68038579e+00, -2.63124463e+00,
-1.31530523e+00, -5.98838233e-01, -8.24751809e-02,  0.00000000e+00,
0.00000000e+00,  0.00000000e+00],
[ -3.98852153e+01, -1.58020176e+01, -7.63472662e+00, -3.00713673e+00,
-1.50320622e+00, -6.84386552e-01, -9.42573496e-02,  0.00000000e+00,
0.00000000e+00,  0.00000000e+00],
[ -4.50668130e+01, -1.77772758e+01, -8.58906745e+00, -3.38302882e+00,
-1.69110703e+00, -7.69934870e-01, -1.06039518e-01,  0.00000000e+00,
0.00000000e+00,  0.00000000e+00],
[ -5.02419567e+01, -1.97525299e+01, -9.54340827e+00, -3.75892091e+00,
-1.87900781e+00, -8.55483189e-01, -1.17821687e-01,  0.00000000e+00,
0.00000000e+00,  0.00000000e+00]]


Fixed Size Genetic
logR
[-2.39789527,-1.70474809,-1.29928298,-1.01160091,-0.78845736,-0.6061358 ,
-0.45198512,-0.31845373,-0.2006707 ,-0.09531018, 0.        ]
IndexZero
10
Tq
[-24.85355398,-22.67374968,-20.49421971,-18.31526919,-16.13757491,
-13.96269683,-11.79435013, -9.64137297, -7.523117  , -5.46597761,
-3.20030408,  0.        ,  3.11497469,  5.74887061,  7.92792364,
9.8295337 , 11.61233166, 13.33924165, 15.03744847, 16.72019577,
18.39424585]
Dq
[ 2.259414  , 2.26737497, 2.27713552, 2.28940865, 2.30536784, 2.32711614,
2.35887003, 2.41034324, 2.50770567, 2.7329888 , 3.20030408, 3.33720762,
3.11497469, 2.87443531, 2.64264121, 2.45738342, 2.32246633, 2.22320694,
2.14820692, 2.09002447, 2.04380509]
lnMrq
[[  8.50354987e+01,  8.37759152e+01,  7.70232215e+01,  7.52060583e+01,
6.87780001e+01,  6.64888031e+01,  6.04748381e+01,  5.74933050e+01,
5.15153685e+01,  4.29098854e+01,  0.00000000e+00],
[  7.71239330e+01,  7.58646575e+01,  6.98040770e+01,  6.79884015e+01,
6.22518184e+01,  5.99653367e+01,  5.46416098e+01,  5.16637543e+01,
4.63752029e+01,  3.84628321e+01,  0.00000000e+00],
[  6.92136173e+01,  6.79549551e+01,  6.25854423e+01,  6.07727424e+01,
5.57259510e+01,  5.34448974e+01,  4.88085009e+01,  4.58379840e+01,
4.12350722e+01,  3.40157788e+01,  0.00000000e+00],
[  6.13058497e+01,  6.00484081e+01,  5.53678462e+01,  5.35610928e+01,
4.92007151e+01,  4.69304828e+01,  4.29756313e+01,  4.00197003e+01,
3.60950114e+01,  2.95687255e+01,  0.00000000e+00],
[  5.34033082e+01,  5.21482961e+01,  4.81523761e+01,  4.63574720e+01,
4.26767523e+01,  4.04279509e+01,  3.71432419e+01,  3.42160546e+01,
3.09550908e+01,  2.51216722e+01,  0.00000000e+00],
[  4.55115424e+01,  4.42613823e+01,  4.09412895e+01,  3.91698148e+01,
3.61553741e+01,  3.39484052e+01,  3.13118219e+01,  2.84402899e+01,
2.58154542e+01,  2.06746188e+01,  0.00000000e+00],
[  3.76419967e+01,  3.64016565e+01,  3.37393501e+01,  3.20133768e+01,
2.96393227e+01,  2.75116374e+01,  2.54823922e+01,  2.27150285e+01,
2.06764090e+01,  1.62275656e+01,  0.00000000e+00],
[  2.98175694e+01,  2.85978314e+01,  2.65569613e+01,  2.49160905e+01,
2.31346488e+01,  2.11491729e+01,  1.96572563e+01,  1.70735887e+01,
1.55387213e+01,  1.17805199e+01,  0.00000000e+00],
[  2.20802200e+01,  2.09068943e+01,  1.94185880e+01,  1.79262130e+01,
1.66565790e+01,  1.49038894e+01,  1.38428650e+01,  1.15550675e+01,
1.04052251e+01,  7.33411525e+00,  0.00000000e+00],
[  1.44928615e+01,  1.34337968e+01,  1.23904374e+01,  1.11326397e+01,
1.02557285e+01,  8.83855059e+00,  8.06779840e+00,  6.20893697e+00,
5.29814954e+00,  2.94081341e+00,  0.00000000e+00],
[  7.11974081e+00,  6.35668041e+00,  5.68616147e+00,  4.80007886e+00,
4.19343546e+00,  3.23985423e+00,  2.61885462e+00,  1.49514877e+00,
8.75468737e-01,  1.90620360e-01,  0.00000000e+00],
[  0.00000000e+00,  0.00000000e+00,  0.00000000e+00,  0.00000000e+00,
0.00000000e+00,  0.00000000e+00,  0.00000000e+00,  0.00000000e+00,
0.00000000e+00,  0.00000000e+00,  0.00000000e+00],
[ -6.79604078e+00, -5.15104746e+00, -3.70395232e+00, -2.41783563e+00,
-1.51609589e+00, -8.67431284e-01, -4.32700174e-01, -1.64454774e-01,
-4.14832684e-02, -4.87370822e-03,  0.00000000e+00],
[ -1.29219165e+01, -9.18227830e+00, -6.13432732e+00, -3.81745938e+00,
-2.30280186e+00, -1.29338677e+00, -6.40561543e-01, -2.45568928e-01,
-6.21067631e-02, -7.31949876e-03,  0.00000000e+00],
[ -1.79227259e+01, -1.26095516e+01, -8.17882394e+00, -4.92785661e+00,
-2.88612405e+00, -1.59901191e+00, -7.93041990e-01, -3.10676734e-01,
-8.08652345e-02, -9.71445486e-03,  0.00000000e+00],
[ -2.21903616e+01, -1.56922244e+01, -1.00781806e+01, -5.93548803e+00,
-3.37531034e+00, -1.84575435e+00, -9.17473780e-01, -3.67385732e-01,
-9.86370451e-02, -1.20866780e-02,  0.00000000e+00],
[ -2.61803115e+01, -1.85695434e+01, -1.18914580e+01, -6.89741310e+00,
-3.81210507e+00, -2.05583089e+00, -1.02372201e+00, -4.17875258e-01,
-1.15523369e-01, -1.44366533e-02,  0.00000000e+00],
[ -3.00523900e+01, -2.13371176e+01, -1.36387149e+01, -7.83471358e+00,
-4.21746544e+00, -2.24026780e+00, -1.11680933e+00, -4.63328904e-01,
-1.31574986e-01, -1.67645416e-02,  0.00000000e+00],
[ -3.38674394e+01, -2.40504268e+01, -1.53312210e+01, -8.75621082e+00,
-4.60324004e+00, -2.40559042e+00, -1.19979539e+00, -5.04600429e-01,
-1.46837958e-01, -1.90704999e-02,  0.00000000e+00],
[ -3.76537796e+01, -2.67372928e+01, -1.69786139e+01, -9.66591287e+00,
-4.97651937e+00, -2.55611116e+00, -1.27475022e+00, -5.42359457e-01,
-1.61356602e-01, -2.13546848e-02,  0.00000000e+00],
[ -4.14253816e+01, -2.94109727e+01, -1.85900911e+01, -1.05657497e+01,
-5.34166965e+00, -2.69490948e+00, -1.34316878e+00, -5.77141719e-01,
-1.75173602e-01, -2.36172528e-02,  0.00000000e+00]]
fitNessAverage
[ 2.97427926, 2.98737924, 2.99620724, 3.0039335 , 3.00425849, 3.00934705,
3.009684  , 3.01311962, 3.01540188, 3.01834294, 3.02116792, 3.02176765,
3.02271724, 3.02047489, 3.02117855, 3.02110121, 3.01975845, 3.01764937,
3.0183551 , 3.02032643, 3.02250863, 3.02518281, 3.02918034, 3.02219877,
3.01604293, 3.01257312, 3.00993957, 3.0091527 , 3.00708969, 3.00558423,
3.00927684, 3.01100916, 3.01078513, 3.00996572, 3.00508278, 3.00148158,
2.99887798, 3.00806606, 3.01233258, 3.01630631]
fitNessMax
[ 3.06586425, 3.08034909, 3.10169535, 3.10169535, 3.08665509, 3.09718778,
3.10632948, 3.11174444, 3.11174444, 3.11174444, 3.12650757, 3.12650757,
3.12650757, 3.12071997, 3.12071997, 3.12095621, 3.15281225, 3.15281225,
3.16364211, 3.16364211, 3.14656768, 3.14322466, 3.13840129, 3.13840129,
3.13840129, 3.11318823, 3.11318823, 3.10796399, 3.11497287, 3.10796399,
3.10182603, 3.09414413, 3.0941573 , 3.10463381, 3.10463381, 3.0941573 ,
3.10398574, 3.10545972, 3.11045519, 3.11184405]
fitNessMin
[ 2.87216927, 2.87216927, 2.87216927, 2.87376711, 2.8766639 , 2.8766639 ,
2.89148193, 2.90297763, 2.87658349, 2.87658349, 2.87658349, 2.87658349,
2.87658349, 2.87658349, 2.87658349, 2.90410882, 2.90410882, 2.87156393,
2.87156393, 2.89401849, 2.89401849, 2.91901878, 2.92342219, 2.91263531,
2.89813114, 2.91263531, 2.90133651, 2.91263531, 2.91263531, 2.88543479,
2.88543479, 2.88543479, 2.90783346, 2.90783346, 2.90424812, 2.90267925,
2.86896156, 2.86896156, 2.86979678, 2.86979678]


Genetic fixed size Simulated Annealing
logR
[-2.39789527,-1.70474809,-1.29928298,-1.01160091,-0.78845736,-0.6061358 ,
-0.45198512,-0.31845373,-0.2006707 ,-0.09531018, 0.        ]
IndexZero
10
Tq
[-18.89229267,-17.3584913 ,-15.82474639,-14.29116072,-12.75804967,
-11.22639786, -9.69919475, -8.18470988, -6.70159423, -5.24546069,
-3.18779994,  0.        ,  3.07929218,  5.56807532,  7.48046742,
9.11699321, 10.65906197, 12.16612836, 13.65882447, 15.14515839,
16.62858537]
Dq
[ 1.71748115, 1.73584913, 1.75830515, 1.78639509, 1.82257852, 1.87106631,
1.93983895, 2.04617747, 2.23386474, 2.62273034, 3.18779994, 3.32123537,
3.07929218, 2.78403766, 2.49348914, 2.2792483 , 2.13181239, 2.02768806,
1.95126064, 1.8931448 , 1.8476206 ]
lnMrq
[[  8.51068934e+01,  8.37288810e+01,  7.70303331e+01,  7.51800795e+01,
6.87977669e+01,  6.64378060e+01,  6.04205442e+01,  5.72606066e+01,
5.14973596e+01,  4.25044203e+01,  4.16571225e+01],
[  7.71951947e+01,  7.58177394e+01,  6.98111911e+01,  6.79624721e+01,
6.22715728e+01,  5.99147877e+01,  5.45873505e+01,  5.14331749e+01,
4.63572035e+01,  3.80573670e+01,  3.72100691e+01],
[  6.92846105e+01,  6.79082684e+01,  6.25925615e+01,  6.07469130e+01,
5.57456805e+01,  5.33952349e+01,  4.87543107e+01,  4.56115785e+01,
4.12170918e+01,  3.36103138e+01,  3.27630158e+01],
[  6.13763004e+01,  6.00021799e+01,  5.53749752e+01,  5.35354664e+01,
4.92203945e+01,  4.68825565e+01,  4.29215795e+01,  3.98013961e+01,
3.60770691e+01,  2.91632611e+01,  2.83159625e+01],
[  5.34726614e+01,  5.21029683e+01,  4.81595239e+01,  4.63322573e+01,
4.26963309e+01,  4.03833571e+01,  3.70894678e+01,  3.40130306e+01,
3.09372253e+01,  2.47162116e+01,  2.38689092e+01],
[  4.55786816e+01,  4.42177898e+01,  4.09484704e+01,  3.91454289e+01,
3.61747499e+01,  3.39099665e+01,  3.12586078e+01,  2.82645703e+01,
2.57977441e+01,  2.02691842e+01,  1.94218559e+01],
[  3.77047329e+01,  3.63612827e+01,  3.37465777e+01,  3.19906209e+01,
2.96582894e+01,  2.74837754e+01,  2.54303209e+01,  2.25835842e+01,
2.06590190e+01,  1.58223044e+01,  1.49748029e+01],
[  2.98719027e+01,  2.85629756e+01,  2.65641947e+01,  2.48963653e+01,
2.31527908e+01,  2.11373075e+01,  1.96075913e+01,  1.70032433e+01,
1.55220027e+01,  1.13764298e+01,  1.05277761e+01],
[  2.21200332e+01,  2.08801049e+01,  1.94254602e+01,  1.79115406e+01,
1.66730726e+01,  1.49116248e+01,  1.37986585e+01,  1.15507859e+01,
1.03898238e+01,  6.93820817e+00,  6.08298316e+00],
[  1.45123308e+01,  1.34156402e+01,  1.23952221e+01,  1.11249387e+01,
1.02690214e+01,  8.86284501e+00,  8.03775874e+00,  6.25281984e+00,
5.28396787e+00,  2.61823582e+00,  1.81208665e+00],
[  7.12052521e+00,  6.34430214e+00,  5.68432779e+00,  4.79876134e+00,
4.20065463e+00,  3.26155210e+00,  2.62249231e+00,  1.52388002e+00,
8.71293366e-01,  1.82321557e-01,  5.82689081e-02],
[  0.00000000e+00,  0.00000000e+00,  0.00000000e+00,  0.00000000e+00,
0.00000000e+00,  0.00000000e+00,  0.00000000e+00,  0.00000000e+00,
0.00000000e+00,  0.00000000e+00,  0.00000000e+00],
[ -6.73255421e+00, -5.08741376e+00, -3.65375475e+00, -2.45312633e+00,
-1.55435057e+00, -8.84874451e-01, -4.34829675e-01, -1.71110476e-01,
-5.46224486e-02, -1.21317119e-02, -1.39006597e-03],
[ -1.25323957e+01, -8.89385807e+00, -5.94612456e+00, -3.86048551e+00,
-2.39573876e+00, -1.33961740e+00, -6.48926538e-01, -2.57413000e-01,
-8.17989021e-02, -1.82301222e-02, -2.08582424e-03],
[ -1.70326962e+01, -1.17833696e+01, -7.64409283e+00, -4.89639022e+00,
-3.02519801e+00, -1.67440260e+00, -8.11050590e-01, -3.23957142e-01,
-1.03471377e-01, -2.36468308e-02, -2.76594226e-03],
[ -2.10039606e+01, -1.41222777e+01, -8.95855740e+00, -5.74988395e+00,
-3.54905382e+00, -1.94715902e+00, -9.46236724e-01, -3.80385000e-01,
-1.22301325e-01, -2.87268930e-02, -3.43845542e-03],
[ -2.48488518e+01, -1.62288728e+01, -1.00482739e+01, -6.48469813e+00,
-4.01104376e+00, -2.17964508e+00, -1.06326352e+00, -4.30264559e-01,
-1.39147894e-01, -3.35168298e-02, -4.10353499e-03],
[ -2.86540918e+01, -1.82490912e+01, -1.10364283e+01, -7.12956510e+00,
-4.43462132e+00, -2.38329109e+00, -1.16666820e+00, -4.75407399e-01,
-1.54451681e-01, -3.80389591e-02, -4.76125932e-03],
[ -3.24428281e+01, -2.02347220e+01, -1.19848720e+01, -7.70473150e+00,
-4.83378179e+00, -2.56513288e+00, -1.25932845e+00, -5.16876673e-01,
-1.68503401e-01, -4.23123935e-02, -5.41170501e-03],
[ -3.62235025e+01, -2.22051756e+01, -1.29184430e+01, -8.22813493e+00,
-5.21724829e+00, -2.72989801e+00, -1.34328371e+00, -5.55356106e-01,
-1.81517455e-01, -4.63547961e-02, -6.05494795e-03],
[ -3.99997608e+01, -2.41685989e+01, -1.38464199e+01, -8.71522380e+00,
-5.59054299e+00, -2.88097660e+00, -1.42006926e+00, -5.91316133e-01,
-1.93659036e-01, -5.01825913e-02, -6.69106335e-03]]


Execution time

Box Counting	Box Counting Fixed	SandBox	Genetic SandBox	Simulated SandBox	Genetic BCFS	Simulated BCFS
[ 321068.56676102, 323731.94100523,   4116.27520084,  22715.96959281,
17115.28017116,  31062.46824121,  17669.09222603,  25409.13542318,
17630.00831509]
Fractal dimension
2.80507364687
