BCAlgorithm
logR
[-2.19722458,-1.5040774 ,-1.09861229,-0.81093022,-0.58778666,-0.40546511,
-0.25131443,-0.11778304, 0.        ]
IndexZero
10
Tq
[ -4.26376749e+01, -3.87512832e+01, -3.48650879e+01, -3.09792897e+01,
-2.70942973e+01, -2.32109467e+01, -1.93309532e+01, -1.54578286e+01,
-1.15987261e+01, -7.76899364e+00, -3.97617727e+00,  2.17535170e-17,
1.82166655e+00,  2.85508013e+00,  3.84179718e+00,  4.81656851e+00,
5.78649277e+00,  6.75415985e+00,  7.72069964e+00,  8.68665378e+00,
9.65229663e+00]
Dq
[ 3.87615226, 3.87512832, 3.87389866, 3.87241122, 3.8706139 , 3.86849112,
3.86619064, 3.86445715, 3.86624203, 3.88449682, 3.97617727, 3.1573966 ,
1.82166655, 1.42754006, 1.28059906, 1.20414213, 1.15729855, 1.12569331,
1.10295709, 1.08583172, 1.0724774 ]
lnMrq
[[  8.97043040e+01,  8.73783230e+01,  8.68201090e+01,  8.57923584e+01,
8.38755702e+01,  8.22657357e+01,  0.00000000e+00,  0.00000000e+00,
0.00000000e+00],
[  8.14779169e+01,  7.91523564e+01,  7.85940369e+01,  7.75660527e+01,
7.56494012e+01,  7.40391651e+01,  0.00000000e+00,  0.00000000e+00,
0.00000000e+00],
[  7.32517178e+01,  7.09270096e+01,  7.03684741e+01,  6.93400244e+01,
6.74236509e+01,  6.58126031e+01,  0.00000000e+00,  0.00000000e+00,
0.00000000e+00],
[  6.50258973e+01,  6.27029291e+01,  6.21439463e+01,  6.11145706e+01,
5.91987668e+01,  5.75860754e+01,  0.00000000e+00,  0.00000000e+00,
0.00000000e+00],
[  5.68008428e+01,  5.44814622e+01,  5.39215386e+01,  5.28903268e+01,
5.09757029e+01,  4.93596850e+01,  0.00000000e+00,  0.00000000e+00,
0.00000000e+00],
[  4.85773463e+01,  4.62654729e+01,  4.57035264e+01,  4.46686919e+01,
4.27565448e+01,  4.11338435e+01,  0.00000000e+00,  0.00000000e+00,
0.00000000e+00],
[  4.03570446e+01,  3.80612109e+01,  3.74947952e+01,  3.64528596e+01,
3.45459889e+01,  3.29101925e+01,  0.00000000e+00,  0.00000000e+00,
0.00000000e+00],
[  3.21433751e+01,  2.98827740e+01,  2.93062059e+01,  2.82504261e+01,
2.63548897e+01,  2.46952246e+01,  0.00000000e+00,  0.00000000e+00,
0.00000000e+00],
[  2.39437422e+01,  2.17631674e+01,  2.11630719e+01,  2.00800771e+01,
1.82083673e+01,  1.65137716e+01,  0.00000000e+00,  0.00000000e+00,
0.00000000e+00],
[  1.57748205e+01,  1.37836229e+01,  1.31274137e+01,  1.19877800e+01,
1.01605463e+01,  8.44993125e+00,  0.00000000e+00,  0.00000000e+00,
0.00000000e+00],
[  7.67878900e+00,  6.17794411e+00,  5.35658627e+00,  4.09434456e+00,
2.39789527e+00,  1.09861229e+00,  0.00000000e+00,  0.00000000e+00,
0.00000000e+00],
[  0.00000000e+00, -2.22044605e-16,  2.22044605e-16,  0.00000000e+00,
0.00000000e+00,  0.00000000e+00,  0.00000000e+00,  0.00000000e+00,
0.00000000e+00],
[ -3.80157791e+00, -2.77204474e+00, -3.42422701e-01, -6.35523447e-02,
-1.01856591e-02, -2.67508248e-03,  0.00000000e+00,  0.00000000e+00,
0.00000000e+00],
[ -5.88175332e+00, -4.50356168e+00, -5.14245277e-01, -9.53754546e-02,
-1.52835804e-02, -4.01445138e-03,  0.00000000e+00,  0.00000000e+00,
0.00000000e+00],
[ -7.87995860e+00, -6.13013171e+00, -6.85662959e-01, -1.27167346e-01,
-2.03781108e-02, -5.35260350e-03,  0.00000000e+00,  0.00000000e+00,
0.00000000e+00],
[ -9.86030315e+00, -7.72374633e+00, -8.57078716e-01, -1.58959183e-01,
-2.54726385e-02, -6.69075438e-03,  0.00000000e+00,  0.00000000e+00,
0.00000000e+00],
[ -1.18353924e+01, -9.30010378e+00, -1.02849446e+00, -1.90751019e-01,
-3.05671663e-02, -8.02890525e-03,  0.00000000e+00,  0.00000000e+00,
0.00000000e+00],
[ -1.38088720e+01, -1.08667912e+01, -1.19991020e+00, -2.22542856e-01,
-3.56616940e-02, -9.36705613e-03,  0.00000000e+00,  0.00000000e+00,
0.00000000e+00],
[ -1.57818490e+01, -1.24280613e+01, -1.37132595e+00, -2.54334692e-01,
-4.07562217e-02, -1.07052070e-02,  0.00000000e+00,  0.00000000e+00,
0.00000000e+00],
[ -1.77546675e+01, -1.39863171e+01, -1.54274169e+00, -2.86126529e-01,
-4.58507494e-02, -1.20433579e-02,  0.00000000e+00,  0.00000000e+00,
0.00000000e+00],
[ -1.97274356e+01, -1.55429045e+01, -1.71415743e+00, -3.17918365e-01,
-5.09452771e-02, -1.33815088e-02,  0.00000000e+00,  0.00000000e+00,
0.00000000e+00]]
FSBCAlgorithm
logR
[-2.30258509,-1.60943791,-1.2039728 ,-0.91629073,-0.69314718,-0.51082562,
-0.35667494,-0.22314355,-0.10536052, 0.        ]
IndexZero
10
Tq
[ -4.28604196, -4.28604654, -4.28601755, -4.28584373, -4.28514447,
-4.28268668, -4.27467694, -4.25048613, -4.18637927, -4.05256096,
-3.4114359 ,  0.        ,  2.93085268,  4.7020541 ,  5.872596  ,
6.88883599,  7.84423832,  8.76271603,  9.65448543, 10.52666616,
11.38468371]
Dq
[ 0.38964018, 0.42860465, 0.47622417, 0.53573047, 0.6121635 , 0.71378111,
0.85493539, 1.06262153, 1.39545976, 2.02628048, 3.4114359 , 3.50816183,
2.93085268, 2.35102705, 1.957532  , 1.722209  , 1.56884766, 1.46045267,
1.3792122 , 1.31583327, 1.26496486]
lnMrq
[[  8.99168768e+01,  8.75288181e+01,  8.69516309e+01,  8.61043570e+01,
8.57062488e+01,  8.44497931e+01,  8.35831930e+01,  8.21831326e+01,
8.05947619e+01,  7.87352648e+01],
[  8.16904810e+01,  7.93027726e+01,  7.87255026e+01,  7.78781853e+01,
7.74800058e+01,  7.62237032e+01,  7.53569906e+01,  7.39568743e+01,
7.23684773e+01,  7.05089474e+01],
[  7.34642645e+01,  7.10772670e+01,  7.04998309e+01,  6.96524274e+01,
6.92541034e+01,  6.79981095e+01,  6.71311680e+01,  6.57309453e+01,
6.41425729e+01,  6.22830424e+01],
[  6.52384095e+01,  6.28528656e+01,  6.22750959e+01,  6.14275228e+01,
6.10289030e+01,  5.97735351e+01,  5.89061227e+01,  5.75057059e+01,
5.59176149e+01,  5.40582779e+01],
[  5.70132868e+01,  5.46307487e+01,  5.40523079e+01,  5.32044045e+01,
5.28051715e+01,  5.15510822e+01,  5.06826880e+01,  4.92819481e+01,
4.76951149e+01,  4.58367492e+01],
[  4.87896569e+01,  4.64134382e+01,  4.58336474e+01,  4.49851131e+01,
4.45845852e+01,  4.33331344e+01,  4.24626519e+01,  4.10614932e+01,
3.94792354e+01,  3.76245329e+01],
[  4.05690994e+01,  3.82064929e+01,  3.76239987e+01,  3.67743057e+01,
3.63709594e+01,  3.51250308e+01,  3.42499887e+01,  3.28487950e+01,
3.12815870e+01,  2.94389813e+01],
[  3.23549603e+01,  3.00227022e+01,  2.94348930e+01,  2.85832547e+01,
2.81734714e+01,  2.69392664e+01,  2.60539803e+01,  2.46554958e+01,
2.31336055e+01,  2.13260159e+01],
[  2.41545486e+01,  2.18931456e+01,  2.12955347e+01,  2.04413837e+01,
2.00157407e+01,  1.88063166e+01,  1.78976511e+01,  1.65134638e+01,
1.51097059e+01,  1.33824922e+01],
[  1.59846943e+01,  1.38986360e+01,  1.32867687e+01,  1.24324406e+01,
1.19629159e+01,  1.08007206e+01,  9.84061579e+00,  8.50642092e+00,
7.33190371e+00,  5.72762228e+00],
[  7.88818923e+00,  6.27833826e+00,  5.67308152e+00,  4.83572562e+00,
4.22565588e+00,  3.13629044e+00,  2.15411053e+00,  1.17384992e+00,
6.34918389e-01,  1.79911594e-01],
[  0.00000000e+00,  0.00000000e+00,  0.00000000e+00,  0.00000000e+00,
0.00000000e+00,  0.00000000e+00,  0.00000000e+00,  0.00000000e+00,
0.00000000e+00,  0.00000000e+00],
[ -7.00520849e+00, -3.38029514e+00, -1.92314022e+00, -6.98986144e-01,
-2.21698698e-01, -5.62276999e-02, -1.49651804e-02, -4.69887442e-03,
-2.28069684e-03, -6.98973141e-04],
[ -1.12040207e+01, -5.53644302e+00, -2.99919019e+00, -1.03335957e+00,
-3.25523610e-01, -8.34419158e-02, -2.23515761e-02, -7.04315696e-03,
-3.42146953e-03, -1.04852156e-03],
[ -1.36828076e+01, -7.42617769e+00, -3.86973459e+00, -1.30624287e+00,
-4.12364056e-01, -1.07103425e-01, -2.90426585e-02, -9.17530322e-03,
-4.38497517e-03, -1.35129511e-03],
[ -1.57839202e+01, -9.16665302e+00, -4.61506867e+00, -1.54729401e+00,
-4.89836190e-01, -1.28844120e-01, -3.53638860e-02, -1.11997020e-02,
-5.25969791e-03, -1.63067286e-03],
[ -1.77924394e+01, -1.07679517e+01, -5.26518086e+00, -1.76740121e+00,
-5.60799462e-01, -1.49272094e-01, -4.14298454e-02, -1.31523778e-02,
-6.08307781e-03, -1.89257227e-03],
[ -1.97756362e+01, -1.22373231e+01, -5.83877017e+00, -1.97222293e+00,
-6.26821013e-01, -1.68705674e-01, -4.72994789e-02, -1.50514013e-02,
-6.87385051e-03, -2.13995004e-03],
[ -2.17513474e+01, -1.35946075e+01, -6.35043361e+00, -2.16516832e+00,
-6.88912391e-01, -1.87341066e-01, -5.30087697e-02, -1.69076767e-02,
-7.64243865e-03, -2.37499721e-03],
[ -2.37247120e+01, -1.48661546e+01, -6.81226995e+00, -2.34847736e+00,
-7.47784835e-01, -2.05311341e-01, -5.85820451e-02, -1.87285227e-02,
-8.39510611e-03, -2.59952243e-03],
[ -2.56973095e+01, -1.60760348e+01, -7.23418359e+00, -2.52370938e+00,
-8.03964390e-01, -2.22712641e-01, -6.40369620e-02, -2.05192136e-02,
-9.13584357e-03, -2.81505146e-03]]

SBAlgorithm
logR
[-2.30258509,-1.60943791,-1.2039728 ,-0.91629073,-0.69314718,-0.51082562,
-0.35667494,-0.22314355,-0.10536052, 0.        ]
IndexZero
10
Tq
[-34.7576353 ,-31.72984655,-28.6962183 ,-25.64860506,-22.57798258,
-19.48268429,-16.36752959,-13.21961129,-10.00971098, -6.78176273,
-3.43176288,  0.        ,  2.73626831,  4.63379399,  5.93461722,
7.0751167 ,  8.15480977,  9.19682931, 10.21104674, 11.20429516,
12.18192655]
Dq
[ 3.15978503, 3.17298466, 3.1884687 , 3.20607563, 3.22542608, 3.24711405,
3.27350592, 3.30490282, 3.33657033, 3.39088137, 3.43176288, 3.09434928,
2.73626831, 2.316897  , 1.97820574, 1.76877917, 1.63096195, 1.53280488,
1.45872096, 1.40053689, 1.35354739]
lnMrq
[[ -8.32003285,-15.86195785,-21.24223176,-26.12284763,-30.62793129,
-35.00603814,-39.50159738,-77.50083663,-86.99836924,-90.48659717],
[ -7.62481127,-14.74463048,-19.80411122,-24.37751487,-28.49649093,
-32.47050335,-36.56763955,-71.0836026 ,-79.65244456,-82.26090167],
[ -6.92850971,-13.62036615,-18.35154705,-22.6204991 ,-26.35879354,
-29.9330084 ,-33.63190944,-64.66265992,-72.25002519,-74.03509709],
[ -6.23054316,-12.48632243,-16.88030183,-20.84769886,-24.21308594,
-27.39309327,-30.69295331,-58.23457898,-64.72998935,-65.80919995],
[ -5.52998453,-11.33825942,-15.38474863,-19.05314278,-22.05702054,
-24.85014939,-27.74946253,-51.79553899,-57.02182212,-57.5832243 ],
[ -4.825335  ,-10.16962742,-13.85721024,-17.22802255,-19.88730405,
-22.30325534,-24.80072702,-45.33805178,-49.10399475,-49.35718204],
[ -4.11410159, -8.96981429,-12.28668006,-15.35926328,-17.69893273,
-19.75058138,-21.84322226,-38.81317627,-41.02760872,-41.13108327],
[ -3.3919623 , -7.72046871,-10.65595132,-13.42727093,-15.48323581,
-17.18727976,-18.86377218,-31.98375914,-32.86463749,-32.90493657],
[ -2.65094755, -6.38682543, -8.93346982,-11.40033722,-13.22173254,
-14.60150449,-15.85077392,-24.46030513,-24.66335186,-24.67874919],
[ -1.87493324, -4.8930435 , -7.03845484, -9.20410577,-10.85364225,
-11.95416552,-12.77610039,-16.41335149,-16.44682365,-16.45252729],
[ -1.0265391 , -3.02472347, -4.59429676, -6.27896194, -7.39858498,
-7.87800246, -8.03623814, -8.21946219, -8.2244975 , -8.22627609],
[  0.        ,  0.        ,  0.        ,  0.        ,  0.        ,
0.        ,  0.        ,  0.        ,  0.        ,  0.        ],
[  1.62880105,  5.07171123,  6.63270025,  7.71242037,  8.07754528,
8.1906056 ,  8.21689508,  8.22359424,  8.22530986,  8.22629722],
[  5.26282568, 11.12620139, 13.77912875, 15.59124887, 16.19663334,
16.38971376, 16.4360155 , 16.44794663, 16.45092703, 16.45261241],
[ 10.59733132, 17.46978134, 21.11057175, 23.53163976, 24.33188145,
24.59202311, 24.65576734, 24.67249695, 24.67666397, 24.67894288],
[ 16.33003453, 23.96478851, 28.55756307, 31.50668068, 32.47703657,
32.79627805, 32.87590739, 32.89713273, 32.9024507 , 32.90528635],
[ 22.16356579, 30.58606669, 36.09436351, 39.50454909, 40.6292328 ,
41.00190848, 41.09632675, 41.12182174, 41.12826078, 41.13164089],
[ 28.03352103, 37.32371837, 43.70636552, 47.51893531, 48.78680569,
49.20859375, 49.3169631 , 49.3465502 , 49.35408389, 49.35800487],
[ 33.91995965, 44.16227183, 51.38217088, 55.54604318, 56.94865963,
57.41612938, 57.53777612, 57.57131038, 57.57991575, 57.58437689],
[ 39.8151175 , 51.08100889, 59.11155663, 63.58339156, 65.11401876,
65.62437392, 65.75873764, 65.79609727, 65.80575437, 65.8107558 ],
[ 45.71545212, 58.05959614, 66.88530091, 71.62926067, 73.28230767,
73.8332239 , 73.97982693, 74.02090728, 74.03159866, 74.03714059]]


SandBox Genetic
logR
[-2.30258509,-1.60943791,-1.2039728 ,-0.91629073,-0.69314718,-0.51082562,
-0.35667494,-0.22314355,-0.10536052, 0.        ]
IndexZero
10
Tq
[-12.61323993,-11.69949919,-10.76825742, -9.81128317, -8.82715427,
-7.81768811, -6.76848704, -5.64643751, -4.43304079, -3.02374353,
-1.47827973,  0.        ,  1.12850654,  1.51403697,  1.59157326,
1.61695141,  1.62858978,  1.63460198,  1.63790416,  1.63977397,
1.64081512]
Dq
[ 1.14665818, 1.16994992, 1.19647305, 1.2264104 , 1.26102204, 1.30294802,
1.35369741, 1.41160938, 1.47768026, 1.51187177, 1.47827973, 1.38566437,
1.12850654, 0.75701849, 0.53052442, 0.40423785, 0.32571796, 0.27243366,
0.23398631, 0.20497175, 0.18231279]
lnMrq
[[-59.3335199 ,-60.58382703,-62.2116144 ,-64.29037487,-66.04043687,
-66.96977188,-67.45866623,-80.65629799,-88.70162651,-91.10360455],
[-53.94672393,-55.15136784,-56.74955031,-58.81421775,-60.58587215,
-61.52407643,-62.02336647,-74.02284761,-81.20201136,-82.82164098],
[-48.55970108,-49.7148742 ,-51.27961157,-53.3287914 ,-55.12282247,
-56.07629901,-56.58688764,-67.38886171,-73.57079659,-74.53962304],
[-43.17242834,-44.27346662,-45.79995618,-47.83207334,-49.64905092,
-50.62588516,-51.14835613,-60.75213822,-65.75037289,-66.25755856],
[-37.78487706,-38.82594469,-40.30804727,-42.32124159,-44.16145828,
-45.17187212,-45.70626308,-54.10148625,-57.73826496,-57.97545426],
[-32.39701082,-33.37060526,-34.80020377,-36.7920254 ,-38.65530368,
-39.71242986,-40.25797608,-47.3831597 ,-49.58980767,-49.69331587],
[-27.0087819 ,-27.90489698,-29.27064441,-31.23702367,-33.12179594,
-34.24308705,-34.79804897,-40.3979517 ,-41.36726509,-41.41114829],
[-21.62012543,-22.42469988,-23.70914897,-25.64029755,-27.53785871,
-28.74289505,-29.30075048,-32.8335218 ,-33.11040812,-33.12895572],
[-16.23094184,-16.92269624,-18.09452967,-19.95586104,-21.80505224,
-23.02841291,-23.50706231,-24.77887189,-24.83885847,-24.84674176],
[-10.84093832,-11.38443482,-12.37530523,-14.0203296 ,-15.47558813,
-16.20818658,-16.38523952,-16.54882906,-16.56123001,-16.56450946],
[ -5.44707918, -5.77722133, -6.42222954, -7.42088265, -8.02065586,
-8.22257777, -8.26332991, -8.27851706, -8.28111995, -8.28226146],
[  0.        ,  0.        ,  0.        ,  0.        ,  0.        ,
0.        ,  0.        ,  0.        ,  0.        ,  0.        ],
[  6.06820107,  6.35921924,  7.03765853,  7.83093131,  8.14810735,
8.25079194,  8.27459096,  8.28021281,  8.28153247,  8.282273  ],
[ 13.74555381, 13.87330305, 14.57704275, 15.80792529, 16.33148192,
16.50788711, 16.55048354, 16.56082117, 16.56323556, 16.56455589],
[ 21.98026243, 22.0082456 , 22.44365051, 23.85018697, 24.53080998,
24.76785806, 24.8268164 , 24.84155254, 24.84501121, 24.84684727],
[ 30.25979901, 30.26620445, 30.50670269, 31.93066959, 32.73989848,
33.02964597, 33.10343976, 33.12234108, 33.12681948, 33.12914595],
[ 38.54193269, 38.54412086, 38.67687204, 40.0376174 , 40.95590637,
41.29274874, 41.38028727, 41.40316577, 41.40864391, 41.41145089],
[ 46.82421705, 46.82564856, 46.90149396, 48.16486464, 49.17721017,
49.55687313, 49.65731636, 49.68401723, 49.69047758, 49.69376121],
[ 55.10651098, 55.10791125, 55.15322768, 56.30873802, 57.402754  ,
57.82182703, 57.93449704, 57.96489019, 57.97231742, 57.97607618],
[ 63.38880582, 63.39033873, 63.41865887, 64.46682307, 65.63179479,
66.0874751 , 66.21180727, 66.24578127, 66.25416196, 66.25839514],
[ 71.67110096, 71.67280654, 71.69124361, 72.63739546, 73.86378242,
74.35371716, 74.48923035, 74.52668819, 74.5360104 , 74.54071754]]
fitNessAverage
[ 0.45038191, 0.45099179, 0.45147264, 0.45207901, 0.45231345, 0.45248776,
0.45187745, 0.45247661, 0.45197723, 0.45172661, 0.45115882, 0.45222601,
0.4531076 , 0.45319982, 0.45354   , 0.45377699, 0.45437397, 0.45417107,
0.45487252, 0.4549338 , 0.45518653, 0.45522   , 0.45494274, 0.45456291,
0.45460624]
fitNessMax
[ 0.47226748, 0.47226748, 0.47239157, 0.47675797, 0.47675797, 0.47278356,
0.47239157, 0.47239157, 0.47217512, 0.47217512, 0.47217512, 0.47217512,
0.47217512, 0.46762953, 0.46762953, 0.46762953, 0.46762953, 0.46380759,
0.46380759, 0.46380759, 0.46380759, 0.46380759, 0.46380759, 0.46380759,
0.46380759]
fitNessMin
[ 0.43623199, 0.41633096, 0.41633096, 0.42290963, 0.42290963, 0.42290963,
0.4098099 , 0.4098099 , 0.39896632, 0.39896632, 0.39896632, 0.39896632,
0.40554272, 0.40554272, 0.40554272, 0.40554272, 0.40554272, 0.40554272,
0.40554272, 0.42662719, 0.42662719, 0.42662719, 0.42611269, 0.42611269,
0.42611269]


SandBox Simulated Annealing
logR
[-2.07944154,-1.38629436,-0.98082925,-0.69314718,-0.47000363,-0.28768207,
-0.13353139, 0.        ]
IndexZero
10
Tq
[-6.9402211 ,-6.6611268 ,-6.38233152,-6.10354057,-5.82335887,-5.53520855,
-5.2114499 ,-4.78124655,-4.16863467,-3.1380029 ,-1.60943025, 0.        ,
1.24244804, 1.62997134, 1.68369821, 1.68912517, 1.68461939, 1.67696401,
1.66826361, 1.65934149, 1.65053732]
Dq
[ 0.63092919, 0.66611268, 0.70914795, 0.76294257, 0.83190841, 0.92253476,
1.04228998, 1.19531164, 1.38954489, 1.56900145, 1.60943025, 1.53474234,
1.24244804, 0.81498567, 0.56123274, 0.42228129, 0.33692388, 0.279494  ,
0.23832337, 0.20741769, 0.18339304]
lnMrq
[[-59.33832763,-60.59268394,-62.26654632,-64.08073971,-65.61207779,
-66.27373906,-66.79336321,-79.98876389],
[-53.95125322,-55.15808367,-56.80388327,-58.62123772,-60.15161066,
-60.84382019,-61.35963836,-73.35522135],
[-48.56395452,-49.71941867,-51.33299997,-53.15448305,-54.68433883,
-55.41178269,-55.92590662,-66.72123557],
[-43.17641158,-44.27582093,-45.85197619,-47.67849213,-49.2085843 ,
-49.97668774,-50.49215103,-60.0854975 ],
[-37.78860004,-38.82611083,-40.35816431,-42.19040887,-43.72192582,
-44.53706273,-45.05831118,-53.44187052],
[-32.40048936,-33.36862492,-34.84771758,-36.68583846,-38.22058194,
-39.09045998,-39.62414641,-46.76101731],
[-27.01204015,-27.90089103,-29.31459402,-31.15717302,-32.69775032,
-33.63213663,-34.18830217,-39.91921725],
[-21.62319927,-22.41895298,-23.74814911,-25.58822651,-27.13692089,
-28.14674094,-28.73747089,-32.61238699],
[-16.23388386,-16.9158385 ,-18.12652498,-19.93245847,-21.4688355 ,
-22.52112847,-23.10173207,-24.71858167],
[-10.84381791,-11.37780056,-12.39746275,-14.02193647,-15.31797369,
-16.03624033,-16.29857991,-16.53568438],
[ -5.44984756, -5.77325604, -6.43228014, -7.42819327, -8.00392815,
-8.20608925, -8.25620827, -8.2760757 ],
[  0.        ,  0.        ,  0.        ,  0.        ,  0.        ,
0.        ,  0.        ,  0.        ],
[  6.09372273,  6.37196693,  7.04457545,  7.83346491,  8.15052246,
8.25005978,  8.27357325,  8.2795732 ],
[ 13.79477097, 13.9140506 , 14.59296032, 15.81011363, 16.33580712,
16.507849  , 16.54925672, 16.55996201],
[ 22.03209134, 22.05820929, 22.46989807, 23.85181543, 24.53606014,
24.76857471, 24.82559814, 24.84058687],
[ 30.31184335, 30.31775634, 30.54136428, 31.93230737, 32.74558091,
33.03101884, 33.10231524, 33.12130757],
[ 38.59404573, 38.59591076, 38.71723841, 40.03994634, 40.96178151,
41.29466838, 41.37929797, 41.40208266],
[ 46.87638974, 46.87746771, 46.94551303, 48.16849391, 49.18315122,
49.55924402, 49.65648529, 49.68289608],
[ 55.15874263, 55.15973127, 55.19959953, 56.31416314, 57.40868767,
57.82457073, 57.93383768, 57.96373971],
[ 63.44109629, 63.4421574 , 63.46658873, 64.47442506, 65.6376761 ,
66.09052855, 66.21132741, 66.24460859],
[ 71.72345016, 71.72462443, 71.7402364 , 72.64745014, 73.86958321,
74.35702994, 74.48893407, 74.52549926]]



BoxCounting Genetic
logR
[-2.30258509,-1.60943791,-1.2039728 ,-0.91629073,-0.69314718,-0.51082562,
-0.35667494,-0.22314355,-0.10536052, 0.        ]
IndexZero
10
Tq
[ -4.29403817, -4.29404172, -4.29401134, -4.29383651, -4.29313943,
-4.29069359, -4.28270673, -4.2584468 , -4.19352713, -4.05673851,
-3.4198676 ,  0.        ,  2.96194027,  5.07024305,  6.74116289,
8.25151696,  9.67425516, 11.0387623 , 12.36404735, 13.66338831,
14.94568856]
Dq
[ 0.39036711, 0.42940417, 0.47711237, 0.53672956, 0.61330563, 0.7151156 ,
0.85654135, 1.0646117 , 1.39784238, 2.02836926, 3.4198676 , 3.50653465,
2.96194027, 2.53512152, 2.2470543 , 2.06287924, 1.93485103, 1.83979372,
1.76629248, 1.70792354, 1.66063206]
lnMrq
[[  8.99213032e+01,  8.75160389e+01,  8.69529227e+01,  8.60906328e+01,
8.57093674e+01,  8.44168657e+01,  8.35771207e+01,  8.21381739e+01,
8.02259491e+01,  7.90469191e+01],
[  8.16949082e+01,  7.92900177e+01,  7.87267926e+01,  7.78644612e+01,
7.74831328e+01,  7.61908305e+01,  7.53509055e+01,  7.39118797e+01,
7.19998712e+01,  7.08204671e+01],
[  7.34686931e+01,  7.10645599e+01,  7.05011178e+01,  6.96387045e+01,
6.92572473e+01,  6.79653459e+01,  6.71250569e+01,  6.56858791e+01,
6.37744115e+01,  6.25942605e+01],
[  6.52428409e+01,  6.28402515e+01,  6.22763777e+01,  6.14138043e+01,
6.10320807e+01,  5.97409880e+01,  5.88999594e+01,  5.74604971e+01,
5.55504371e+01,  5.43687985e+01],
[  5.70177230e+01,  5.46183119e+01,  5.40535826e+01,  5.31907007e+01,
5.28084172e+01,  5.15189629e+01,  5.06764192e+01,  4.92364559e+01,
4.73301872e+01,  4.61455976e+01],
[  4.87941008e+01,  4.64013308e+01,  4.58349167e+01,  4.49714562e+01,
4.45879657e+01,  4.33018516e+01,  4.24561691e+01,  4.10154419e+01,
3.91196349e+01,  3.79292543e+01],
[  4.05735529e+01,  3.81949710e+01,  3.76252798e+01,  3.67607888e+01,
3.63745994e+01,  3.50953497e+01,  3.42430702e+01,  3.28016599e+01,
3.09348725e+01,  2.97334579e+01],
[  3.23594133e+01,  3.00121490e+01,  2.94362457e+01,  2.85701227e+01,
2.81775667e+01,  2.69125126e+01,  2.60461677e+01,  2.46063787e+01,
2.28172926e+01,  2.15964716e+01],
[  2.41589386e+01,  2.18840269e+01,  2.12970626e+01,  2.04291502e+01,
2.00203981e+01,  1.87843387e+01,  1.78879689e+01,  1.64613857e+01,
1.48557889e+01,  1.36067933e+01],
[  1.59887651e+01,  1.38913924e+01,  1.32882109e+01,  1.24214628e+01,
1.19670513e+01,  1.07843799e+01,  9.82681576e+00,  8.45285416e+00,
7.17035272e+00,  5.89285020e+00],
[  7.89116620e+00,  6.27381996e+00,  5.67081152e+00,  4.82318059e+00,
4.22288435e+00,  3.12015985e+00,  2.13298231e+00,  1.14103300e+00,
5.98836501e-01,  1.98850859e-01],
[  0.00000000e+00,  0.00000000e+00,  0.00000000e+00,  0.00000000e+00,
0.00000000e+00,  0.00000000e+00,  0.00000000e+00,  0.00000000e+00,
0.00000000e+00,  0.00000000e+00],
[ -7.12979580e+00, -3.34690974e+00, -1.89610912e+00, -6.76513480e-01,
-2.11578732e-01, -5.35810510e-02, -1.49345384e-02, -3.53304884e-03,
-1.33622557e-03, -3.31393954e-04],
[ -1.24519614e+01, -5.42897677e+00, -2.95653515e+00, -1.00158047e+00,
-3.10434208e-01, -7.97740684e-02, -2.23461939e-02, -5.29476927e-03,
-2.00416539e-03, -4.97097819e-04],
[ -1.65974388e+01, -7.21309341e+00, -3.79775767e+00, -1.27116019e+00,
-3.94366605e-01, -1.02315599e-01, -2.90005682e-02, -7.03567631e-03,
-2.67063552e-03, -6.62529103e-04],
[ -2.03605353e+01, -8.82873592e+00, -4.49504481e+00, -1.51260670e+00,
-4.70082445e-01, -1.22902631e-01, -3.52578752e-02, -8.76472565e-03,
-3.33631670e-03, -8.27826352e-04],
[ -2.39458246e+01, -1.03126645e+01, -5.08006072e+00, -1.73537251e+00,
-5.39969808e-01, -1.42200969e-01, -4.12339854e-02, -1.04824048e-02,
-4.00121287e-03, -9.92989786e-04],
[ -2.74233113e+01, -1.16970798e+01, -5.57638577e+00, -1.94419836e+00,
-6.05338409e-01, -1.60555224e-01, -4.69876744e-02, -1.21889980e-02,
-4.66532703e-03, -1.15801950e-03],
[ -3.08321584e+01, -1.30115435e+01, -6.00447130e+00, -2.14191090e+00,
-6.67050981e-01, -1.78175666e-01, -5.25580083e-02, -1.38847762e-02,
-5.32866216e-03, -1.32291560e-03],
[ -3.41979623e+01, -1.42784780e+01, -6.38157482e+00, -2.33036841e+00,
-7.25728267e-01, -1.95203464e-01, -5.79741676e-02, -1.55700023e-02,
-5.99122123e-03, -1.48767818e-03],
[ -3.75373548e+01, -1.55128402e+01, -6.72137836e+00, -2.51086239e+00,
-7.81839311e-01, -2.11738565e-01, -6.32588798e-02, -1.72449321e-02,
-6.65300719e-03, -1.65230733e-03]]
fitNessAverage
[ 0.37453786, 0.37381707, 0.37234594, 0.37152101, 0.37053266, 0.36982012,
0.36959219, 0.37019544, 0.36989631, 0.36945231, 0.36927575, 0.36888761,
0.36925499, 0.36860734, 0.36733983, 0.36831392, 0.36698036, 0.36669245,
0.36701737, 0.367543  , 0.36696689, 0.36619113, 0.36600551, 0.36646177,
0.36672018, 0.36673644, 0.36630804, 0.3677001 , 0.36772826, 0.36693224,
0.36711502, 0.36699978]
fitNessMax
[ 0.39249478, 0.39249478, 0.39249478, 0.39249478, 0.39249478, 0.39926866,
0.3956785 , 0.39369149, 0.39330336, 0.39355068, 0.40169671, 0.40169671,
0.3952777 , 0.3952777 , 0.3952777 , 0.3952777 , 0.3952777 , 0.3952777 ,
0.39420433, 0.40159394, 0.40159394, 0.39274978, 0.39572292, 0.39516371,
0.39274978, 0.39274978, 0.39289923, 0.39274978, 0.3914271 , 0.39059995,
0.39058775, 0.39058775]
fitNessMin
[ 0.36098358, 0.34565781, 0.34565781, 0.33542775, 0.33148264, 0.33001978,
0.33001978, 0.33001978, 0.33784077, 0.33407168, 0.33028534, 0.33028534,
0.33028534, 0.33028534, 0.33028534, 0.31997065, 0.31997065, 0.32509821,
0.32509821, 0.32509821, 0.32509821, 0.32509821, 0.32509821, 0.33359638,
0.33359638, 0.33259493, 0.33359638, 0.33359638, 0.32714732, 0.32714732,
0.32775397, 0.33323904]


BoxCounting Simulated Annealing
logR
[-2.07944154,-1.38629436,-0.98082925,-0.69314718,-0.47000363,-0.28768207,
-0.13353139, 0.        ]
IndexZero
10
Tq
[ -2.37730384e+01, -2.17857536e+01, -1.97986387e+01, -1.78118678e+01,
-1.58257948e+01, -1.38411418e+01, -1.18593781e+01, -9.88345896e+00,
-7.91923557e+00, -5.97905101e+00, -3.92107760e+00,  9.61497899e-18,
2.71808801e+00,  4.39333499e+00,  5.97583162e+00,  7.54220559e+00,
9.09991266e+00,  1.06514751e+01,  1.21984374e+01,  1.37419196e+01,
1.52827620e+01]
Dq
[ 2.16118531, 2.17857536, 2.19984875, 2.22648347, 2.26082782, 2.30685697,
2.37187563, 2.47086474, 2.63974519, 2.9895255 , 3.9210776 , 3.74454853,
2.71808801, 2.1966675 , 1.99194387, 1.8855514 , 1.81998253, 1.77524585,
1.74263392, 1.71773995, 1.69808466]
lnMrq
[[  8.98228596e+01,  8.74647387e+01,  8.68305656e+01,  8.58214505e+01,
8.44631763e+01,  8.22657357e+01,  7.12796119e+01,  0.00000000e+00],
[  8.15964611e+01,  7.92386774e+01,  7.86044793e+01,  7.75952498e+01,
7.62368198e+01,  7.40391651e+01,  6.41516507e+01,  0.00000000e+00],
[  7.33702392e+01,  7.10131391e+01,  7.03788899e+01,  6.93694324e+01,
6.80106801e+01,  6.58126031e+01,  5.70236895e+01,  0.00000000e+00],
[  6.51443737e+01,  6.27886690e+01,  6.21543139e+01,  6.11444033e+01,
5.97849739e+01,  5.75860754e+01,  4.98957283e+01,  0.00000000e+00],
[  5.69192304e+01,  5.45664051e+01,  5.39318271e+01,  5.29210183e+01,
5.15601340e+01,  4.93596850e+01,  4.27677671e+01,  0.00000000e+00],
[  4.86955617e+01,  4.63487748e+01,  4.57137175e+01,  4.47011335e+01,
4.33370266e+01,  4.11338435e+01,  3.56398059e+01,  0.00000000e+00],
[  4.04749351e+01,  3.81411284e+01,  3.75050090e+01,  3.64889149e+01,
3.51173964e+01,  3.29101925e+01,  2.85118447e+01,  0.00000000e+00],
[  3.22606893e+01,  2.99558423e+01,  2.93172540e+01,  2.82940996e+01,
2.69048444e+01,  2.46952246e+01,  2.13838836e+01,  0.00000000e+00],
[  2.40601831e+01,  2.18235568e+01,  2.11786703e+01,  2.01401947e+01,
1.87073585e+01,  1.65137716e+01,  1.42559230e+01,  0.00000000e+00],
[  1.58905754e+01,  1.38270655e+01,  1.31625081e+01,  1.20829386e+01,
1.05457143e+01,  8.44993125e+00,  7.12876386e+00,  0.00000000e+00],
[  7.79688034e+00,  6.21860012e+00,  5.46383181e+00,  4.24849524e+00,
2.56494936e+00,  1.09861229e+00,  6.93147181e-01,  0.00000000e+00],
[  0.00000000e+00, -1.11022302e-16,  2.22044605e-16,  2.22044605e-16,
0.00000000e+00,  0.00000000e+00,  0.00000000e+00,  0.00000000e+00],
[ -5.47638201e+00, -3.24997623e+00, -4.79323482e-01, -7.74032925e-02,
-1.01852255e-02, -2.67508248e-03, -1.60470645e-03,  0.00000000e+00],
[ -8.76998994e+00, -5.44199253e+00, -7.20200913e-01, -1.16154058e-01,
-1.52835784e-02, -4.01445138e-03, -2.40802637e-03,  0.00000000e+00],
[ -1.18821427e+01, -7.50669660e+00, -9.60274109e-01, -1.54872125e-01,
-2.03781108e-02, -5.35260350e-03, -3.21070251e-03,  0.00000000e+00],
[ -1.49650455e+01, -9.54441816e+00, -1.20034268e+00, -1.93590156e-01,
-2.54726385e-02, -6.69075438e-03, -4.01337814e-03,  0.00000000e+00],
[ -1.80309166e+01, -1.15703762e+01, -1.44041122e+00, -2.32308188e-01,
-3.05671663e-02, -8.02890525e-03, -4.81605377e-03,  0.00000000e+00],
[ -2.10845031e+01, -1.35884332e+01, -1.68047975e+00, -2.71026219e-01,
-3.56616940e-02, -9.36705613e-03, -5.61872940e-03,  0.00000000e+00],
[ -2.41291079e+01, -1.56001246e+01, -1.92054829e+00, -3.09744250e-01,
-4.07562217e-02, -1.07052070e-02, -6.42140503e-03,  0.00000000e+00],
[ -2.71672189e+01, -1.76063687e+01, -2.16061683e+00, -3.48462282e-01,
-4.58507494e-02, -1.20433579e-02, -7.22408066e-03,  0.00000000e+00],
[ -3.02006899e+01, -1.96078817e+01, -2.40068536e+00, -3.87180313e-01,
-5.09452771e-02, -1.33815088e-02, -8.02675628e-03,  0.00000000e+00]]


Fixed Size Genetic
logR
[-2.39789527,-1.70474809,-1.29928298,-1.01160091,-0.78845736,-0.6061358 ,
-0.45198512,-0.31845373,-0.2006707 ,-0.09531018, 0.        ]
IndexZero
10
Tq
[ -6.00230067, -5.84270955, -5.68315861, -5.52365913, -5.36417464,
-5.20445474, -5.04348782, -4.87797136, -4.69945091, -4.4923321 ,
-3.48180638,  0.        ,  2.75146262,  4.58035385,  5.97802957,
7.2636229 ,  8.49938257,  9.70449254, 10.88917754, 12.05999573,
13.22126559]
Dq
[ 0.5456637 , 0.58427095, 0.63146207, 0.69045739, 0.76631066, 0.86740912,
1.00869756, 1.21949284, 1.56648364, 2.24616605, 3.48180638, 3.31318571,
2.75146262, 2.29017693, 1.99267652, 1.81590572, 1.69987651, 1.61741542,
1.55559679, 1.50749947, 1.46902951]
lnMrq
[[  8.99128242e+01,  8.75300304e+01,  8.69366750e+01,  8.61060042e+01,
8.57080737e+01,  8.44611612e+01,  8.34691009e+01,  8.21826368e+01,
8.06568287e+01,  7.97400278e+01,  6.80607360e+01],
[  8.16864284e+01,  7.93039807e+01,  7.87105579e+01,  7.78798234e+01,
7.74818246e+01,  7.62350203e+01,  7.52429253e+01,  7.39563551e+01,
7.24308312e+01,  7.15134980e+01,  6.09327749e+01],
[  7.34602117e+01,  7.10784670e+01,  7.04849086e+01,  6.96540469e+01,
6.92559096e+01,  6.80093239e+01,  6.70171555e+01,  6.57303825e+01,
6.42054982e+01,  6.32870573e+01,  5.38048137e+01],
[  6.52343561e+01,  6.28540498e+01,  6.22602195e+01,  6.14291029e+01,
6.10306833e+01,  5.97845418e+01,  5.87922144e+01,  5.75050657e+01,
5.59816731e+01,  5.50608876e+01,  4.66768525e+01],
[  5.70092317e+01,  5.46319030e+01,  5.40375259e+01,  5.32059002e+01,
5.28068980e+01,  5.15616667e+01,  5.05689830e+01,  4.92811818e+01,
4.77614000e+01,  4.68355473e+01,  3.95488913e+01],
[  4.87855970e+01,  4.64145376e+01,  4.58190634e+01,  4.49864232e+01,
4.45861984e+01,  4.33428525e+01,  4.23493386e+01,  4.10605640e+01,
3.95498152e+01,  3.86127552e+01,  3.24209301e+01],
[  4.05650261e+01,  3.82075004e+01,  3.76098407e+01,  3.67751991e+01,
3.63723297e+01,  3.51329490e+01,  3.41374147e+01,  3.28478102e+01,
3.13600825e+01,  3.03978011e+01,  2.52929691e+01],
[  3.23508502e+01,  3.00235839e+01,  2.94216875e+01,  2.85832055e+01,
2.81743151e+01,  2.69434049e+01,  2.59427622e+01,  2.46552106e+01,
2.32251274e+01,  2.22066874e+01,  1.81650127e+01],
[  2.41503502e+01,  2.18939311e+01,  2.12845459e+01,  2.04392942e+01,
2.00154761e+01,  1.88025923e+01,  1.77888720e+01,  1.65168655e+01,
1.52171867e+01,  1.40845418e+01,  1.10372452e+01],
[  1.59803669e+01,  1.38994123e+01,  1.32807934e+01,  1.24266329e+01,
1.19608374e+01,  1.07820321e+01,  9.73681255e+00,  8.52270787e+00,
7.44701794e+00,  6.13602027e+00,  3.93555432e+00],
[  7.88426773e+00,  6.27810858e+00,  5.67414767e+00,  4.82454665e+00,
4.22420255e+00,  3.09738593e+00,  2.08193842e+00,  1.21491274e+00,
6.88134639e-01,  2.07014169e-01,  4.87901642e-02],
[  0.00000000e+00,  0.00000000e+00,  0.00000000e+00,  0.00000000e+00,
0.00000000e+00,  0.00000000e+00,  0.00000000e+00,  0.00000000e+00,
0.00000000e+00,  0.00000000e+00,  0.00000000e+00],
[ -7.05425778e+00, -3.35431610e+00, -1.89315166e+00, -6.81536611e-01,
-2.09186587e-01, -6.21433017e-02, -1.82276944e-02, -6.88021754e-03,
-6.10874369e-03, -2.89091793e-03, -6.40457018e-04],
[ -1.18694465e+01, -5.49210821e+00, -2.95136076e+00, -1.00953731e+00,
-3.04105965e-01, -9.24467977e-02, -2.70967677e-02, -1.02750862e-02,
-9.16473407e-03, -4.33840771e-03, -9.60839412e-04],
[ -1.53858096e+01, -7.37636887e+00, -3.82510332e+00, -1.27963324e+00,
-3.84976113e-01, -1.16530092e-01, -3.51074480e-02, -1.33137770e-02,
-1.11301879e-02, -5.44759749e-03, -1.26465642e-03],
[ -1.86177422e+01, -9.13290234e+00, -4.59671047e+00, -1.51936008e+00,
-4.58503309e-01, -1.37340392e-01, -4.26358997e-02, -1.61662184e-02,
-1.25491875e-02, -6.38753143e-03, -1.56022931e-03],
[ -2.17566196e+01, -1.07885863e+01, -5.29758579e+00, -1.73865655e+00,
-5.26899929e-01, -1.56190586e-01, -4.97674148e-02, -1.88747539e-02,
-1.36756115e-02, -7.20203085e-03, -1.84802970e-03],
[ -2.48523340e+01, -1.23625468e+01, -5.94633505e+00, -1.94270929e+00,
-5.91281540e-01, -1.73759417e-01, -5.65504653e-02, -2.14615297e-02,
-1.46365924e-02, -7.91298130e-03, -2.12829041e-03],
[ -2.79250634e+01, -1.38746926e+01, -6.55575344e+00, -2.13467153e+00,
-6.52349795e-01, -1.90427019e-01, -6.30243652e-02, -2.39433578e-02,
-1.55000972e-02, -8.53659957e-03, -2.40123089e-03],
[ -3.09844838e+01, -1.53430292e+01, -7.13502086e+00, -2.31665008e+00,
-7.10604941e-01, -2.06420050e-01, -6.92232537e-02, -2.63342311e-02,
-1.63044730e-02, -9.08627837e-03, -2.66706410e-03],
[ -3.40356165e+01, -1.67814635e+01, -7.69076298e+00, -2.49015335e+00,
-7.66429909e-01, -2.21881415e-01, -7.51770926e-02, -2.86459992e-02,
-1.70722325e-02, -9.57331730e-03, -2.92599685e-03]]
fitNessAverage
[ 0.41055014, 0.40978337, 0.40916629, 0.4088043 , 0.40839506, 0.40675518,
0.40640821, 0.40510534, 0.40411507, 0.404814  , 0.40763994, 0.40822582,
0.40840992, 0.40784823, 0.40960556, 0.41029384, 0.4103887 , 0.4097133 ,
0.41106521, 0.41185624, 0.41226355, 0.4111057 , 0.40977152, 0.40806652,
0.40689239, 0.40589563, 0.40618102, 0.40672714, 0.40655202, 0.4071844 ,
0.40580298]
fitNessMax
[ 0.43040412, 0.45114507, 0.44384269, 0.43589685, 0.44854403, 0.44854403,
0.44312407, 0.44406329, 0.45304459, 0.4619354 , 0.4619354 , 0.45395452,
0.452954  , 0.44115224, 0.44115224, 0.44488507, 0.43917393, 0.43917393,
0.43917393, 0.4565921 , 0.4565921 , 0.44922777, 0.43869241, 0.43869241,
0.43869241, 0.43281211, 0.43327332, 0.43281211, 0.43281211, 0.43415975,
0.43281211]
fitNessMin
[ 0.39701182, 0.38755927, 0.38755927, 0.38048576, 0.38048576, 0.37866619,
0.37658887, 0.37538559, 0.37348238, 0.37348238, 0.37348238, 0.37348238,
0.37541075, 0.37541075, 0.37919805, 0.38227979, 0.38304728, 0.37864539,
0.37864539, 0.37864539, 0.38152691, 0.38321238, 0.38272707, 0.36902969,
0.36902969, 0.36902969, 0.37768729, 0.37983903, 0.3727217 , 0.37871983,
0.37871983]


Genetic fixed size Simulated Annealing
logR
[-2.39789527,-1.70474809,-1.29928298,-1.01160091,-0.78845736,-0.6061358 ,
-0.45198512,-0.31845373,-0.2006707 ,-0.09531018, 0.        ]
IndexZero
10
Tq
[ -5.91600049, -5.75588934, -5.59566254, -5.4352995 , -5.27474652,
-5.11378736, -4.95156923, -4.78510555, -4.60578549, -4.39652486,
-3.44955434,  0.        ,  2.72068112,  4.56317122,  6.00973126,
7.32758181,  8.5844714 ,  9.80419339, 10.99810452, 12.17298146,
13.33363379]
Dq
[ 0.53781823, 0.57558893, 0.62174028, 0.67941244, 0.75353522, 0.85229789,
0.99031385, 1.19627639, 1.53526183, 2.19826243, 3.44955434, 3.29588445,
2.72068112, 2.28158561, 2.00324375, 1.83189545, 1.71689428, 1.63403223,
1.57115779, 1.52162268, 1.48151487]
lnMrq
[[  8.98925749e+01,  8.75327177e+01,  8.69547701e+01,  8.60798857e+01,
8.56893515e+01,  8.44016132e+01,  8.36089936e+01,  8.21828081e+01,
8.11870934e+01,  7.96065020e+01,  6.82950793e+01],
[  8.16661698e+01,  7.93066674e+01,  7.87286455e+01,  7.78537204e+01,
7.74631148e+01,  7.61755755e+01,  7.53828181e+01,  7.39566992e+01,
7.29607134e+01,  7.13799838e+01,  6.11708237e+01],
[  7.34399344e+01,  7.10811517e+01,  7.05029809e+01,  6.96279752e+01,
6.92372248e+01,  6.79500868e+01,  6.71570492e+01,  6.57310751e+01,
6.47345774e+01,  6.31535782e+01,  5.40477820e+01],
[  6.52140418e+01,  6.28567288e+01,  6.22782588e+01,  6.14030948e+01,
6.10120495e+01,  5.97257235e+01,  5.89321108e+01,  5.75064636e+01,
5.65090329e+01,  5.49275166e+01,  4.69263427e+01],
[  5.69888436e+01,  5.46345645e+01,  5.40554933e+01,  5.31800221e+01,
5.27883694e+01,  5.15036958e+01,  5.07088905e+01,  4.92840155e+01,
4.82849858e+01,  4.67025111e+01,  3.98070117e+01],
[  4.87650630e+01,  4.64171470e+01,  4.58368684e+01,  4.49608163e+01,
4.45678887e+01,  4.32866036e+01,  4.24892903e+01,  4.10663380e+01,
4.00648894e+01,  3.84807644e+01,  3.26904427e+01],
[  4.05442071e+01,  3.82099537e+01,  3.76272664e+01,  3.67501732e+01,
3.63544816e+01,  3.50802109e+01,  3.42775439e+01,  3.28596349e+01,
3.18555687e+01,  3.02690896e+01,  2.55774721e+01],
[  3.23294911e+01,  3.00255774e+01,  2.94381998e+01,  2.85594798e+01,
2.81574459e+01,  2.68977995e+01,  2.60836010e+01,  2.46794046e+01,
2.36760433e+01,  2.20881407e+01,  1.84691551e+01],
[  2.41280431e+01,  2.18946403e+01,  2.12988437e+01,  2.04186421e+01,
2.00005970e+01,  1.87710616e+01,  1.79324526e+01,  1.65650506e+01,
1.55762994e+01,  1.39953698e+01,  1.13668114e+01],
[  1.59567840e+01,  1.38970134e+01,  1.32900869e+01,  1.24134686e+01,
1.19488409e+01,  1.07755322e+01,  9.88993109e+00,  8.60845222e+00,
7.66393436e+00,  6.11544172e+00,  4.28584907e+00],
[  7.86142272e+00,  6.27098843e+00,  5.67562303e+00,  4.82663232e+00,
4.20752443e+00,  3.12763734e+00,  2.23751310e+00,  1.28923265e+00,
7.32367894e-01,  2.15111380e-01,  5.82689081e-02],
[  0.00000000e+00,  0.00000000e+00,  0.00000000e+00,  0.00000000e+00,
0.00000000e+00,  0.00000000e+00,  0.00000000e+00,  0.00000000e+00,
0.00000000e+00,  0.00000000e+00,  0.00000000e+00],
[ -6.92487225e+00, -3.39394947e+00, -1.88662370e+00, -6.80312209e-01,
-2.28352727e-01, -7.18270598e-02, -2.02904743e-02, -5.01791163e-03,
-1.61397879e-03, -3.52742988e-04, -1.01549341e-04],
[ -1.17470693e+01, -5.62468645e+00, -2.90693226e+00, -9.99668745e-01,
-3.34785804e-01, -1.07133878e-01, -3.02485657e-02, -7.51341839e-03,
-2.42051005e-03, -5.29105422e-04, -1.52327880e-04],
[ -1.53900381e+01, -7.62494106e+00, -3.71455188e+00, -1.25956117e+00,
-4.20805518e-01, -1.36210164e-01, -3.91486402e-02, -9.95371587e-03,
-3.22497571e-03, -7.05144752e-04, -2.03021864e-04],
[ -1.86812801e+01, -9.52365943e+00, -4.40288103e+00, -1.48965353e+00,
-4.95846295e-01, -1.61948748e-01, -4.74768057e-02, -1.23626202e-02,
-4.02826234e-03, -8.81019509e-04, -2.53674850e-04],
[ -2.18325286e+01, -1.13409615e+01, -5.01116305e+00, -1.70058332e+00,
-5.63675920e-01, -1.85415911e-01, -5.53749016e-02, -1.47420239e-02,
-4.83037660e-03, -1.05673001e-03, -3.04286907e-04],
[ -2.49174599e+01, -1.30802469e+01, -5.56154242e+00, -1.89765887e+00,
-6.26325355e-01, -2.07167949e-01, -6.29171682e-02, -1.70930469e-02,
-5.63132374e-03, -1.23227642e-03, -3.54858068e-04],
[ -2.79688547e+01, -1.47453450e+01, -6.06810594e+00, -2.08395715e+00,
-6.85035618e-01, -2.27561602e-01, -7.01562976e-02, -1.94167362e-02,
-6.43110893e-03, -1.40765889e-03, -4.05388363e-04],
[ -3.10024884e+01, -1.63444413e+01, -6.54070126e+00, -2.26144944e+00,
-7.40625351e-01, -2.46850726e-01, -7.71338028e-02, -2.17140944e-02,
-7.22973734e-03, -1.58287759e-03, -4.55877823e-04],
[ -3.40262363e+01, -1.78890353e+01, -6.98669364e+00, -2.43149855e+00,
-7.93665911e-01, -2.65225070e-01, -8.38834300e-02, -2.39860821e-02,
-8.02721408e-03, -1.75793267e-03, -5.06326482e-04]]


Execution time

Box Counting	Box Counting Fixed	SandBox	Genetic SandBox	Simulated SandBox	Genetic BCFS	Simulated BCFS
[ 53869.69946098, 54184.182899  ,  6615.0376811 , 30158.02327299,
21965.56330609, 28568.34934402, 21945.20465016, 47834.02867293,
22403.11603498]
Fractal dimension
3.10763668734
