BCAlgorithm
logR
[-2.63905733,-1.94591015,-1.54044504,-1.25276297,-1.02961942,-0.84729786,
-0.69314718,-0.55961579,-0.44183275,-0.33647224,-0.24116206,-0.15415068,
-0.07410797, 0.        ]
IndexZero
10
Tq
[ -3.59962610e+01, -3.26863896e+01, -2.93767884e+01, -2.60677361e+01,
-2.27598061e+01, -1.94541960e+01, -1.61534547e+01, -1.28631475e+01,
-9.59576873e+00, -6.37943116e+00, -3.22978787e+00, -1.89131072e-17,
1.90763697e+00,  3.02611092e+00,  4.05237808e+00,  5.06950780e+00,
6.08457497e+00,  7.09902923e+00,  8.11328956e+00,  9.12748719e+00,
1.01416643e+01]
Dq
[ 3.27238736, 3.26863896, 3.2640876 , 3.25846701, 3.25140087, 3.242366  ,
3.23069095, 3.21578688, 3.19858958, 3.18971558, 3.22978787, 2.69952952,
1.90763697, 1.51305546, 1.35079269, 1.26737695, 1.21691499, 1.18317154,
1.15904137, 1.1409359 , 1.12685159]
lnMrq
[[  8.26175153e+01,  8.11215783e+01,  8.08613255e+01,  7.96986193e+01,
7.93416849e+01,  7.83119063e+01,  7.78009470e+01,  7.71076369e+01,
7.60090246e+01,  0.00000000e+00,  0.00000000e+00,  0.00000000e+00,
0.00000000e+00,  0.00000000e+00],
[  7.50171040e+01,  7.35212489e+01,  7.32606973e+01,  7.20984394e+01,
7.17412406e+01,  7.07113043e+01,  7.02002077e+01,  6.95067344e+01,
6.84081221e+01,  0.00000000e+00,  0.00000000e+00,  0.00000000e+00,
0.00000000e+00,  0.00000000e+00],
[  6.74171858e+01,  6.59215069e+01,  6.56603513e+01,  6.44989966e+01,
6.41412592e+01,  6.31110110e+01,  6.25996326e+01,  6.19058320e+01,
6.08072197e+01,  0.00000000e+00,  0.00000000e+00,  0.00000000e+00,
0.00000000e+00,  0.00000000e+00],
[  5.98182569e+01,  5.83229698e+01,  5.80605860e+01,  5.69010576e+01,
5.65422130e+01,  5.55113530e+01,  5.49993887e+01,  5.43049295e+01,
5.32063172e+01,  0.00000000e+00,  0.00000000e+00,  0.00000000e+00,
0.00000000e+00,  0.00000000e+00],
[  5.22213145e+01,  5.07269336e+01,  5.04620353e+01,  4.93062153e+01,
4.89450658e+01,  4.79130235e+01,  4.73998195e+01,  4.67040272e+01,
4.56054148e+01,  0.00000000e+00,  0.00000000e+00,  0.00000000e+00,
0.00000000e+00,  0.00000000e+00],
[  4.46283611e+01,  4.31361835e+01,  4.28660879e+01,  4.17178337e+01,
4.13518046e+01,  4.03175430e+01,  3.98016534e+01,  3.91031261e+01,
3.80045123e+01,  0.00000000e+00,  0.00000000e+00,  0.00000000e+00,
0.00000000e+00,  0.00000000e+00],
[  3.70434050e+01,  3.55568957e+01,  3.52759407e+01,  3.41431731e+01,
3.37665996e+01,  3.27284121e+01,  3.22065407e+01,  3.15022425e+01,
3.04036098e+01,  0.00000000e+00,  0.00000000e+00,  0.00000000e+00,
0.00000000e+00,  0.00000000e+00],
[  2.94743918e+01,  2.80033297e+01,  2.76995102e+01,  2.65983040e+01,
2.61985068e+01,  2.51542912e+01,  2.46187722e+01,  2.39015928e+01,
2.28027074e+01,  0.00000000e+00,  0.00000000e+00,  0.00000000e+00,
0.00000000e+00,  0.00000000e+00],
[  2.19367290e+01,  2.05098100e+01,  2.01585567e+01,  1.91197500e+01,
1.86687639e+01,  1.76190555e+01,  1.70526789e+01,  1.63040836e+01,
1.52018052e+01,  0.00000000e+00,  0.00000000e+00,  0.00000000e+00,
0.00000000e+00,  0.00000000e+00],
[  1.44591511e+01,  1.31601947e+01,  1.27210282e+01,  1.17932024e+01,
1.12372574e+01,  1.02008728e+01,  9.57340009e+00,  8.74794271e+00,
7.60140258e+00,  0.00000000e+00,  0.00000000e+00,  0.00000000e+00,
0.00000000e+00,  0.00000000e+00],
[  7.09423485e+00,  6.14418563e+00,  5.61677110e+00,  4.84418709e+00,
4.15888308e+00,  3.25809654e+00,  2.56494936e+00,  1.79175947e+00,
6.93147181e-01,  0.00000000e+00,  0.00000000e+00,  0.00000000e+00,
0.00000000e+00,  0.00000000e+00],
[  0.00000000e+00,  2.22044605e-16,  2.22044605e-16, -7.77156117e-16,
-2.22044605e-16, -2.22044605e-16, -3.33066907e-16, -2.22044605e-16,
0.00000000e+00,  0.00000000e+00,  0.00000000e+00,  0.00000000e+00,
0.00000000e+00,  0.00000000e+00],
[ -5.58214023e+00, -3.02924769e+00, -1.56153624e+00, -7.57585440e-01,
-3.85082502e-01, -1.94481389e-01, -5.25672634e-02, -3.01324567e-02,
-9.99999833e-04,  0.00000000e+00,  0.00000000e+00,  0.00000000e+00,
0.00000000e+00,  0.00000000e+00],
[ -9.00986379e+00, -4.64352793e+00, -2.37142134e+00, -1.14988428e+00,
-5.82490666e-01, -2.94439037e-01, -7.90312445e-02, -4.53402668e-02,
-1.50037500e-03,  0.00000000e+00,  0.00000000e+00,  0.00000000e+00,
0.00000000e+00,  0.00000000e+00],
[ -1.20863378e+01, -6.19506572e+00, -3.16298814e+00, -1.53380279e+00,
-7.76764480e-01, -3.92655220e-01, -1.05375897e-01, -6.04545468e-02,
-2.00050017e-03,  0.00000000e+00,  0.00000000e+00,  0.00000000e+00,
0.00000000e+00,  0.00000000e+00],
[ -1.51252239e+01, -7.74405155e+00, -3.95379657e+00, -1.91729273e+00,
-9.70958574e-01, -4.90821183e-01, -1.31719877e-01, -7.55681890e-02,
-2.50062521e-03,  0.00000000e+00,  0.00000000e+00,  0.00000000e+00,
0.00000000e+00,  0.00000000e+00],
[ -1.81553027e+01, -9.29287843e+00, -4.74455982e+00, -2.30075399e+00,
-1.16515037e+00, -5.88985491e-01, -1.58063852e-01, -9.06818269e-02,
-3.00075025e-03,  0.00000000e+00,  0.00000000e+00,  0.00000000e+00,
0.00000000e+00,  0.00000000e+00],
[ -2.11827372e+01, -1.08416929e+01, -5.53532005e+00, -2.68421318e+00,
-1.35934211e+00, -6.87149741e-01, -1.84407827e-01, -1.05795465e-01,
-3.50087529e-03,  0.00000000e+00,  0.00000000e+00,  0.00000000e+00,
0.00000000e+00,  0.00000000e+00],
[ -2.42093329e+01, -1.23905063e+01, -6.32608007e+00, -3.06767222e+00,
-1.55353383e+00, -7.85313990e-01, -2.10751803e-01, -1.20909102e-01,
-4.00100033e-03,  0.00000000e+00,  0.00000000e+00,  0.00000000e+00,
0.00000000e+00,  0.00000000e+00],
[ -2.72356573e+01, -1.39393196e+01, -7.11684008e+00, -3.45113125e+00,
-1.74772556e+00, -8.83478239e-01, -2.37095778e-01, -1.36022740e-01,
-4.50112538e-03,  0.00000000e+00,  0.00000000e+00,  0.00000000e+00,
0.00000000e+00,  0.00000000e+00],
[ -3.02618927e+01, -1.54881329e+01, -7.90760009e+00, -3.83459028e+00,
-1.94191729e+00, -9.81642488e-01, -2.63439753e-01, -1.51136378e-01,
-5.00125042e-03,  0.00000000e+00,  0.00000000e+00,  0.00000000e+00,
0.00000000e+00,  0.00000000e+00]]
FSBCAlgorithm
logR
[-2.7080502 ,-2.01490302,-1.60943791,-1.32175584,-1.09861229,-0.91629073,
-0.76214005,-0.62860866,-0.51082562,-0.40546511,-0.31015493,-0.22314355,
-0.14310084,-0.06899287, 0.        ]
IndexZero
10
Tq
[ -3.16140531e+00, -3.16163730e+00, -3.16210374e+00, -3.16304318e+00,
-3.16493802e+00, -3.16875732e+00, -3.17639273e+00, -3.19117391e+00,
-3.21665201e+00, -3.23979863e+00, -2.75479189e+00, -1.11477904e-18,
2.59107547e+00,  4.53357710e+00,  5.93941909e+00,  7.11913969e+00,
8.20084207e+00,  9.23101807e+00,  1.02324750e+01,  1.12166065e+01,
1.21898724e+01]
Dq
[ 0.28740048, 0.31616373, 0.35134486, 0.3953804 , 0.452134  , 0.52812622,
0.63527855, 0.79779348, 1.07221734, 1.61989932, 2.75479189, 2.92620623,
2.59107547, 2.26678855, 1.97980636, 1.77978492, 1.64016841, 1.53850301,
1.46178214, 1.40207581, 1.35443027]
lnMrq
[[  8.26939597e+01,  8.11943161e+01,  8.08233131e+01,  7.99700411e+01,
7.96422169e+01,  7.90536994e+01,  7.87602938e+01,  7.81038906e+01,
7.76465484e+01,  7.67070290e+01,  7.63647360e+01,  7.59278172e+01,
7.53278063e+01,  7.45005628e+01,  7.36938608e+01],
[  7.50935220e+01,  7.35940239e+01,  7.32228155e+01,  7.23696716e+01,
7.20417996e+01,  7.14532503e+01,  7.11597774e+01,  7.05031568e+01,
7.00457778e+01,  6.91063716e+01,  6.87639734e+01,  6.83269201e+01,
6.77269050e+01,  6.68996611e+01,  6.60929587e+01],
[  6.74935515e+01,  6.59943555e+01,  6.56227324e+01,  6.47698466e+01,
6.44418782e+01,  6.38532616e+01,  6.35596535e+01,  6.29025969e+01,
6.24451426e+01,  6.15059637e+01,  6.11633568e+01,  6.07260346e+01,
6.01260070e+01,  5.92987617e+01,  5.84920579e+01],
[  5.98945198e+01,  5.83959630e+01,  5.80234981e+01,  5.71711350e+01,
5.68429711e+01,  5.62542094e+01,  5.59603291e+01,  5.53023968e+01,
5.48447864e+01,  5.39060640e+01,  5.35630446e+01,  5.31251854e+01,
5.25251231e+01,  5.16978731e+01,  5.08911639e+01],
[  5.22973779e+01,  5.08002081e+01,  5.04260251e+01,  4.95747258e+01,
4.92461627e+01,  4.86570834e+01,  4.83626521e+01,  4.77029593e+01,
4.72450182e+01,  4.63072123e+01,  4.59633814e+01,  4.55244542e+01,
4.49242973e+01,  4.40970328e+01,  4.32903047e+01],
[  4.47040453e+01,  4.32099959e+01,  4.28322818e+01,  4.19831632e+01,
4.16537756e+01,  4.10639910e+01,  4.07684370e+01,  4.01052069e+01,
3.96465397e+01,  3.87105688e+01,  3.83651533e+01,  3.79241162e+01,
3.73237155e+01,  3.64964153e+01,  3.56896245e+01],
[  3.71183959e+01,  3.56317056e+01,  3.52466962e+01,  3.44020893e+01,
3.40709663e+01,  3.34796096e+01,  3.31817412e+01,  3.25114471e+01,
3.20511038e+01,  3.11187861e+01,  3.07703016e+01,  3.03251458e+01,
2.97241735e+01,  2.88968444e+01,  2.80898699e+01],
[  2.95482087e+01,  2.80798966e+01,  2.76799014e+01,  2.68447400e+01,
2.65098610e+01,  2.59150466e+01,  2.56123077e+01,  2.49282617e+01,
2.44637982e+01,  2.35387242e+01,  2.31842980e+01,  2.27312094e+01,
2.21291618e+01,  2.13022938e+01,  2.04949145e+01],
[  2.20088562e+01,  2.05892494e+01,  2.01600563e+01,  1.93451054e+01,
1.90018406e+01,  1.83997485e+01,  1.80863213e+01,  1.73778731e+01,
1.69027173e+01,  1.59924165e+01,  1.56260070e+01,  1.51574459e+01,
1.45546270e+01,  1.37323480e+01,  1.29247688e+01],
[  1.45296270e+01,  1.32444251e+01,  1.27717877e+01,  1.20039101e+01,
1.16425287e+01,  1.10271409e+01,  1.06878953e+01,  9.95010983e+00,
9.44841725e+00,  8.57458619e+00,  8.17964025e+00,  7.67740274e+00,
7.07991832e+00,  6.28579280e+00,  5.48206372e+00],
[  7.16298492e+00,  6.24307747e+00,  5.79164758e+00,  5.17269745e+00,
4.79851617e+00,  4.19852438e+00,  3.80372485e+00,  3.12594880e+00,
2.62063874e+00,  1.96020041e+00,  1.56402205e+00,  1.13430113e+00,
7.64187954e-01,  4.35509229e-01,  2.11273379e-01],
[  0.00000000e+00,  0.00000000e+00,  0.00000000e+00,  0.00000000e+00,
0.00000000e+00,  0.00000000e+00, -1.11022302e-16,  0.00000000e+00,
0.00000000e+00,  0.00000000e+00,  0.00000000e+00,  0.00000000e+00,
0.00000000e+00,  0.00000000e+00,  0.00000000e+00],
[ -6.74520922e+00, -4.81943816e+00, -3.59853553e+00, -2.52536828e+00,
-1.75789283e+00, -1.15204616e+00, -7.46962246e-01, -4.73064665e-01,
-2.92707270e-01, -1.72797508e-01, -9.37977279e-02, -4.52699216e-02,
-1.89263385e-02, -6.78947743e-03, -2.05599361e-03],
[ -1.22599325e+01, -8.29009504e+00, -5.74624771e+00, -3.90173255e+00,
-2.65111829e+00, -1.74355457e+00, -1.13059882e+00, -7.19679517e-01,
-4.45563223e-01, -2.62383803e-01, -1.41725468e-01, -6.81537880e-02,
-2.84155018e-02, -1.01833399e-02, -3.08248212e-03],
[ -1.60082193e+01, -1.10700854e+01, -7.44986434e+00, -4.96237641e+00,
-3.33977466e+00, -2.20381447e+00, -1.43555670e+00, -9.16616465e-01,
-5.67796511e-01, -3.33787220e-01, -1.80137492e-01, -8.69303162e-02,
-3.65393289e-02, -1.32412326e-02, -4.05213768e-03],
[ -1.91488513e+01, -1.33401940e+01, -8.96454792e+00, -5.89350449e+00,
-3.93440919e+00, -2.60215861e+00, -1.70236437e+00, -1.08934728e+00,
-6.74726515e-01, -3.96002638e-01, -2.13742107e-01, -1.03641525e-01,
-4.39763010e-02, -1.61298901e-02, -4.99286974e-03],
[ -2.21619357e+01, -1.52247273e+01, -1.03268174e+01, -6.75344150e+00,
-4.47119520e+00, -2.96154459e+00, -1.94429828e+00, -1.24606344e+00,
-7.71414026e-01, -4.52070330e-01, -2.44135669e-01, -1.18936152e-01,
-5.09109862e-02, -1.88840513e-02, -5.90828672e-03],
[ -2.51372598e+01, -1.69122797e+01, -1.15348068e+01, -7.56498527e+00,
-4.96806627e+00, -3.29306069e+00, -2.16786123e+00, -1.39073677e+00,
-8.60372045e-01, -5.03527987e-01, -2.72121282e-01, -1.33139479e-01,
-5.74358167e-02, -2.15210808e-02, -6.80020077e-03],
[ -2.80982858e+01, -1.85206069e+01, -1.26005475e+01, -8.33686645e+00,
-5.43582434e+00, -3.60321145e+00, -2.37695883e+00, -1.52576790e+00,
-9.43128062e-01, -5.51313949e-01, -2.98183243e-01, -1.46453382e-01,
-6.36119880e-02, -2.40534588e-02, -7.67008400e-03],
[ -3.10531067e+01, -2.00974002e+01, -1.35572707e+01, -9.07117550e+00,
-5.88155352e+00, -3.89624672e+00, -2.57420605e+00, -1.65278728e+00,
-1.02071736e+00, -5.96061837e-01, -3.22645598e-01, -1.59017862e-01,
-6.94851084e-02, -2.64912363e-02, -8.51923935e-03],
[ -3.40049370e+01, -2.16602450e+01, -1.44430531e+01, -9.76686495e+00,
-6.31006871e+00, -4.17514237e+00, -2.76147388e+00, -1.77298039e+00,
-1.09389106e+00, -6.38228188e-01, -3.45740987e-01, -1.70936538e-01,
-7.50911467e-02, -2.88428557e-02, -9.34883933e-03]]

SBAlgorithm
logR
[-2.48490665,-1.79175947,-1.38629436,-1.09861229,-0.87546874,-0.69314718,
-0.5389965 ,-0.40546511,-0.28768207,-0.18232156,-0.08701138, 0.        ]
IndexZero
10
Tq
[-29.74966806,-27.28450668,-24.81296576,-22.3309734 ,-19.83140692,
-17.29957176,-14.70921626,-12.02460985, -9.20136505, -6.21019536,
-3.08467651,  0.        ,  2.74642762,  4.95083777,  6.59032379,
7.97600911,  9.26648908, 10.51131979, 11.73088314, 12.93546423,
14.13095284]
Dq
[ 2.70451528, 2.72845067, 2.7569962 , 2.79137168, 2.83305813, 2.88326196,
2.94184325, 3.00615246, 3.06712168, 3.10509768, 3.08467651, 2.96244176,
2.74642762, 2.47541888, 2.1967746 , 1.99400228, 1.85329782, 1.75188663,
1.67584045, 1.61693303, 1.57010587]
lnMrq
[[ -8.02043554,-14.03441047,-19.14628657,-24.24599331,-31.27013705,
-39.27100428,-46.53774764,-55.67200638,-61.7550201 ,-66.82014893,
-72.27113153,-78.09882591],
[ -7.32580856,-12.92238737,-17.72005147,-22.50916112,-28.95715663,
-36.22999005,-42.91203885,-51.18346311,-56.72469946,-61.34688884,
-66.30783723,-71.54627386],
[ -6.63041854,-11.80547981,-16.28160454,-20.75393073,-26.62821082,
-33.17759497,-39.27716343,-46.68458621,-51.6839165 ,-55.86531945,
-60.33719188,-64.95155112],
[ -5.9338602 ,-10.68174798,-14.82674466,-18.97521878,-24.27686624,
-30.11010381,-35.62859503,-42.16969509,-46.62744283,-50.37117822,
-54.35187902,-58.29345422],
[ -5.2355006 , -9.54834684,-13.34958726,-17.16570285,-21.89348134,
-27.02181378,-31.95883839,-37.62929907,-41.54661459,-44.85669956,
-48.33473442,-51.54069503],
[ -4.5343374 , -8.40097848,-11.84172616,-15.31423893,-19.46379348,
-23.90333668,-28.25473731,-33.04749473,-36.42638973,-39.30574015,
-42.24470262,-44.63581757],
[ -3.82875232, -7.23288732,-10.29078361,-13.40291676,-16.96705105,
-20.7378586 ,-24.49130728,-28.3974742 ,-31.23864371,-33.67815708,
-35.99022175,-37.50604078],
[ -3.11605932, -6.03288665, -8.67759486,-11.40155465,-14.37256632,
-17.4921233 ,-20.61684926,-23.63208223,-25.92279632,-27.86105177,
-29.4054381 ,-30.15486362],
[ -2.39161168, -4.78118498, -6.96985556, -9.25674733,-11.6280818 ,
-14.09239239,-16.51899346,-18.65382494,-20.32492995,-21.60015616,
-22.36634465,-22.67218658],
[ -1.64683359, -3.43963793, -5.10480405, -6.86407425, -8.61066624,
-10.3544225 ,-11.95638486,-13.21821186,-14.13865845,-14.71683866,
-15.00973002,-15.13307563],
[ -0.86412917, -1.92397621, -2.92966653, -3.97351689, -4.95544296,
-5.8185386 , -6.495336  , -6.95980591, -7.25843583, -7.43371645,
-7.52688668, -7.57147443],
[  0.        ,  0.        ,  0.        ,  0.        ,  0.        ,
0.        ,  0.        ,  0.        ,  0.        ,  0.        ,
0.        ,  0.        ],
[  1.09949961,  2.91539142,  4.3500685 ,  5.39812051,  6.15158056,
6.67393019,  7.02319217,  7.24961413,  7.39526396,  7.48830957,
7.54520922,  7.57661317],
[  3.1192403 ,  7.05638272,  9.78598673, 11.59657912, 12.82723491,
13.66602428, 14.23017979, 14.60105734, 14.84333514, 15.00107366,
15.10006107, 15.15638376],
[  6.69548647, 11.91359421, 15.65698232, 18.10907936, 19.71431819,
20.78809595, 21.51385021, 21.99757815, 22.31729187, 22.52742848,
22.66096689, 22.73834907],
[ 10.89920675, 17.22450095, 21.7253167 , 24.76653409, 26.70811264,
27.9797104 , 28.8399592 , 29.41991564, 29.80689792, 30.06260376,
30.22612392, 30.32196831],
[ 15.25021391, 22.82575588, 27.93148892, 31.50572526, 33.76645735,
35.21562474, 36.19422214, 36.8597941 , 37.30738475, 37.60412696,
37.79448753, 37.90690042],
[ 19.64819158, 28.57739201, 34.26183831, 38.29848909, 40.86835721,
42.48268464, 43.56913216, 44.3128493 , 44.81613031, 45.15054399,
45.36539043, 45.49291166],
[ 24.06573536, 34.40172448, 40.70250854, 45.13168944, 48.00161342,
49.77305466, 50.96010356, 51.77641221, 52.33150619, 52.70091426,
52.93837592, 53.0798323 ],
[ 28.49267154, 40.26166274, 47.23023079, 51.99964613, 55.15840382,
57.08166565, 58.36405803, 59.24867669, 59.85240785, 60.25458398,
60.51311492, 60.66753385],
[ 32.92451427, 46.13962395, 53.82000747, 58.90034723, 62.33342621,
64.40503862, 65.77879678, 66.72833331, 67.3780358 , 67.81107331,
68.08936048, 68.25591598]]


SandBox Genetic
logR
[-2.7080502 ,-2.01490302,-1.60943791,-1.32175584,-1.09861229,-0.91629073,
-0.76214005,-0.62860866,-0.51082562,-0.40546511,-0.31015493,-0.22314355,
-0.14310084,-0.06899287, 0.        ]
IndexZero
10
Tq
[-32.30876161,-29.46041166,-26.60321104,-23.73503712,-20.85465433,
-17.95777409,-15.03309751,-12.06495581, -9.03571021, -5.95005245,
-2.88019172,  0.        ,  2.46922161,  4.37980502,  5.74003243,
6.87337126,  7.92212533,  8.93036685,  9.91578799, 10.88710413,
11.84939591]
Dq
[ 2.93716015, 2.94604117, 2.95591234, 2.96687964, 2.97923633, 2.99296235,
3.0066195 , 3.01623895, 3.0119034 , 2.97502623, 2.88019172, 2.7066172 ,
2.46922161, 2.18990251, 1.91334414, 1.71834282, 1.58442507, 1.48839447,
1.41654114, 1.36088802, 1.31659955]
lnMrq
[[ -8.02825653,-14.0913171 ,-19.18608293,-24.31856562,-30.59575196,
-38.80207992,-49.31488577,-55.23888499,-60.59026702,-65.43046925,
-70.12919024,-75.93949795,-81.57654282,-83.48653428,-83.59429966],
[ -7.33369694,-12.97892916,-17.7603746 ,-22.62204388,-28.33667605,
-35.81210578,-45.3543864 ,-50.78101025,-55.64722025,-60.07391341,
-64.38007446,-69.66186816,-74.60219362,-75.91620247,-75.99538082],
[ -6.63840401,-11.86151163,-16.32247248,-20.90158154,-26.06618797,
-32.81263825,-41.37984162,-46.31321232,-50.69948795,-54.71076069,
-58.62697939,-63.37600652,-67.50666897,-68.33766292,-68.3963012 ],
[ -5.94198311,-10.73706062,-14.86813591,-19.14996044,-23.77949277,
-29.79970457,-37.38648172,-41.83017803,-45.74383547,-49.33861109,
-52.86681866,-57.06766419,-60.26589398,-60.75333704,-60.79708185],
[ -5.24381266, -9.60263515,-13.39140469,-17.35744615,-21.46870032,
-26.76700037,-33.36734877,-37.32311517,-40.77416327,-43.95305199,
-47.09255253,-50.69518967,-52.89159707,-53.16495966,-53.19774078],
[ -4.54289794, -8.45379152,-11.88371323,-15.51041498,-19.12071939,
-23.70410061,-29.31201594,-32.77745633,-35.7784962 ,-38.54432925,
-41.2834633 ,-44.15527639,-45.4213392 ,-45.5737507 ,-45.59829342],
[ -3.83761258, -7.2835488 ,-10.33232468,-13.58877217,-16.71396523,
-20.59279731,-25.20375582,-28.1688356 ,-30.73185279,-33.0851085 ,
-35.36656385,-37.29598316,-37.89355624,-37.98055784,-37.998753  ],
[ -3.12521793, -6.0803636 , -8.71727426,-11.5610782 ,-14.21297902,
-17.39856432,-21.01175273,-23.45390462,-25.57544322,-27.48084077,
-29.12305281,-30.08267252,-30.33477103,-30.38596607,-30.39913083],
[ -2.40090441, -4.82385448, -7.00464086, -9.37464925,-11.55512006,
-14.04671438,-16.66621813,-18.53825428,-20.14665715,-21.44627592,
-22.28742822,-22.65045026,-22.76002185,-22.79037782,-22.79943667],
[ -1.65567166, -3.47478648, -5.12906967, -6.92898307, -8.59804517,
-10.34551839,-11.97396093,-13.16764461,-14.08623415,-14.68288694,
-14.99328567,-15.12685929,-15.17706656,-15.19406991,-15.19967885],
[ -0.87086147, -1.94639082, -2.93696081, -3.98542738, -4.9509915 ,
-5.81287889, -6.48531756, -6.945908  , -7.24831358, -7.42765292,
-7.52367281, -7.56989357, -7.58975796, -7.59723321, -7.59986457],
[  0.        ,  0.        ,  0.        ,  0.        ,  0.        ,
0.        ,  0.        ,  0.        ,  0.        ,  0.        ,
0.        ,  0.        ,  0.        ,  0.        ,  0.        ],
[  1.12835426,  2.93886239,  4.3417327 ,  5.3757369 ,  6.12551909,
6.65181074,  7.00771672,  7.24005711,  7.38953424,  7.48496577,
7.54357311,  7.57584345,  7.59124941,  7.59753737,  7.59990951],
[  3.33999083,  7.12055114,  9.79202729, 11.57754449, 12.7944614 ,
13.63183306, 14.2036331 , 14.58400011, 14.83286811, 14.99474981,
15.09696806, 15.15504636, 15.18349005, 15.19531379, 15.19985937],
[  7.29165749, 12.1152438 , 15.69524629, 18.10460411, 19.68640007,
20.75038271, 21.4807526 , 21.97483748, 22.30286191, 22.51836518,
22.65642165, 22.73648653, 22.77644588, 22.79328275, 22.79984558],
[ 11.81192737, 17.65710511, 21.81924993, 24.77738991, 26.68795012,
27.94252718, 28.80332437, 29.39292613, 29.78914612, 30.05106634,
30.2201362 , 30.31958323, 30.36995359, 30.39141054, 30.3998647 ],
[ 16.43595162, 23.50642385, 28.1143703 , 31.53312579, 33.75387677,
35.18075202, 36.15595052, 36.82967897, 37.28681986, 37.59037555,
37.78708796, 37.90398642, 37.96390892, 37.98967229, 37.99991372],
[ 21.08876391, 29.48099528, 34.56660246, 38.34644386, 40.86238081,
42.450832  , 43.53043317, 44.28050203, 44.79316411, 45.13481436,
45.35662526, 45.48946116, 45.5582402 , 45.58804925, 45.59999002],
[ 25.75245901, 35.50137811, 41.15052733, 45.20691438, 48.00128385,
49.74438419, 50.92176041, 51.74254786, 52.30648542, 52.68341262,
52.92830132, 53.07583844, 53.1528949 , 53.18652701, 53.20009134],
[ 30.42090824, 41.53995632, 47.82840161, 52.1109384 , 55.16307929,
57.05604098, 58.32658323, 59.21386706, 59.82563415, 60.2354884 ,
60.50179272, 60.66299101, 60.74783262, 60.78509423, 60.80021565],
[ 35.09158512, 47.58702134, 54.56494345, 59.05772342, 62.34286727,
64.38215787, 65.74252365, 66.69303471, 67.3497766 , 67.7905375 ,
68.0768551 , 68.25081997, 68.34302104, 68.38374181, 68.40036122]]
fitNessAverage
[ 0.83213128, 0.83041617, 0.83144363, 0.83218883, 0.8314815 , 0.84390245,
0.84957108, 0.84923409, 0.84672259, 0.84325012, 0.84204653, 0.84090708,
0.83951336, 0.83757171, 0.83605246, 0.83440285, 0.84089542, 0.84385792,
0.84779599, 0.84863758, 0.85005283, 0.85051631, 0.85138761, 0.84902145,
0.84961847, 0.85017426, 0.8522818 ]
fitNessMax
[ 0.8632885 , 0.88729167, 0.89002753, 0.88539773, 0.88490648, 0.91338802,
0.91338802, 0.91338802, 0.91338802, 0.91338802, 0.91338802, 0.91338802,
0.91338802, 0.89360032, 0.89360032, 0.88563084, 0.88563084, 0.89574203,
0.88612462, 0.88557128, 0.88328028, 0.88328028, 0.88377959, 0.88108064,
0.88810361, 0.89502364, 0.89502364]
fitNessMin
[ 0.79933747, 0.78479508, 0.77880042, 0.78479508, 0.78479508, 0.79055748,
0.79055748, 0.79055748, 0.79055748, 0.79055748, 0.79055748, 0.79588588,
0.79588588, 0.78859151, 0.77121562, 0.77121562, 0.77121562, 0.78439999,
0.78439999, 0.78439999, 0.78439999, 0.78463224, 0.78463224, 0.78463224,
0.78463224, 0.78463224, 0.78463224]


SandBox Simulated Annealing
logR
[-2.63905733,-1.94591015,-1.54044504,-1.25276297,-1.02961942,-0.84729786,
-0.69314718,-0.55961579,-0.44183275,-0.33647224,-0.24116206,-0.15415068,
-0.07410797, 0.        ]
IndexZero
10
Tq
[-31.61589503,-28.88564031,-26.14292238,-23.38489396,-20.60924467,
-17.80946059,-14.97140974,-12.07691005, -9.10328475, -6.04056824,
-2.94400167,  0.        ,  2.53082897,  4.4919469 ,  5.92838682,
7.13006707,  8.23590203,  9.29454896, 10.32693731, 11.34332247,
12.34957134]
Dq
[ 2.87417228, 2.88856403, 2.90476915, 2.92311174, 2.94417781, 2.96824343,
2.99428195, 3.01922751, 3.03442825, 3.02028412, 2.94400167, 2.77585911,
2.53082897, 2.24597345, 1.97612894, 1.78251677, 1.64718041, 1.54909149,
1.47527676, 1.41791531, 1.37217459]
lnMrq
[[ -8.07298456,-14.04255414,-19.34874719,-24.34273535,-31.56644822,
-39.4776614 ,-47.99037695,-54.63779862,-60.6759812 ,-65.53489901,
-70.24717621,-76.05753475,-81.66132837,-83.4915718 ],
[ -7.37823765,-12.93061112,-17.91811093,-22.63681018,-29.21895083,
-36.4015475 ,-44.20837443,-50.2199105 ,-55.72126396,-60.16943647,
-64.49393168,-69.77562968,-74.66704059,-75.91929041],
[ -6.68266281,-11.81386652,-16.47389779,-20.90959758,-26.85642357,
-33.31273772,-40.4140602 ,-45.79576467,-50.75847245,-54.79365028,
-58.73396986,-63.48232686,-67.54858991,-68.33951145],
[ -5.98581759,-10.69043887,-15.01144295,-19.15570863,-24.47263188,
-30.20816635,-36.6020833 ,-41.36171555,-45.78367257,-49.40386894,
-52.96250894,-57.16090662,-60.28761397,-60.75442505],
[ -5.28700866, -9.55757273,-13.52424049,-17.36734072,-22.05833042,
-27.08321095,-32.7637766 ,-36.91116683,-40.79033824,-43.99429534,
-47.16998079,-50.76604827,-52.90010611,-53.16559779],
[ -4.58513404, -8.4110982 ,-12.00308552,-15.53215358,-19.59986208,
-23.93028241,-28.88477463,-32.43200477,-35.76706469,-38.55423943,
-41.33251842,-44.19369573,-45.42338182,-45.57413252],
[ -3.87840716, -7.24441982,-10.43467494,-13.62920001,-17.07716579,
-20.73560483,-24.94069822,-27.90162162,-30.69216642,-33.05802247,
-35.37690204,-37.30483287,-37.89328507,-37.98079826],
[ -3.1638474 , -6.04649015, -8.79903881,-11.62191829,-14.45998937,
-17.47098213,-20.8883435 ,-23.27597309,-25.51666659,-27.4233426 ,
-29.10214998,-30.07985092,-30.33407454,-30.38612863],
[ -2.43625613, -4.79744568, -7.0638339 , -9.44725667,-11.69564866,
-14.06983678,-16.64271314,-18.45552079,-20.09862505,-21.39807567,
-22.26974066,-22.64765939,-22.75952831,-22.79049352],
[ -1.68587782, -3.45827217, -5.16801759, -6.99412572, -8.65865427,
-10.35043595,-12.00010719,-13.16613397,-14.08057176,-14.67323524,
-14.98932395,-15.12603352,-15.17685633,-15.19414978],
[ -0.8919768 , -1.9412041 , -2.96172365, -4.02512418, -4.97826775,
-5.82818709, -6.51115007, -6.96428444, -7.25797613, -7.43110887,
-7.52450476, -7.5700031 , -7.58972396, -7.59727662],
[  0.        ,  0.        ,  0.        ,  0.        ,  0.        ,
0.        ,  0.        ,  0.        ,  0.        ,  0.        ,
0.        ,  0.        ,  0.        ,  0.        ],
[  1.19240617,  2.9713115 ,  4.38178702,  5.41770652,  6.16312707,
6.68097596,  7.02888604,  7.2554047 ,  7.40034514,  7.49135913,
7.54624826,  7.57656067,  7.59133896,  7.59759073],
[  3.46620454,  7.20456618,  9.85052045, 11.63247356, 12.84893377,
13.67851895, 14.23851938, 14.60948676, 14.8517913 , 15.00705823,
15.1026906 , 15.1567694 , 15.18376123, 15.19543139],
[  7.30479163, 12.19465846, 15.76166367, 18.16059231, 19.74512111,
20.80646847, 21.52500817, 22.00787925, 22.32798716, 22.53570547,
22.66511762, 22.73932945, 22.77696149, 22.79347522],
[ 11.7456258 , 17.6769984 , 21.88387046, 24.83417896, 26.74672117,
28.00382795, 28.85443141, 29.43212313, 29.81934769, 30.07268717,
30.23162102, 30.32357542, 30.37075352, 30.39168759],
[ 16.33624455, 23.46657058, 28.16280165, 31.59149918, 33.81213462,
35.24497168, 36.21230232, 36.87409217, 37.32140524, 37.61569671,
37.8011639 , 37.90911951, 37.96501651, 37.99004239],
[ 20.97520887, 29.40328561, 34.5856032 , 38.40571953, 40.92087343,
42.51671972, 43.5909117 , 44.32941116, 44.83165948, 45.16339073,
45.37310657, 45.49571162, 45.55966749, 45.58851955],
[ 25.63301792, 35.40266061, 41.13488282, 45.26484877, 48.06105584,
49.81136195, 50.9855408 , 51.795369  , 52.34852871, 52.71489745,
52.94701884, 53.08317777, 53.15464657, 53.18710334],
[ 30.29890863, 41.4298435 , 47.7813136 , 52.16411455, 55.22506635,
57.12397976, 58.39303863, 59.27011596, 59.87092511, 60.26960548,
60.52259323, 60.67139013, 60.7499087 , 60.7857812 ],
[ 34.96845488, 47.47069515, 54.49348926, 59.10212062, 62.40776346,
64.45122285, 65.81117562, 66.752304  , 67.39805418, 67.82706149,
68.0995996 , 68.26025082, 68.34541883, 68.3845429 ]]



BoxCounting Genetic
logR
[-2.7080502 ,-2.01490302,-1.60943791,-1.32175584,-1.09861229,-0.91629073,
-0.76214005,-0.62860866,-0.51082562,-0.40546511,-0.31015493,-0.22314355,
-0.14310084,-0.06899287, 0.        ]
IndexZero
10
Tq
[ -3.13003250e+00, -3.13026094e+00, -3.13072034e+00, -3.13164600e+00,
-3.13351439e+00, -3.13728583e+00, -3.14485109e+00, -3.15962846e+00,
-3.18583477e+00, -3.21414158e+00, -2.75324762e+00, -3.96129618e-18,
2.58850197e+00,  4.52638954e+00,  5.96170261e+00,  7.20614735e+00,
8.38126168e+00,  9.52268539e+00,  1.06467212e+01,  1.17616988e+01,
1.28718215e+01]
Dq
[ 0.28454841, 0.31302609, 0.34785782, 0.39145575, 0.44764491, 0.52288097,
0.62897022, 0.78990711, 1.06194492, 1.60707079, 2.75324762, 2.92416583,
2.58850197, 2.26319477, 1.9872342 , 1.80153684, 1.67625234, 1.58711423,
1.52096017, 1.47021235, 1.43020239]
lnMrq
[[  8.26874422e+01,  8.11929637e+01,  8.08219386e+01,  7.99771898e+01,
7.96452346e+01,  7.90606616e+01,  7.87274302e+01,  7.81242543e+01,
7.76654742e+01,  7.67172936e+01,  7.63806984e+01,  7.57858838e+01,
7.53356804e+01,  7.46996916e+01,  7.38887611e+01],
[  7.50869941e+01,  7.35926518e+01,  7.32214453e+01,  7.23768113e+01,
7.20448050e+01,  7.14602320e+01,  7.11269360e+01,  7.05235338e+01,
7.00647013e+01,  6.91166268e+01,  6.87799087e+01,  6.81849872e+01,
6.77347792e+01,  6.70987900e+01,  6.62878589e+01],
[  6.74870029e+01,  6.59929447e+01,  6.56213709e+01,  6.47769684e+01,
6.44448594e+01,  6.38602814e+01,  6.35268567e+01,  6.29230000e+01,
6.24640614e+01,  6.15162003e+01,  6.11792368e+01,  6.05841031e+01,
6.01338816e+01,  5.94978911e+01,  5.86869576e+01],
[  5.98879306e+01,  5.83944755e+01,  5.80221545e+01,  5.71782213e+01,
5.68459043e+01,  5.62613026e+01,  5.59276223e+01,  5.53228516e+01,
5.48636957e+01,  5.39162650e+01,  5.35788118e+01,  5.29832593e+01,
5.25329990e+01,  5.18970038e+01,  5.10860610e+01],
[  5.22907093e+01,  5.07985705e+01,  5.04247183e+01,  4.95817415e+01,
4.92490019e+01,  4.86643138e+01,  4.83301278e+01,  4.77235156e+01,
4.72639076e+01,  4.63173457e+01,  4.59789170e+01,  4.53825483e+01,
4.49321785e+01,  4.42961661e+01,  4.34851886e+01],
[  4.46972243e+01,  4.32080677e+01,  4.28310506e+01,  4.19900392e+01,
4.16564340e+01,  4.10714664e+01,  4.07362843e+01,  4.01259598e+01,
3.96653851e+01,  3.87205777e+01,  3.83802110e+01,  3.77822893e+01,
3.73316162e+01,  3.66955439e+01,  3.58844409e+01],
[  3.71112924e+01,  3.56292271e+01,  3.52456184e+01,  3.44086892e+01,
3.40732920e+01,  3.34874802e+01,  3.31503488e+01,  3.25325731e+01,
3.20698400e+01,  3.11285791e+01,  3.07843812e+01,  3.01836313e+01,
2.97321413e+01,  2.90958776e+01,  2.82843393e+01],
[  2.95406176e+01,  2.80764164e+01,  2.76791185e+01,  2.68507899e+01,
2.65116340e+01,  2.59234056e+01,  2.55824804e+01,  2.49500696e+01,
2.44822032e+01,  2.35481971e+01,  2.31964780e+01,  2.25909482e+01,
2.21373241e+01,  2.15005538e+01,  2.06876018e+01],
[  2.20005519e+01,  2.05841009e+01,  2.01597520e+01,  1.93500258e+01,
1.90029369e+01,  1.84081443e+01,  1.80597499e+01,  1.74008368e+01,
1.69198756e+01,  1.60017407e+01,  1.56352155e+01,  1.50222173e+01,
1.45630214e+01,  1.39255160e+01,  1.31084536e+01],
[  1.45207324e+01,  1.32371223e+01,  1.27718611e+01,  1.20064520e+01,
1.16436221e+01,  1.10330021e+01,  1.06683174e+01,  9.97473513e+00,
9.46072534e+00,  8.58604749e+00,  8.18771342e+00,  7.56151997e+00,
7.08511099e+00,  6.44949106e+00,  5.62408183e+00],
[  7.15524016e+00,  6.23539064e+00,  5.79127429e+00,  5.17173321e+00,
4.80106586e+00,  4.19464228e+00,  3.79728533e+00,  3.15145315e+00,
2.62466859e+00,  1.97408103e+00,  1.56861592e+00,  1.08856195e+00,
7.46687947e-01,  4.51075619e-01,  2.15111380e-01],
[  0.00000000e+00,  0.00000000e+00,  0.00000000e+00,  0.00000000e+00,
0.00000000e+00,  0.00000000e+00, -1.11022302e-16, -1.11022302e-16,
0.00000000e+00,  0.00000000e+00,  0.00000000e+00,  0.00000000e+00,
0.00000000e+00,  0.00000000e+00,  0.00000000e+00],
[ -6.71545039e+00, -4.80021899e+00, -3.63907400e+00, -2.54251468e+00,
-1.76623700e+00, -1.14614832e+00, -7.56451861e-01, -4.77701405e-01,
-2.87035821e-01, -1.65023322e-01, -8.65745161e-02, -3.92211464e-02,
-1.52870945e-02, -5.43349976e-03, -1.74671462e-03],
[ -1.21830483e+01, -8.24570808e+00, -5.86076209e+00, -3.94126164e+00,
-2.66833438e+00, -1.74625226e+00, -1.15343597e+00, -7.25724888e-01,
-4.35695968e-01, -2.50124235e-01, -1.30813272e-01, -5.90658338e-02,
-2.29502213e-02, -8.13552643e-03, -2.61794148e-03],
[ -1.59890177e+01, -1.10754144e+01, -7.66139586e+00, -5.02025611e+00,
-3.35865442e+00, -2.21808191e+00, -1.47038763e+00, -9.26360336e-01,
-5.57095270e-01, -3.19159311e-01, -1.66924616e-01, -7.60445688e-02,
-2.98509556e-02, -1.06578459e-02, -3.45717526e-03],
[ -1.92000883e+01, -1.35943367e+01, -9.33692223e+00, -5.97241190e+00,
-3.94856496e+00, -2.62713185e+00, -1.74719956e+00, -1.10411287e+00,
-6.65231110e-01, -3.80249065e-01, -1.98969622e-01, -9.16008028e-02,
-3.63713014e-02, -1.30866655e-02, -4.27979781e-03],
[ -2.22576699e+01, -1.59097937e+01, -1.09641940e+01, -6.86238969e+00,
-4.47773005e+00, -2.99443837e+00, -1.99711097e+00, -1.26619799e+00,
-7.64220191e-01, -4.36053510e-01, -2.28280138e-01, -1.06081329e-01,
-4.25755597e-02, -1.54322473e-02, -5.08676354e-03],
[ -2.52595202e+01, -1.80974984e+01, -1.25678373e+01, -7.71814323e+00,
-4.96724369e+00, -3.33044296e+00, -2.22667115e+00, -1.41602105e+00,
-8.56023362e-01, -4.87897221e-01, -2.55522851e-01, -1.19655680e-01,
-4.84953581e-02, -1.77000024e-02, -5.87857452e-03],
[ -2.82373101e+01, -2.02130689e+01, -1.41576192e+01, -8.55341801e+00,
-5.43000489e+00, -3.64185807e+00, -2.43986152e+00, -1.55568705e+00,
-9.41845313e-01, -5.36566307e-01, -2.81103309e-01, -1.32444645e-01,
-5.41558626e-02, -1.98946654e-02, -6.65570095e-03],
[ -3.12040256e+01, -2.22899235e+01, -1.57382130e+01, -9.37560805e+00,
-5.87426730e+00, -3.93359229e+00, -2.63940323e+00, -1.68668430e+00,
-1.02252905e+00, -5.82574037e-01, -3.05295980e-01, -1.44545565e-01,
-5.95791260e-02, -2.20206107e-02, -7.41859615e-03],
[ -3.41654917e+01, -2.43456366e+01, -1.73122145e+01, -1.01889881e+01,
-6.30542571e+00, -4.20944139e+00, -2.82730498e+00, -1.81014257e+00,
-1.09870965e+00, -6.26279766e-01, -3.28299215e-01, -1.56039697e-01,
-6.47847965e-02, -2.40818997e-02, -8.16769760e-03]]
fitNessAverage
[ 0.98366995, 0.98063928, 0.97897644, 0.97857566, 0.98001013, 0.97953155,
0.98554282, 0.98454085, 0.98452553, 0.98593826, 0.988296  , 0.99073525,
0.99050442, 0.99034415, 0.99071044, 0.99104794, 0.99071362, 0.99035547,
0.99161538, 0.98903146, 0.98809705, 0.98765816, 0.9895057 , 0.98867881,
0.98835184, 0.98763268, 0.98861614, 0.98859504, 0.98786739, 0.98703064,
0.98768923, 0.98687861, 0.98669775, 0.98896653, 0.99068358, 0.99137483,
0.98926504, 0.98763725, 0.98822664, 0.98839971, 0.98898961, 0.99053932,
0.99229605, 0.99212316, 0.99356097, 0.99345876, 0.99644816, 0.9943193 ,
0.99294463, 0.99144974, 0.98797476, 0.98608805, 0.98637875, 0.98485352,
0.98378294, 0.9842846 , 0.98664338, 0.98748741, 0.98926604, 0.99109046,
0.98643881, 0.98675119, 0.98613673, 0.98560982, 0.98771374, 0.98833547,
0.98977496, 0.99173045]
fitNessMax
[ 1.01359988, 1.01402141, 1.01301734, 1.01301734, 1.01754091, 1.00723701,
1.02992082, 1.02992082, 1.02992082, 1.02992082, 1.02992082, 1.02992082,
1.02992082, 1.02992082, 1.03022355, 1.02992082, 1.02992082, 1.02395544,
1.02430297, 1.02523204, 1.02920335, 1.02920335, 1.02430297, 1.02931333,
1.02931333, 1.02931333, 1.02931333, 1.02607101, 1.03349179, 1.03349179,
1.03349179, 1.02052803, 1.02081963, 1.02589574, 1.03002078, 1.03002078,
1.02844968, 1.02844968, 1.02844968, 1.02901413, 1.02901413, 1.02901413,
1.03725813, 1.02901413, 1.02901413, 1.03570449, 1.03882842, 1.03570449,
1.02451663, 1.02328607, 1.02328607, 1.02328607, 1.02328607, 1.03416955,
1.03416955, 1.02243559, 1.02288165, 1.02243559, 1.02610859, 1.02610859,
1.02610859, 1.02610859, 1.02610859, 1.02610859, 1.02610859, 1.02610859,
1.02820135, 1.02820135]
fitNessMin
[ 0.94739737, 0.9326207 , 0.9041464 , 0.9041464 , 0.9041464 , 0.93332716,
0.93354598, 0.93354598, 0.9214576 , 0.9214576 , 0.91374473, 0.91374473,
0.91374473, 0.91374473, 0.91374473, 0.91374473, 0.91374473, 0.93627279,
0.93627279, 0.93478237, 0.92921824, 0.93338298, 0.91989039, 0.91989039,
0.93562602, 0.93562602, 0.93699363, 0.93722516, 0.92994308, 0.92994308,
0.93523724, 0.93044851, 0.93044851, 0.93044851, 0.93044851, 0.93057517,
0.93057517, 0.93057517, 0.93285044, 0.90970239, 0.90970239, 0.92656318,
0.92656318, 0.92656318, 0.92656318, 0.92639813, 0.92639813, 0.92639813,
0.93486389, 0.9287363 , 0.92708835, 0.92505261, 0.92505261, 0.93215225,
0.91535431, 0.91535431, 0.91535431, 0.91535431, 0.91535431, 0.91535431,
0.91535431, 0.91535431, 0.91535431, 0.92206303, 0.92267021, 0.93694122,
0.93694122, 0.93694122]


BoxCounting Simulated Annealing
logR
[-2.77258872,-2.07944154,-1.67397643,-1.38629436,-1.16315081,-0.98082925,
-0.82667857,-0.69314718,-0.57536414,-0.47000363,-0.37469345,-0.28768207,
-0.20763936,-0.13353139,-0.06453852, 0.        ]
IndexZero
10
Tq
[ -3.89984242e+01, -3.53769960e+01, -3.17558321e+01, -2.81352064e+01,
-2.45156859e+01, -2.08984653e+01, -1.72861222e+01, -1.36844123e+01,
-1.01067811e+01, -6.58645665e+00, -3.18817669e+00, -2.53061321e-19,
2.29084312e+00,  4.04007923e+00,  5.57625676e+00,  7.04758662e+00,
8.49473023e+00,  9.93032236e+00,  1.13597670e+01,  1.27857914e+01,
1.42098706e+01]
Dq
[ 3.54531129, 3.5376996 , 3.52842579, 3.5169008 , 3.50224085, 3.48307755,
3.45722445, 3.42110308, 3.36892703, 3.29322833, 3.18817669, 2.74334919,
2.29084312, 2.02003962, 1.85875225, 1.76189666, 1.69894605, 1.65505373,
1.62282385, 1.59822392, 1.57887451]
lnMrq
[[  8.26414409e+01,  8.10785322e+01,  8.07543775e+01,  7.96731947e+01,
7.93417952e+01,  7.90538278e+01,  7.79550744e+01,  7.67021803e+01,
7.60090246e+01,  0.00000000e+00,  0.00000000e+00,  0.00000000e+00,
0.00000000e+00,  0.00000000e+00,  0.00000000e+00,  0.00000000e+00],
[  7.50409546e+01,  7.34782408e+01,  7.31539004e+01,  7.20729084e+01,
7.17414669e+01,  7.14532078e+01,  7.03543118e+01,  6.91012950e+01,
6.84081221e+01,  0.00000000e+00,  0.00000000e+00,  0.00000000e+00,
0.00000000e+00,  0.00000000e+00,  0.00000000e+00,  0.00000000e+00],
[  6.74408872e+01,  6.58785761e+01,  6.55538585e+01,  6.44732540e+01,
6.41417295e+01,  6.38528743e+01,  6.27536900e+01,  6.15004446e+01,
6.08072197e+01,  0.00000000e+00,  0.00000000e+00,  0.00000000e+00,
0.00000000e+00,  0.00000000e+00,  0.00000000e+00,  0.00000000e+00],
[  5.98416633e+01,  5.82801964e+01,  5.79547065e+01,  5.68748959e+01,
5.65432079e+01,  5.62531217e+01,  5.51533521e+01,  5.38997012e+01,
5.32063172e+01,  0.00000000e+00,  0.00000000e+00,  0.00000000e+00,
0.00000000e+00,  0.00000000e+00,  0.00000000e+00,  0.00000000e+00],
[  5.22441422e+01,  5.06844841e+01,  5.03573971e+01,  4.92792328e+01,
4.89472228e+01,  4.86545578e+01,  4.75535928e+01,  4.62992903e+01,
4.56054148e+01,  0.00000000e+00,  0.00000000e+00,  0.00000000e+00,
0.00000000e+00,  0.00000000e+00,  0.00000000e+00,  0.00000000e+00],
[  4.46500701e+01,  4.30944081e+01,  4.27639727e+01,  4.16892847e+01,
4.13566342e+01,  4.10584603e+01,  3.99550381e+01,  3.86999388e+01,
3.80045123e+01,  0.00000000e+00,  0.00000000e+00,  0.00000000e+00,
0.00000000e+00,  0.00000000e+00,  0.00000000e+00,  0.00000000e+00],
[  3.70630121e+01,  3.55165471e+01,  3.51789804e+01,  3.41118286e+01,
3.37778433e+01,  3.34676013e+01,  3.23591105e+01,  3.11040887e+01,
3.04036098e+01,  0.00000000e+00,  0.00000000e+00,  0.00000000e+00,
0.00000000e+00,  0.00000000e+00,  0.00000000e+00,  0.00000000e+00],
[  2.94902690e+01,  2.79660848e+01,  2.76131506e+01,  2.65629354e+01,
2.62257812e+01,  2.58883402e+01,  2.47695387e+01,  2.35203846e+01,
2.28027074e+01,  0.00000000e+00,  0.00000000e+00,  0.00000000e+00,
0.00000000e+00,  0.00000000e+00,  0.00000000e+00,  0.00000000e+00],
[  2.19467798e+01,  2.04796341e+01,  2.00941020e+01,  1.90837156e+01,
1.87369897e+01,  1.83368746e+01,  1.71989140e+01,  1.59806201e+01,
1.52018052e+01,  0.00000000e+00,  0.00000000e+00,  0.00000000e+00,
0.00000000e+00,  0.00000000e+00,  0.00000000e+00,  0.00000000e+00],
[  1.44628574e+01,  1.31472543e+01,  1.27013977e+01,  1.17897572e+01,
1.14052893e+01,  1.08640768e+01,  9.70500243e+00,  8.59434089e+00,
7.60140258e+00,  0.00000000e+00,  0.00000000e+00,  0.00000000e+00,
0.00000000e+00,  0.00000000e+00,  0.00000000e+00,  0.00000000e+00],
[  7.10002717e+00,  6.17794411e+00,  5.68697536e+00,  5.03695260e+00,
4.48863637e+00,  3.71357207e+00,  2.63905733e+00,  1.79175947e+00,
6.93147181e-01,  0.00000000e+00,  0.00000000e+00,  0.00000000e+00,
0.00000000e+00,  0.00000000e+00,  0.00000000e+00,  0.00000000e+00],
[  0.00000000e+00,  0.00000000e+00,  0.00000000e+00,  2.22044605e-16,
-4.44089210e-16, -2.22044605e-16, -4.44089210e-16, -2.22044605e-16,
0.00000000e+00,  0.00000000e+00,  0.00000000e+00,  0.00000000e+00,
0.00000000e+00,  0.00000000e+00,  0.00000000e+00,  0.00000000e+00],
[ -6.41794902e+00, -4.83496078e+00, -2.37305048e+00, -1.99337394e+00,
-5.23401874e-01, -1.85516054e-01, -5.25720063e-02, -1.60460521e-02,
-9.99999833e-04,  0.00000000e+00,  0.00000000e+00,  0.00000000e+00,
0.00000000e+00,  0.00000000e+00,  0.00000000e+00,  0.00000000e+00],
[ -1.16215970e+01, -8.61680637e+00, -3.66242201e+00, -3.10439737e+00,
-7.91744134e-01, -2.79623047e-01, -7.90312810e-02, -2.40964677e-02,
-1.50037500e-03,  0.00000000e+00,  0.00000000e+00,  0.00000000e+00,
0.00000000e+00,  0.00000000e+00,  0.00000000e+00,  0.00000000e+00],
[ -1.60897779e+01, -1.19966659e+01, -4.88944838e+00, -4.14753467e+00,
-1.05585577e+00, -3.72849272e-01, -1.05375897e-01, -3.21286867e-02,
-2.00050017e-03,  0.00000000e+00,  0.00000000e+00,  0.00000000e+00,
0.00000000e+00,  0.00000000e+00,  0.00000000e+00,  0.00000000e+00],
[ -2.03420795e+01, -1.52248828e+01, -6.11233439e+00, -5.18516639e+00,
-1.31982744e+00, -4.66061904e-01, -1.31719877e-01, -4.01608585e-02,
-2.50062521e-03,  0.00000000e+00,  0.00000000e+00,  0.00000000e+00,
0.00000000e+00,  0.00000000e+00,  0.00000000e+00,  0.00000000e+00],
[ -2.45220079e+01, -1.83823241e+01, -7.33485255e+00, -6.22227413e+00,
-1.58379326e+00, -5.59274290e-01, -1.58063852e-01, -4.81930302e-02,
-3.00075025e-03,  0.00000000e+00,  0.00000000e+00,  0.00000000e+00,
0.00000000e+00,  0.00000000e+00,  0.00000000e+00,  0.00000000e+00],
[ -2.86688836e+01, -2.15034144e+01, -8.55733336e+00, -7.25932769e+00,
-1.84775882e+00, -6.52486672e-01, -1.84407827e-01, -5.62252019e-02,
-3.50087529e-03,  0.00000000e+00,  0.00000000e+00,  0.00000000e+00,
0.00000000e+00,  0.00000000e+00,  0.00000000e+00,  0.00000000e+00],
[ -3.27981009e+01, -2.46052456e+01, -9.77981014e+00, -8.29637537e+00,
-2.11172437e+00, -7.45699054e-01, -2.10751803e-01, -6.42573736e-02,
-4.00100033e-03,  0.00000000e+00,  0.00000000e+00,  0.00000000e+00,
0.00000000e+00,  0.00000000e+00,  0.00000000e+00,  0.00000000e+00],
[ -3.69172485e+01, -2.76967434e+01, -1.10022865e+01, -9.33342239e+00,
-2.37568991e+00, -8.38911435e-01, -2.37095778e-01, -7.22895453e-02,
-4.50112538e-03,  0.00000000e+00,  0.00000000e+00,  0.00000000e+00,
0.00000000e+00,  0.00000000e+00,  0.00000000e+00,  0.00000000e+00],
[ -4.10304859e+01, -3.07826517e+01, -1.22247628e+01, -1.03704693e+01,
-2.63965546e+00, -9.32123817e-01, -2.63439753e-01, -8.03217170e-02,
-5.00125042e-03,  0.00000000e+00,  0.00000000e+00,  0.00000000e+00,
0.00000000e+00,  0.00000000e+00,  0.00000000e+00,  0.00000000e+00]]


Fixed Size Genetic
logR
[-2.77258872,-2.07944154,-1.67397643,-1.38629436,-1.16315081,-0.98082925,
-0.82667857,-0.69314718,-0.57536414,-0.47000363,-0.37469345,-0.28768207,
-0.20763936,-0.13353139,-0.06453852, 0.        ]
IndexZero
10
Tq
[ -3.40686426e+00, -3.40709155e+00, -3.40754914e+00, -3.40847267e+00,
-3.41034127e+00, -3.41412555e+00, -3.42174463e+00, -3.43663958e+00,
-3.46250675e+00, -3.48249761e+00, -2.79143425e+00, -6.05910791e-18,
2.50042626e+00,  4.32140382e+00,  5.60795839e+00,  6.70082966e+00,
7.73667149e+00,  8.75289077e+00,  9.76073593e+00,  1.07641441e+01,
1.17647866e+01]
Dq
[ 0.30971493, 0.34070915, 0.37861657, 0.42605908, 0.48719161, 0.56902093,
0.68434893, 0.85915989, 1.15416892, 1.74124881, 2.79143425, 2.85116054,
2.50042626, 2.16070191, 1.86931946, 1.67520741, 1.5473343 , 1.45881513,
1.39439085, 1.34551801, 1.30719851]
lnMrq
[[  8.26763870e+01,  8.12012837e+01,  8.08338794e+01,  7.99675029e+01,
7.96460143e+01,  7.90677366e+01,  7.87662578e+01,  7.81421837e+01,
7.77652851e+01,  7.68378509e+01,  7.63807788e+01,  7.58226965e+01,
7.54111880e+01,  7.47711504e+01,  7.37064396e+01,  7.20970016e+01],
[  7.50759424e+01,  7.36009688e+01,  7.32333701e+01,  7.23671328e+01,
7.20455739e+01,  7.14673116e+01,  7.11657513e+01,  7.05414604e+01,
7.01645129e+01,  6.92372246e+01,  6.87800692e+01,  6.82217972e+01,
6.78102869e+01,  6.71702486e+01,  6.61055374e+01,  6.44960994e+01],
[  6.74759583e+01,  6.60012553e+01,  6.56332634e+01,  6.47673071e+01,
6.44456067e+01,  6.38673700e+01,  6.35656475e+01,  6.29409215e+01,
6.25638752e+01,  6.16368778e+01,  6.11795568e+01,  6.06209050e+01,
6.02093899e+01,  5.95693488e+01,  5.85046366e+01,  5.68951980e+01],
[  5.98769002e+01,  5.84027727e+01,  5.80339824e+01,  5.71685952e+01,
5.68466087e+01,  5.62684093e+01,  5.59663641e+01,  5.53407641e+01,
5.49635168e+01,  5.40370969e+01,  5.35794483e+01,  5.30200369e+01,
5.26085097e+01,  5.19684586e+01,  5.09037422e+01,  4.92943007e+01],
[  5.22797070e+01,  5.08068390e+01,  5.04364172e+01,  4.95721898e+01,
4.92496214e+01,  4.86714573e+01,  4.83687717e+01,  4.77414139e+01,
4.73637529e+01,  4.64384710e+01,  4.59801792e+01,  4.54192534e+01,
4.50076995e+01,  4.43676116e+01,  4.33028809e+01,  4.16934243e+01],
[  4.46862780e+01,  4.32162743e+01,  4.28424929e+01,  4.19806478e+01,
4.16568873e+01,  4.10786842e+01,  4.07747335e+01,  4.01438399e+01,
3.97653099e+01,  3.88422368e+01,  3.83827005e+01,  3.78187791e+01,
3.74071823e+01,  3.67669673e+01,  3.57021898e+01,  3.40926555e+01],
[  3.71004579e+01,  3.56372993e+01,  3.52565577e+01,  3.43996536e+01,
3.40734257e+01,  3.34948504e+01,  3.31884140e+01,  3.25504416e+01,
3.21700256e+01,  3.12511085e+01,  3.07892421e+01,  3.02194980e+01,
2.98079140e+01,  2.91672900e+01,  2.81023763e+01,  2.64924548e+01],
[  2.95300068e+01,  2.80842031e+01,  2.76891058e+01,  2.68425609e+01,
2.65111784e+01,  2.59310877e+01,  2.56197992e+01,  2.49679561e+01,
2.45832404e+01,  2.36716558e+01,  2.32057740e+01,  2.26251401e+01,
2.22140914e+01,  2.15723319e+01,  2.05071094e+01,  1.88954244e+01],
[  2.19903954e+01,  2.05913122e+01,  2.01680855e+01,  1.93435570e+01,
1.90015140e+01,  1.84164284e+01,  1.80956347e+01,  1.74186754e+01,
1.70235392e+01,  1.61234572e+01,  1.56522538e+01,  1.50530448e+01,
1.46448943e+01,  1.40008915e+01,  1.29354284e+01,  1.13176665e+01],
[  1.45115420e+01,  1.32432619e+01,  1.27778541e+01,  1.20029170e+01,
1.16412253e+01,  1.10421132e+01,  1.07013272e+01,  9.99094544e+00,
9.57011336e+00,  8.68984157e+00,  8.21816928e+00,  7.59654182e+00,
7.19351994e+00,  6.54745618e+00,  5.48702229e+00,  3.88437447e+00],
[  7.14836933e+00,  6.23945680e+00,  5.79456728e+00,  5.16917632e+00,
4.80073697e+00,  4.20841702e+00,  3.82755385e+00,  3.15955036e+00,
2.72326717e+00,  2.03339760e+00,  1.63705308e+00,  1.16938136e+00,
8.54415328e-01,  5.12823626e-01,  2.07014169e-01,  4.87901642e-02],
[  0.00000000e+00,  0.00000000e+00,  0.00000000e+00,  0.00000000e+00,
0.00000000e+00,  0.00000000e+00, -1.11022302e-16,  0.00000000e+00,
0.00000000e+00,  0.00000000e+00, -1.11022302e-16,  0.00000000e+00,
0.00000000e+00,  0.00000000e+00,  0.00000000e+00,  0.00000000e+00],
[ -6.68583247e+00, -4.78992991e+00, -3.64044745e+00, -2.56230310e+00,
-1.83588805e+00, -1.26391745e+00, -8.45700427e-01, -5.44589547e-01,
-3.43108232e-01, -2.02275579e-01, -1.06867044e-01, -4.80258856e-02,
-1.80961420e-02, -5.64016587e-03, -1.32936321e-03, -2.88696669e-04],
[ -1.19930542e+01, -8.08543489e+00, -5.88963778e+00, -4.03396547e+00,
-2.81196396e+00, -1.94067145e+00, -1.30238679e+00, -8.42233494e-01,
-5.27023481e-01, -3.08731228e-01, -1.61814232e-01, -7.23515204e-02,
-2.70970497e-02, -8.45097484e-03, -1.99225804e-03, -4.33076264e-04],
[ -1.55918187e+01, -1.04335293e+01, -7.71933347e+00, -5.19401717e+00,
-3.56361530e+00, -2.46007483e+00, -1.65987544e+00, -1.07732083e+00,
-6.73920288e-01, -3.93730713e-01, -2.06433135e-01, -9.27176491e-02,
-3.51389729e-02, -1.11257110e-02, -2.64430741e-03, -5.76144847e-04],
[ -1.86959069e+01, -1.22512737e+01, -9.41133087e+00, -6.21240176e+00,
-4.20358327e+00, -2.90155898e+00, -1.96524859e+00, -1.28063208e+00,
-8.02036433e-01, -4.68074247e-01, -2.45895201e-01, -1.11093894e-01,
-4.26925022e-02, -1.37296017e-02, -3.29036687e-03, -7.18567877e-04],
[ -2.17029517e+01, -1.38728655e+01, -1.10433460e+01, -7.15014052e+00,
-4.77243425e+00, -3.29268658e+00, -2.23583464e+00, -1.46283787e+00,
-9.17581971e-01, -5.35389984e-01, -2.81920440e-01, -1.28094795e-01,
-4.98490605e-02, -1.62680515e-02, -3.93055324e-03, -8.60351942e-04],
[ -2.46813715e+01, -1.54402914e+01, -1.26429403e+01, -8.03844559e+00,
-5.29278971e+00, -3.64728139e+00, -2.48095763e+00, -1.62918917e+00,
-1.02362855e+00, -5.97464046e-01, -3.15370937e-01, -1.44029290e-01,
-5.66558421e-02, -1.87438532e-02, -4.56493314e-03, -1.00150020e-03],
[ -2.76481827e+01, -1.69939088e+01, -1.42221929e+01, -8.89532259e+00,
-5.77944188e+00, -3.97390427e+00, -2.70656445e+00, -1.78285608e+00,
-1.12201246e+00, -6.55358053e-01, -3.46764845e-01, -1.59090751e-01,
-6.31499937e-02, -2.11595666e-02, -5.19357186e-03, -1.14201578e-03],
[ -3.06090716e+01, -1.85439966e+01, -1.57872997e+01, -9.73162243e+00,
-6.24239417e+00, -4.27848046e+00, -2.91673708e+00, -1.92600383e+00,
-1.21396142e+00, -7.09774304e-01, -3.76446228e-01, -1.73414626e-01,
-6.93634556e-02, -2.35176352e-02, -5.81653395e-03, -1.28190179e-03],
[ -3.35662901e+01, -2.00931598e+01, -1.73417946e+01, -1.05540630e+01,
-6.68842468e+00, -4.56536816e+00, -3.11438856e+00, -2.06023122e+00,
-1.30036135e+00, -7.61211080e-01, -4.04659463e-01, -1.87101924e-01,
-7.53241161e-02, -2.58203951e-02, -6.43388322e-03, -1.42116132e-03]]
fitNessAverage
[ 0.91946024, 0.92011399, 0.92191043, 0.92245989, 0.92284061, 0.92211378,
0.92262621, 0.92224977, 0.92212092, 0.92152517, 0.92181141, 0.91962526,
0.9176073 , 0.91871371, 0.91940482, 0.92073367, 0.92124666, 0.92142659,
0.92075986, 0.92009048, 0.91959795, 0.91951387, 0.91950848, 0.92009448,
0.92803457, 0.93123868, 0.93368281, 0.935786  , 0.93925815, 0.940691  ,
0.94004208, 0.93964908, 0.94274746, 0.94212425, 0.94581608, 0.94889095,
0.95055699, 0.9509443 , 0.95224313, 0.95294823, 0.95205556, 0.95068757,
0.95181971, 0.95131913, 0.95061579, 0.95108037, 0.95090257, 0.95017055,
0.95076575, 0.95017851, 0.94952439, 0.94907236, 0.9485724 , 0.94753412,
0.94654982, 0.94571919, 0.94523129, 0.94579898]
fitNessMax
[ 0.95140335, 0.96209227, 0.96209227, 0.96504646, 0.96504646, 0.97212027,
0.97327464, 0.97327464, 0.97135071, 0.97014869, 0.96909905, 0.96909905,
0.96909905, 0.97145536, 0.96612648, 0.96612648, 0.97277342, 0.97437687,
0.97124156, 0.97382349, 0.97382349, 0.97382349, 0.97348901, 0.97717932,
0.97717932, 0.97717932, 0.9771547 , 0.97715096, 0.97907283, 0.98205734,
0.97788177, 0.98475014, 0.99255816, 0.99255816, 0.99209317, 0.99201683,
0.99498005, 0.99498005, 0.98910467, 0.9900762 , 0.98623024, 0.98429422,
0.98322684, 0.98322684, 0.98358188, 0.98465432, 0.98465432, 0.98348848,
0.99230293, 0.99230293, 0.98348848, 0.98348848, 0.98348848, 0.98348848,
0.98348848, 0.98016397, 0.97592005, 0.97981735]
fitNessMin
[ 0.88885231, 0.88521919, 0.88521919, 0.87220078, 0.87220078, 0.87220078,
0.8834953 , 0.87804073, 0.87804073, 0.86533636, 0.87592425, 0.87592425,
0.87804073, 0.87804073, 0.87804073, 0.87804073, 0.87804073, 0.86910157,
0.86455357, 0.86455357, 0.86910157, 0.86910157, 0.86910157, 0.88353323,
0.88251444, 0.88251444, 0.88251444, 0.88082112, 0.88082112, 0.88082112,
0.88297574, 0.88297574, 0.88297574, 0.88297574, 0.88297574, 0.89805013,
0.88688707, 0.88688707, 0.88688707, 0.88688707, 0.88688707, 0.88688707,
0.88848726, 0.88848726, 0.8869669 , 0.8869669 , 0.8869669 , 0.89729446,
0.89729446, 0.89154421, 0.8881788 , 0.8881788 , 0.89154421, 0.89154421,
0.8847731 , 0.8847731 , 0.8847731 , 0.8847731 ]


Genetic fixed size Simulated Annealing
logR
[-2.56494936,-1.87180218,-1.46633707,-1.178655  ,-0.95551145,-0.77318989,
-0.61903921,-0.48550782,-0.36772478,-0.26236426,-0.16705408,-0.08004271,
0.        ]
IndexZero
10
Tq
[ -2.81646885e+00, -2.81667327e+00, -2.81708429e+00, -2.81791205e+00,
-2.81958122e+00, -2.82294394e+00, -2.82966209e+00, -2.84266159e+00,
-2.86501831e+00, -2.88389461e+00, -2.57194415e+00, -1.06362777e-17,
2.74129424e+00,  4.83219445e+00,  6.42012361e+00,  7.80170994e+00,
9.10098249e+00,  1.03585610e+01,  1.15935936e+01,  1.28163204e+01,
1.40322078e+01]
Dq
[ 0.25604262, 0.28166733, 0.31300937, 0.35223901, 0.40279732, 0.47049066,
0.56593242, 0.7106654 , 0.9550061 , 1.44194731, 2.57194415, 3.02657977,
2.74129424, 2.41609722, 2.1400412 , 1.95042748, 1.8201965 , 1.72642683,
1.65622766, 1.60204005, 1.5591342 ]
lnMrq
[[  8.26756744e+01,  8.11600154e+01,  8.08092647e+01,  7.99598357e+01,
7.96554535e+01,  7.91041541e+01,  7.87630612e+01,  7.80911063e+01,
7.76442630e+01,  7.66667693e+01,  7.63456394e+01,  7.57858814e+01,
7.52324961e+01],
[  7.50752046e+01,  7.35597133e+01,  7.32087749e+01,  7.23594682e+01,
7.20550131e+01,  7.15037114e+01,  7.11625377e+01,  7.04903494e+01,
7.00434948e+01,  6.90660938e+01,  6.87448825e+01,  6.81849802e+01,
6.76315947e+01],
[  6.74751704e+01,  6.59600254e+01,  6.56087071e+01,  6.47596470e+01,
6.44550456e+01,  6.39037338e+01,  6.35623996e+01,  6.28897432e+01,
6.24428643e+01,  6.14656494e+01,  6.11442775e+01,  6.05840827e+01,
6.00306965e+01],
[  5.98760129e+01,  5.83615943e+01,  5.80095027e+01,  5.71609420e+01,
5.68560458e+01,  5.63046988e+01,  5.59630469e+01,  5.52894508e+01,
5.48425174e+01,  5.38656772e+01,  5.35439891e+01,  5.29832004e+01,
5.24298118e+01],
[  5.22786239e+01,  5.07657647e+01,  5.04120872e+01,  4.95645430e+01,
4.92590508e+01,  4.87075918e+01,  4.83653138e+01,  4.76898299e+01,
4.72427679e+01,  4.62666805e+01,  4.59443754e+01,  4.53823812e+01,
4.48289837e+01],
[  4.46848131e+01,  4.31754116e+01,  4.28184517e+01,  4.19729902e+01,
4.16662869e+01,  4.11144904e+01,  4.07709885e+01,  4.00917135e+01,
3.96443266e+01,  3.86697490e+01,  3.83462507e+01,  3.77818247e+01,
3.72283970e+01],
[  3.70982627e+01,  3.55968724e+01,  3.52330571e+01,  3.43918990e+01,
3.40827137e+01,  3.35299475e+01,  3.31840784e+01,  3.24972395e+01,
3.20489646e+01,  3.10774018e+01,  3.07516114e+01,  3.01823804e+01,
2.96288572e+01],
[  2.95264679e+01,  2.80446933e+01,  2.76665609e+01,  2.68343870e+01,
2.65200505e+01,  2.59646293e+01,  2.56142322e+01,  2.49126980e+01,
2.44618047e+01,  2.34962811e+01,  2.31660102e+01,  2.25877504e+01,
2.20339665e+01],
[  2.19845831e+01,  2.05537986e+01,  2.01470357e+01,  1.93340202e+01,
1.90088690e+01,  1.84465958e+01,  1.80874064e+01,  1.73600277e+01,
1.69009794e+01,  1.59483021e+01,  1.56082176e+01,  1.50148105e+01,
1.44604147e+01],
[  1.45026254e+01,  1.32102900e+01,  1.27587480e+01,  1.19907224e+01,
1.16438823e+01,  1.10657988e+01,  1.06867066e+01,  9.93047065e+00,
9.44678337e+00,  8.52999481e+00,  8.16042542e+00,  7.54771924e+00,
6.99086956e+00],
[  7.13794594e+00,  6.21706508e+00,  5.78040395e+00,  5.16163817e+00,
4.79719452e+00,  4.21759411e+00,  3.79526444e+00,  3.11573507e+00,
2.61447185e+00,  1.93152141e+00,  1.53686722e+00,  1.07840958e+00,
7.27548607e-01],
[  0.00000000e+00,  0.00000000e+00,  0.00000000e+00,  0.00000000e+00,
0.00000000e+00,  0.00000000e+00, -1.11022302e-16,  0.00000000e+00,
-1.11022302e-16,  0.00000000e+00,  0.00000000e+00,  0.00000000e+00,
0.00000000e+00],
[ -6.64355040e+00, -4.77221759e+00, -3.66530473e+00, -2.68048557e+00,
-1.80151633e+00, -1.14515367e+00, -7.30508472e-01, -4.56364680e-01,
-2.80608271e-01, -1.66251345e-01, -9.28493247e-02, -4.66586667e-02,
-2.01618867e-02],
[ -1.20367625e+01, -8.21402277e+00, -5.94847605e+00, -4.28433265e+00,
-2.76678284e+00, -1.75088557e+00, -1.11000368e+00, -6.96524220e-01,
-4.27870303e-01, -2.53176049e-01, -1.40775510e-01, -7.04076622e-02,
-3.02914403e-02],
[ -1.59357598e+01, -1.10845872e+01, -7.79812262e+00, -5.54180810e+00,
-3.53853202e+00, -2.23835286e+00, -1.42024953e+00, -8.91515048e-01,
-5.47172417e-01, -3.22583037e-01, -1.78079172e-01, -8.93237544e-02,
-3.90199189e-02],
[ -1.92359777e+01, -1.36848259e+01, -9.50134225e+00, -6.62532281e+00,
-4.21671747e+00, -2.67079349e+00, -1.69883894e+00, -1.06452056e+00,
-6.52421304e-01, -3.82914018e-01, -2.09914209e-01, -1.05804760e-01,
-4.70478771e-02],
[ -2.23471023e+01, -1.61060484e+01, -1.11390479e+01, -7.60033464e+00,
-4.83154584e+00, -3.06805131e+00, -1.95693442e+00, -1.22314995e+00,
-7.48025568e-01, -4.37169928e-01, -2.38266175e-01, -1.20635721e-01,
-5.45187569e-02],
[ -2.53836406e+01, -1.84056242e+01, -1.27399137e+01, -8.50384353e+00,
-5.39786254e+00, -3.43937286e+00, -2.19961715e+00, -1.37112478e+00,
-8.36182934e-01, -4.86903229e-01, -2.64156922e-01, -1.34209011e-01,
-6.15031595e-02],
[ -2.83875363e+01, -2.06297093e+01, -1.43160169e+01, -9.35985306e+00,
-5.92545412e+00, -3.79002807e+00, -2.42984739e+00, -1.51065061e+00,
-9.18281061e-01, -5.33056622e-01, -2.88182561e-01, -1.46771803e-01,
-6.80555502e-02],
[ -3.13765808e+01, -2.28102657e+01, -1.58731790e+01, -1.01842483e+01,
-6.42184488e+00, -4.12337351e+00, -2.64960889e+00, -1.64318362e+00,
-9.95306221e-01, -5.76258217e-01, -3.10720015e-01, -1.58499101e-01,
-7.42226260e-02],
[ -3.43587282e+01, -2.49664055e+01, -1.74145613e+01, -1.09874724e+01,
-6.89318075e+00, -4.44172159e+00, -2.86034604e+00, -1.76975852e+00,
-1.06800427e+00, -6.16955376e-01, -3.32023082e-01, -1.69522308e-01,
-8.00451832e-02]]



Execution time

Box Counting	Box Counting Fixed	SandBox	Genetic SandBox	Simulated SandBox	Genetic BCFS	Simulated BCFS
[ 10715.4421041 , 10788.23034215,  1193.07546496,  6653.85819316,
4644.57977009,  6324.84645796,  4995.68548489,  7097.02490091,
5092.54276204]
Fractal dimension
2.42110239731
