PercentOfNodes
[ 0. , 0.1, 0.2, 0.3, 0.4, 0.5, 0.6, 0.7, 0.8, 0.9]

RandomAttack
Tq
[[ 3.73454801, 3.717025  , 3.69622355, 3.67136678, 3.64143445, 3.6049684 ,
   3.55952197, 3.50144829, 3.43096063, 3.35801659, 3.29414447, 3.24165243,
   3.19763   , 3.15940158, 3.12511929, 3.09353625, 3.06383984, 3.03555784,
   3.00849732, 2.98267872, 2.95824709],
 [ 3.57718217, 3.56136606, 3.54244895, 3.51949994, 3.49093294, 3.45414294,
   3.40605467, 3.34456525, 3.26911095, 3.18357735, 3.10585835, 3.04444989,
   2.99504541, 2.95333278, 2.91668218, 2.88346517, 2.85261443, 2.82344214,
   2.79558259, 2.76895745, 2.74369596],
 [ 3.45649265, 3.44639775, 3.4343677 , 3.41991074, 3.40229264, 3.3801492 ,
   3.3505915 , 3.30942795, 3.25436032, 3.18524849, 3.11155631, 3.04730663,
   2.99451235, 2.95017511, 2.91155296, 2.87671269, 2.84429559, 2.81339404,
   2.78356878, 2.75485329, 2.72760067],
 [ 3.30697938, 3.30369245, 3.2988257 , 3.29208302, 3.28327515, 3.27218161,
   3.25794855, 3.23753742, 3.20491607, 3.15509124, 3.0918352 , 3.02926401,
   2.97467704, 2.92729762, 2.88485656, 2.84551457, 2.8079608 , 2.77147746,
   2.73609923, 2.70248598, 2.6714247 ],
 [ 2.97342078, 2.97612406, 2.97881791, 2.98104555, 2.98238811, 2.98305008,
   2.984249  , 2.98679426, 2.98687825, 2.97283472, 2.92746303, 2.86714348,
   2.81094521, 2.76182471, 2.71854347, 2.67972117, 2.64437964, 2.61189655,
   2.58194997, 2.55445062, 2.52941182],
 [ 2.59540024, 2.60020422, 2.60608218, 2.61346399, 2.62266145, 2.63365099,
   2.6467644 , 2.66417282, 2.68637818, 2.70173952, 2.67376163, 2.61645167,
   2.56045141, 2.5113551 , 2.46833549, 2.42990369, 2.39492321, 2.36272306,
   2.33303068, 2.30583328, 2.28119468],
 [ 2.53988313, 2.5405123 , 2.54077902, 2.54045571, 2.53923169, 2.53662245,
   2.53170004, 2.52269858, 2.50631252, 2.47719341, 2.43241389, 2.37844077,
   2.3242238 , 2.27378843, 2.22763605, 2.18515559, 2.14576617, 2.10927929,
   2.07588367, 2.0458751 , 2.01936437],
 [ 2.1791048 , 2.17807595, 2.17641175, 2.17385409, 2.17002225, 2.16433808,
   2.15589845, 2.14327118, 2.12425283, 2.09596841, 2.0565168 , 2.0083288 ,
   1.95803687, 1.91131161, 1.87032978, 1.83503548, 1.80464733, 1.7783431 ,
   1.75544507, 1.73542352, 1.71785838],
 [ 1.32512452, 1.3254906 , 1.32533214, 1.32437356, 1.32219979, 1.31818781,
   1.31143536, 1.30077562, 1.28509947, 1.2641135 , 1.23888443, 1.21128732,
   1.18316744, 1.15606744, 1.13107367, 1.10872511, 1.08912142, 1.07210918,
   1.05742045, 1.04475067, 1.03380099],
 [ 0.52397214, 0.52094334, 0.51738697, 0.51319255, 0.50823344, 0.50237306,
   0.49547917, 0.48744988, 0.47825233, 0.46796822, 0.45682888, 0.44521445,
   0.43360002, 0.42246067, 0.41217656, 0.40297901, 0.39494973, 0.38805584,
   0.38219545, 0.37723634, 0.37304192]]
measureGC
[ 1.        , 0.89858729, 0.79616549, 0.69323915, 0.58879919, 0.47325933,
  0.35216953, 0.21594349, 0.0469223 , 0.00201816]
measureAPL
[ 1.        , 1.08859237, 1.15989723, 1.23630967, 1.37254676, 1.58542585,
  1.9251885 , 2.61017741, 3.16546379, 0.28105261]

Degree
Tq
[[ 3.73533899, 3.71799204, 3.69743196, 3.67289412, 3.64333542, 3.60714366,
   3.56156268, 3.50300792, 3.43217998, 3.35909189, 3.29513912, 3.24253709,
   3.19840054, 3.16006969, 3.12571349, 3.09410487, 3.06444888, 3.03628299,
   3.00941204, 2.98384241, 2.9596977 ],
 [ 3.42080777, 3.41598133, 3.40933629, 3.40019774, 3.38804637, 3.37249657,
   3.35266812, 3.32567716, 3.28638309, 3.23433909, 3.17969169, 3.13307351,
   3.09607936, 3.06662591, 3.0426727 , 3.02276359, 3.0058983 , 2.9913812 ,
   2.97871731, 2.96754563, 2.95759656],
 [ 3.1111478 , 3.10580461, 3.09890922, 3.09010452, 3.07892298, 3.06453353,
   3.04531565, 3.0187456 , 2.98209743, 2.93456262, 2.88275484, 2.83641215,
   2.79868491, 2.76829262, 2.74333309, 2.72234785, 2.70434244, 2.68864331,
   2.6747822 , 2.66242258, 2.65131495],
 [ 2.16776815, 2.17502885, 2.1836515 , 2.19402885, 2.20687711, 2.22346876,
   2.24572321, 2.27697073, 2.32228211, 2.37802562, 2.3882562 , 2.34924924,
   2.30859911, 2.27459765, 2.24676611, 2.22374505, 2.20436431, 2.187763  ,
   2.17333359, 2.16064744, 2.14939579],
 [ 1.1826841 , 1.18738461, 1.19274612, 1.1988285 , 1.20562239, 1.21296205,
   1.22039449, 1.22704855, 1.2316315 , 1.23273791, 1.22952879, 1.2223445 ,
   1.21253677, 1.20166266, 1.19087838, 1.18082993, 1.17179031, 1.16381594,
   1.15685412, 1.15080553, 1.14555758],
 [ 0.60389695, 0.60329436, 0.60240261, 0.60115368, 0.59948341, 0.59734715,
   0.59474254, 0.59173471, 0.58847257, 0.58518069, 0.58211878, 0.57952062,
   0.577541  , 0.57623528, 0.57557428, 0.57547712, 0.57584187, 0.57656498,
   0.57755112, 0.57871763, 0.57999613],
 [        nan,        nan,        nan,        nan,        nan,        nan,
          nan,        nan,        nan,        nan,        nan,        nan,
          nan,        nan,        nan,        nan,        nan,        nan,
          nan,        nan,        nan],
 [        nan,        nan,        nan,        nan,        nan,        nan,
          nan,        nan,        nan,        nan,        nan,        nan,
          nan,        nan,        nan,        nan,        nan,        nan,
          nan,        nan,        nan],
 [        nan,        nan,        nan,        nan,        nan,        nan,
          nan,        nan,        nan,        nan,        nan,        nan,
          nan,        nan,        nan,        nan,        nan,        nan,
          nan,        nan,        nan],
 [        nan,        nan,        nan,        nan,        nan,        nan,
          nan,        nan,        nan,        nan,        nan,        nan,
          nan,        nan,        nan,        nan,        nan,        nan,
          nan,        nan,        nan]]
measureGC
[  1.00000000e+00,  8.94046418e-01,  7.83047427e-01,  6.25126135e-01,
   4.89404642e-02,  3.02724521e-03,  1.00908174e-03,  5.04540868e-04,
   5.04540868e-04,  5.04540868e-04]
measureAPL
[ 1.        , 1.21896343, 1.60342454, 2.62022739, 3.34251213, 0.30580573,
  0.05378637, 0.20220438, 0.20220438, 0.20220438]

Centrality
Tq
[[ 3.73068567, 3.7132799 , 3.69269358, 3.66822035, 3.63892799, 3.6033902 ,
   3.55901607, 3.50192779, 3.43213237, 3.35944867, 3.29547595, 3.24266501,
   3.19825155, 3.15965257, 3.12505874, 3.09323256, 3.06335732, 3.03494966,
   3.0078017 , 2.9819189 , 2.95743511],
 [ 3.46366153, 3.45356237, 3.44120812, 3.42615743, 3.40783015, 3.3854291 ,
   3.3574944 , 3.32098015, 3.27335435, 3.21644639, 3.15942779, 3.11162738,
   3.07298728, 3.04107898, 3.01406903, 2.99075262, 2.97031862, 2.95219709,
   2.93597134, 2.9213265 , 2.90801852],
 [ 3.11799854, 3.11860981, 3.11925488, 3.11957982, 3.11887532, 3.11649228,
   3.11277847, 3.10834913, 3.09922454, 3.07545874, 3.03514   , 2.99416749,
   2.9594748 , 2.93044968, 2.90566936, 2.88408648, 2.86499018, 2.84788459,
   2.83241021, 2.81829818, 2.8053432 ],
 [ 2.80869818, 2.81364003, 2.81919667, 2.82564026, 2.83307658, 2.84124744,
   2.84994048, 2.85896707, 2.86398273, 2.85295229, 2.82162938, 2.78471598,
   2.75106324, 2.72201177, 2.6969032 , 2.67493105, 2.65548164, 2.63812032,
   2.62253029, 2.60846644, 2.59572855],
 [ 2.42743236, 2.42883342, 2.43023844, 2.43160553, 2.43288246, 2.43391009,
   2.43425977, 2.43273489, 2.42582493, 2.4065464 , 2.37165077, 2.32979881,
   2.28980391, 2.2545703 , 2.22418874, 2.1980142 , 2.17533431, 2.15553647,
   2.13812704, 2.12271407, 2.10898579],
 [ 1.49142151, 1.5034055 , 1.51823964, 1.53701587, 1.56135841, 1.59361244,
   1.636689  , 1.69217093, 1.75441106, 1.80669558, 1.83485684, 1.83956105,
   1.82975599, 1.81365149, 1.79583995, 1.77835132, 1.76196939, 1.74694505,
   1.73330953, 1.72100319, 1.70992881],
 [ 1.15292053, 1.15166806, 1.14973585, 1.14690602, 1.1429132 , 1.13745043,
   1.13019111, 1.1208361 , 1.10919251, 1.09527591, 1.07940062, 1.06219619,
   1.04449535, 1.02712142, 1.0107052 , 0.99562661, 0.9820534 , 0.97000619,
   0.95941317, 0.95014956, 0.94206605],
 [ 0.86683321, 0.86283396, 0.85799023, 0.85213468, 0.84509249, 0.83670674,
   0.82688366, 0.81565722, 0.80325353, 0.7901116 , 0.77682063, 0.76398385,
   0.75207565, 0.7413632 , 0.73191377, 0.72365588, 0.71644972, 0.71013987,
   0.70458406, 0.69966373, 0.6952842 ],
 [        nan,        nan,        nan,        nan,        nan,        nan,
          nan,        nan,        nan,        nan,        nan,        nan,
          nan,        nan,        nan,        nan,        nan,        nan,
          nan,        nan,        nan],
 [        nan,        nan,        nan,        nan,        nan,        nan,
          nan,        nan,        nan,        nan,        nan,        nan,
          nan,        nan,        nan,        nan,        nan,        nan,
          nan,        nan,        nan]]
measureGC
[  1.00000000e+00,  8.96064581e-01,  7.91120081e-01,  6.83652876e-01,
   5.46417760e-01,  3.66296670e-01,  4.03632694e-02,  9.08173562e-03,
   1.51362260e-03,  5.04540868e-04]
measureAPL
[ 1.        , 1.18299194, 1.39574509, 1.79699618, 2.73167248, 5.53840968,
  3.68142888, 1.06205829, 0.17854905, 0.20245315]
Genetic
Tq
[[ 3.69821147, 3.69094239, 3.68255695, 3.67303921, 3.6624044 , 3.65040423,
   3.63548208, 3.61381798, 3.58307245, 3.54264635, 3.49579006, 3.45133639,
   3.41180315, 3.37643255, 3.34408416, 3.31383107, 3.28503359, 3.2573317 ,
   3.23061895, 3.20498873, 3.18064717],
 [ 3.67463996, 3.66000603, 3.64234948, 3.62104697, 3.5953028 , 3.56402645,
   3.52546106, 3.47685513, 3.4168769 , 3.35104932, 3.28927998, 3.23632641,
   3.19134212, 3.15230597, 3.11760916, 3.086159  , 3.05725744, 3.03048833,
   3.00562679, 2.98256246, 2.9612368 ],
 [ 3.35469684, 3.3549773 , 3.35436262, 3.35282318, 3.35054487, 3.3481776 ,
   3.34640607, 3.34312341, 3.33318745, 3.30683509, 3.25874153, 3.2080986 ,
   3.16342833, 3.1246365 , 3.0903305 , 3.05935915, 3.03095217, 3.00465067,
   2.98021449, 2.95753439, 2.93655969],
 [ 3.26220678, 3.25382407, 3.24381626, 3.23137331, 3.21507317, 3.19311869,
   3.1642562 , 3.12791968, 3.08080623, 3.0173542 , 2.94580632, 2.88186282,
   2.82872085, 2.78408394, 2.74571707, 2.71206984, 2.68211851, 2.65519061,
   2.63083576, 2.60873703, 2.58865369],
 [ 3.14795401, 3.14297086, 3.13696143, 3.12956826, 3.12007948, 3.10720536,
   3.08904961, 3.06338447, 3.02715359, 2.97765453, 2.91952133, 2.86216976,
   2.81071991, 2.76575319, 2.72633546, 2.69146304, 2.66037761, 2.63253956,
   2.60755021, 2.58509259, 2.56489671],
 [ 2.89056648, 2.89070041, 2.8903356 , 2.88929012, 2.88712075, 2.88290178,
   2.87511959, 2.86166458, 2.83940449, 2.80473661, 2.75797164, 2.70591541,
   2.655798  , 2.61076852, 2.57118055, 2.53647851, 2.50598535, 2.47909913,
   2.45531536, 2.43421376, 2.41544204],
 [ 2.3193175 , 2.32492061, 2.33121439, 2.33835677, 2.34665099, 2.35654013,
   2.36849458, 2.38297099, 2.39918455, 2.40835815, 2.38795614, 2.34117755,
   2.29035027, 2.24346718, 2.20189652, 2.16556134, 2.13403369, 2.10677453,
   2.08322017, 2.06283115, 2.04512024],
 [ 2.08550571, 2.08311107, 2.08006241, 2.07614897, 2.07107298, 2.06440187,
   2.05547542, 2.04320642, 2.02561764, 1.99910533, 1.95961654, 1.90866752,
   1.85375981, 1.80142623, 1.75499648, 1.71539639, 1.682215  , 1.65452314,
   1.63132756, 1.61175308, 1.59508572],
 [ 1.20422864, 1.19964402, 1.19407968, 1.18728828, 1.17895596, 1.16869113,
   1.1560236 , 1.14043247, 1.12143898, 1.09881541, 1.07292488, 1.04501088,
   1.01701756, 0.99084188, 0.96764616, 0.94775362, 0.93094596, 0.91678565,
   0.90480929, 0.8946083 , 0.88584844],
 [ 0.82180639, 0.82020553, 0.81804965, 0.81520197, 0.81151163, 0.80682468,
   0.80100064, 0.79393178, 0.78556172, 0.77590906, 0.76511478, 0.75351314,
   0.74165578, 0.73019865, 0.71969544, 0.71045735, 0.70255545, 0.69590549,
   0.69035377, 0.68573169, 0.68188206]]
measureGC
[ 1.        , 0.89858729, 0.79767911, 0.69424823, 0.58678103, 0.47830474,
  0.36478305, 0.21241171, 0.01866801, 0.00403633]
measureAPL
[ 1.        , 1.08682786, 1.15489686, 1.21259177, 1.37042371, 1.58132573,
  2.01705295, 2.81058511, 2.06793249, 0.30499395]

Simulated
Tq
[[ 3.73623463, 3.71873756, 3.6979795 , 3.67317016, 3.64324876, 3.60664486,
   3.56077527, 3.50228183, 3.43184379, 3.35913211, 3.29533664, 3.24276688,
   3.19861853, 3.16025672, 3.12584764, 3.09414671, 3.06433623, 3.03593647,
   3.0087496 , 2.98279692, 2.9582296 ],
 [ 3.60412967, 3.59563092, 3.58430626, 3.56922362, 3.54952232, 3.52472027,
   3.49469874, 3.45878875, 3.41398526, 3.35886386, 3.30077193, 3.24764384,
   3.20107254, 3.15988508, 3.12267459, 3.08830943, 3.055979  , 3.02518524,
   2.99573215, 2.96768463, 2.94126537],
 [ 3.42717475, 3.41843576, 3.40807987, 3.39582494, 3.38121476, 3.36328266,
   3.33977013, 3.30678811, 3.26103503, 3.20160557, 3.13512043, 3.07364569,
   3.02075758, 2.97504174, 2.93476214, 2.89867431, 2.8659732 , 2.83617157,
   2.8089843 , 2.78422949, 2.76175879],
 [ 3.17031659, 3.16372441, 3.15528388, 3.14425896, 3.129944  , 3.11177968,
   3.0890815 , 3.05941768, 3.01677723, 2.95490909, 2.87853948, 2.80697315,
   2.7462913 , 2.69430958, 2.64876477, 2.6082918 , 2.5720965 , 2.53967189,
   2.51063926, 2.48467044, 2.46145697],
 [ 2.84692546, 2.85118613, 2.85565023, 2.86019503, 2.86476176, 2.86948603,
   2.87447418, 2.87872562, 2.87865857, 2.86623146, 2.83280257, 2.78547153,
   2.73642224, 2.69058316, 2.64906466, 2.61186061, 2.57859136, 2.5487603 ,
   2.52189576, 2.49761881, 2.47565034],
 [ 2.06733724, 2.07873308, 2.09235504, 2.10882211, 2.12897674, 2.15429045,
   2.18736274, 2.23209545, 2.29407091, 2.3697398 , 2.39835081, 2.35907849,
   2.30887877, 2.26364281, 2.2244793 , 2.1906049 , 2.16116819, 2.13546048,
   2.1129062 , 2.09303318, 2.07544996],
 [ 1.69353249, 1.70576197, 1.7203719 , 1.73798524, 1.75942523, 1.78581386,
   1.81864605, 1.8594727 , 1.90774993, 1.95340082, 1.97272232, 1.95850553,
   1.92763515, 1.89349055, 1.86132854, 1.83254194, 1.80718519, 1.78494781,
   1.765462  , 1.74837943, 1.73338397],
 [ 1.27030402, 1.2651902 , 1.25901138, 1.25151279, 1.24237765, 1.23122369,
   1.21761751, 1.20112913, 1.18145988, 1.15866937, 1.1334384 , 1.10711796,
   1.08133629, 1.05741908, 1.03610646, 1.01761641, 1.00182497, 0.98843069,
   0.97707215, 0.96739821, 0.95910085],
 [ 1.0695375 , 1.06618699, 1.06200383, 1.056738  , 1.0500614 , 1.04155214,
   1.03068828, 1.01686739, 0.9994787 , 0.97805822, 0.95254083, 0.92355755,
   0.89259339, 0.86174295, 0.83302538, 0.80771823, 0.78620649, 0.76826136,
   0.75338486, 0.74103317, 0.73071759],
 [ 0.76440839, 0.76407158, 0.76345556, 0.76246495, 0.76097867, 0.75884658,
   0.75588814, 0.75189658, 0.74665459, 0.73997348, 0.73177303, 0.72220361,
   0.71174282, 0.70112733, 0.6910888 , 0.68210552, 0.67435804, 0.66782623,
   0.66239375, 0.65791208, 0.65423195]]
measureGC
[ 1.        , 0.89909183, 0.79414733, 0.68668012, 0.56559031, 0.42179617,
  0.26437941, 0.04793138, 0.00958628, 0.00353179]
measureAPL
[ 1.        , 1.10356535, 1.18853556, 1.3527696 , 1.60831164, 2.18205417,
  3.47248166, 4.25107559, 0.85012582, 0.20494105]
