PercentOfNodes
[ 0. , 0.1, 0.2, 0.3, 0.4, 0.5, 0.6, 0.7, 0.8, 0.9]

RandomAttack
Tq
[[ 3.01420955, 3.01908219, 3.02437137, 3.03007727, 3.0360994 , 3.04209685,
   3.04742031, 3.05128801, 3.05316516, 3.05298481, 3.05101231, 3.04760385,
   3.04308727, 3.0377487 , 3.03184696, 3.02561899, 3.01927274, 3.01297671,
   3.00685457, 3.00098739, 2.9954209 ],
 [ 2.94516175, 2.94795363, 2.95225787, 2.95814074, 2.96545962, 2.97380733,
   2.98249454, 2.99055423, 2.99687679, 3.00063099, 3.00163747, 3.00025831,
   2.99703235, 2.99245157, 2.98691756, 2.980761  , 2.97425759, 2.96763113,
   2.96105324, 2.95464642, 2.9484911 ],
 [ 2.94689779, 2.93727448, 2.92778604, 2.91877227, 2.9105276 , 2.90321201,
   2.8967563 , 2.89076221, 2.8844964 , 2.87716092, 2.8683351 , 2.85813254,
   2.84696093, 2.83525131, 2.82335672, 2.81155183, 2.80004819, 2.78900075,
   2.77851059, 2.76863067, 2.75937593],
 [ 2.54443576, 2.54584772, 2.5485558 , 2.55372861, 2.56318883, 2.57922336,
   2.60438589, 2.64108973, 2.6863478 , 2.72005946, 2.72461017, 2.7136138 ,
   2.69858135, 2.68285609, 2.66734854, 2.65238598, 2.6381364 , 2.62470324,
   2.61214467, 2.60047948, 2.58969389],
 [ 2.5903525 , 2.58578216, 2.5797652 , 2.57218355, 2.56328441, 2.55438045,
   2.54924244, 2.55464271, 2.57498337, 2.60060135, 2.61340415, 2.61066148,
   2.59975999, 2.58566266, 2.57049218, 2.55515585, 2.5401108 , 2.52563038,
   2.5118882 , 2.49898663, 2.48697262],
 [ 2.43298181, 2.42871029, 2.42342329, 2.41707281, 2.40984505, 2.40245795,
   2.39661023, 2.39503622, 2.39980181, 2.40638994, 2.4000666 , 2.37793113,
   2.35114977, 2.32546351, 2.30199898, 2.28066826, 2.26121246, 2.24341242,
   2.22710225, 2.2121494 , 2.19843879],
 [ 1.7704575 , 1.77548549, 1.78169055, 1.78961477, 1.80015291, 1.8148391 ,
   1.83638287, 1.86959559, 1.92212487, 1.99460982, 2.02687302, 1.99238904,
   1.94847726, 1.91075645, 1.87962227, 1.85367984, 1.83170024, 1.81278113,
   1.79627391, 1.7817073 , 1.76873294],
 [ 1.46150556, 1.46330214, 1.46542468, 1.4679177 , 1.47070648, 1.4733739 ,
   1.4748311 , 1.47320529, 1.46646931, 1.45357593, 1.43502936, 1.41253844,
   1.38819255, 1.36378033, 1.34051398, 1.31903969, 1.29958368, 1.28212626,
   1.26653565, 1.25264323, 1.24027574],
 [ 1.10944581, 1.10250977, 1.09417346, 1.08413736, 1.07207436, 1.05767116,
   1.04071305, 1.02122022, 0.99960324, 0.97673339, 0.95379851, 0.93194837,
   0.91195146, 0.89410162, 0.87836038, 0.86454484, 0.85244143, 0.84184643,
   0.83257274, 0.8244492 , 0.81732045],
 [ 0.83993545, 0.83693916, 0.83323591, 0.82869169, 0.82317019, 0.81654935,
   0.80874575, 0.79974503, 0.78963362, 0.77862537, 0.76707366, 0.75545035,
   0.74426783, 0.7339555 , 0.72476259, 0.71674681, 0.70983163, 0.70387876,
   0.6987406 , 0.69428573, 0.69040576]]
measureGC
[ 1.    , 0.9   , 0.8   , 0.7   , 0.6   , 0.4928, 0.362 , 0.0892, 0.0062,
  0.002 ]
measureAPL
[ 1.        , 1.08542315, 1.1742431 , 1.3435485 , 1.59686564, 1.99421788,
  3.0284708 , 4.09041299, 0.86918509, 0.30552338]

Degree
Tq
[[ 3.01338898, 3.0183041 , 3.02365147, 3.02943586, 3.03556139, 3.0416842 ,
   3.04713898, 3.05112112, 3.05308122, 3.05295271, 3.05100992, 3.04761886,
   3.04311508, 3.03779017, 3.03190649, 3.02570253, 3.01938588, 3.01312323,
   3.00703575, 3.00120202, 2.99566589],
 [ 2.7318384 , 2.73500434, 2.73862619, 2.74270445, 2.74720138, 2.75201422,
   2.75694328, 2.76165906, 2.76569095, 2.76848839, 2.76958457, 2.76877911,
   2.7661844 , 2.76211269, 2.75693378, 2.75099353, 2.74458662, 2.73795132,
   2.73126981, 2.72467205, 2.71824403],
 [ 2.31961317, 2.33321628, 2.34903576, 2.36735287, 2.38840054, 2.41227017,
   2.43872071, 2.46687582, 2.49493495, 2.52028294, 2.54040453, 2.55413694,
   2.56198351, 2.5653184 , 2.56554775, 2.56376634, 2.56073951, 2.55698244,
   2.55283913, 2.54853829, 2.54422926],
 [ 2.12751181, 2.13641043, 2.14754038, 2.16141716, 2.17854738, 2.19937017,
   2.2241149 , 2.25239393, 2.28229577, 2.30931571, 2.32748298, 2.33410837,
   2.33163117, 2.32402363, 2.314168  , 2.30365159, 2.29323725, 2.2832529 ,
   2.27381869, 2.2649638 , 2.25668157],
 [ 1.90049708, 1.9033142 , 1.90800299, 1.91559831, 1.92737647, 1.94465229,
   1.96848712, 1.99896704, 2.03263049, 2.05844922, 2.06602993, 2.05925377,
   2.04540766, 2.02865413, 2.01125702, 1.99443386, 1.97874794, 1.9643817 ,
   1.9513254 , 1.93948901, 1.92875903],
 [ 1.30879044, 1.31483715, 1.32325154, 1.33517191, 1.35232995, 1.37728529,
   1.41355044, 1.4652669 , 1.53548717, 1.619016  , 1.68634762, 1.70353741,
   1.68688156, 1.66076818, 1.6341367 , 1.60942642, 1.58721512, 1.5674931 ,
   1.55004902, 1.53461746, 1.52093796],
 [ 0.98083346, 0.9757266 , 0.96960093, 0.96230063, 0.95370076, 0.94375544,
   0.93256134, 0.92041358, 0.90780769, 0.89534572, 0.88356694, 0.87280306,
   0.86314905, 0.8545362 , 0.84682885, 0.8398904 , 0.83361099, 0.82791019,
   0.82272921, 0.81802174, 0.81374725],
 [ 0.68367327, 0.68070095, 0.67715437, 0.67295736, 0.66805359, 0.66242832,
   0.65613407, 0.64931178, 0.64219491, 0.6350859 , 0.62830655, 0.62213866,
   0.61677607, 0.61230386, 0.60870775, 0.60590403, 0.6037742 , 0.60219271,
   0.6010438 , 0.60022902, 0.5996687 ],
 [        nan,        nan,        nan,        nan,        nan,        nan,
          nan,        nan,        nan,        nan,        nan,        nan,
          nan,        nan,        nan,        nan,        nan,        nan,
          nan,        nan,        nan],
 [        nan,        nan,        nan,        nan,        nan,        nan,
          nan,        nan,        nan,        nan,        nan,        nan,
          nan,        nan,        nan,        nan,        nan,        nan,
          nan,        nan,        nan]]
measureGC
[  1.00000000e+00,  9.00000000e-01,  8.00000000e-01,  7.00000000e-01,
   6.00000000e-01,  4.66200000e-01,  1.42000000e-02,  2.00000000e-03,
   4.00000000e-04,  2.00000000e-04]
measureAPL
[ 1.        , 1.35967468, 1.77375785, 2.47812276, 3.95138353, 8.74579055,
  1.9140703 , 0.23942056, 0.06242772, 0.12692774]

Centrality
Tq
[[ 3.0139583 , 3.0188298 , 3.02412622, 3.02984959, 3.03589996, 3.04193396,
   3.04729582, 3.05119567, 3.05309449, 3.05292689, 3.05096167, 3.04755736,
   3.04304321, 3.03770632, 3.03180606, 3.02557913, 3.01923251, 3.01293336,
   3.00680405, 3.00092476, 2.99534089],
 [ 2.65965548, 2.65170466, 2.64162066, 2.62919223, 2.61499169, 2.60082612,
   2.59120168, 2.59670769, 2.62779051, 2.67104989, 2.67354273, 2.65842375,
   2.64433235, 2.63193708, 2.62069986, 2.61028489, 2.60051783, 2.5913122 ,
   2.58262464, 2.57442968, 2.56670703],
 [ 2.44168212, 2.44361521, 2.4460299 , 2.44934442, 2.45430115, 2.46257741,
   2.47942243, 2.51431334, 2.5666267 , 2.59833434, 2.59614496, 2.58562553,
   2.57513849, 2.56551463, 2.55655804, 2.54805807, 2.5398865 , 2.53197994,
   2.52431655, 2.51689918, 2.50974414],
 [ 2.27149637, 2.26542851, 2.25737086, 2.24664247, 2.23245579, 2.21432119,
   2.19343243, 2.17531824, 2.16949923, 2.17785891, 2.17918857, 2.16282462,
   2.14255784, 2.1241404 , 2.10811492, 2.09410486, 2.08168625, 2.07052012,
   2.06035723, 2.05102017, 2.04238391],
 [ 2.17142985, 2.15822803, 2.14182405, 2.12128266, 2.09544212, 2.06305362,
   2.02333335, 1.9770942 , 1.92732548, 1.87772071, 1.83182029, 1.7926167 ,
   1.76086011, 1.73541778, 1.71476057, 1.69764378, 1.68317228, 1.67071559,
   1.65982766, 1.65019037, 1.64157448],
 [ 1.844243  , 1.8303484 , 1.81350229, 1.79299364, 1.76802366, 1.73788386,
   1.70244402, 1.66297256, 1.62235054, 1.58351277, 1.54815741, 1.51724962,
   1.49123189, 1.46980938, 1.45221477, 1.43761994, 1.42533027, 1.41481468,
   1.40568124, 1.39764489, 1.39049887],
 [ 1.26243085, 1.24954099, 1.23437926, 1.21649441, 1.19544215, 1.17097564,
   1.14347912, 1.11456105, 1.08693782, 1.06283011, 1.04273146, 1.02602419,
   1.0118964 , 0.99967285, 0.98885051, 0.97907846, 0.9701309 , 0.96187481,
   0.95423688, 0.94717641, 0.94066678],
 [ 1.40447045, 1.39522284, 1.38384904, 1.36972914, 1.35207072, 1.32995031,
   1.30260634, 1.27042645, 1.23656113, 1.20581442, 1.17992883, 1.15761617,
   1.13761002, 1.11942903, 1.10295669, 1.08811436, 1.07477449, 1.06278051,
   1.05197934, 1.04223741, 1.03344163],
 [ 1.08555371, 1.07588041, 1.06366787, 1.04805039, 1.02783091, 1.00137942,
   0.96659039, 0.92122268, 0.86487572, 0.80472124, 0.7564062 , 0.7260124 ,
   0.70755196, 0.69527981, 0.68625615, 0.67911197, 0.67317676, 0.66809165,
   0.66364631, 0.65970712, 0.65618307],
 [ 0.87665453, 0.8698626 , 0.86153031, 0.85118877, 0.838198  , 0.82169161,
   0.80053696, 0.77339295, 0.73908158, 0.69763959, 0.65185675, 0.60708315,
   0.56810302, 0.5368162 , 0.5127257 , 0.49438068, 0.48030792, 0.46933183,
   0.46059632, 0.45349897, 0.44761928]]
measureGC
[ 1.    , 0.9   , 0.7998, 0.6916, 0.5662, 0.411 , 0.1388, 0.0506, 0.0096,
  0.0026]
measureAPL
[ 1.        , 1.23510681, 1.58409167, 2.38943501, 4.21630211, 6.32354698,
  7.51598453, 2.66406711, 0.82807712, 0.32567501]

Genetic
Tq
[[ 3.01369594, 3.0185805 , 3.02388625, 3.02961758, 3.03568298, 3.04174917,
   3.04716268, 3.05112368, 3.05307787, 3.05294988, 3.05100766, 3.04761495,
   3.0431076 , 3.03777842, 3.03189102, 3.0256849 , 3.01936847, 3.01310897,
   3.00702784, 3.00120361, 2.99567987],
 [ 2.94563382, 2.94879972, 2.95346586, 2.95983333, 2.96782988, 2.97697975,
   2.98637346, 2.99477896, 3.00098852, 3.00434438, 3.00492233, 3.00321807,
   2.99979257, 2.99512685, 2.98961109, 2.98356403, 2.97724471, 2.97085641,
   2.96455016, 2.95843134, 2.95256847],
 [ 2.96681116, 2.95617718, 2.9452686 , 2.93443971, 2.924065  , 2.91442184,
   2.90555581, 2.8971915 , 2.8887784 , 2.87972703, 2.86971537, 2.85879776,
   2.84725321, 2.83539217, 2.82346927, 2.81167593, 2.80015501, 2.78901323,
   2.77832916, 2.76815876, 2.75853936],
 [ 2.93169833, 2.91832241, 2.90221019, 2.88290414, 2.86045907, 2.83618336,
   2.81315081, 2.79652733, 2.78934433, 2.78505024, 2.7775362 , 2.76693781,
   2.75470518, 2.7417527 , 2.72859165, 2.71554873, 2.70285852, 2.6906898 ,
   2.67915163, 2.6683001 , 2.65814958],
 [ 2.85744429, 2.83961687, 2.81816925, 2.79243141, 2.76209848, 2.72789536,
   2.69240096, 2.65971285, 2.63223068, 2.60821474, 2.5849319 , 2.56192154,
   2.53977491, 2.5187766 , 2.49895103, 2.48029005, 2.46281674, 2.4465655 ,
   2.43155123, 2.4177545 , 2.40512297],
 [ 2.36604946, 2.36558979, 2.36496799, 2.36433805, 2.36417736, 2.36545268,
   2.37002146, 2.38085985, 2.39972107, 2.41583485, 2.40200777, 2.36883838,
   2.33557124, 2.30531434, 2.27783079, 2.25278646, 2.22997802, 2.20926521,
   2.19051714, 2.17359013, 2.15832638],
 [ 2.08921093, 2.0880053 , 2.08654618, 2.08490279, 2.08327022, 2.08207659,
   2.08211609, 2.08453559, 2.0897885 , 2.0919348 , 2.07249797, 2.03070563,
   1.98572372, 1.94526395, 1.90975221, 1.87836983, 1.85038789, 1.82529306,
   1.80272509, 1.78241437, 1.76414103],
 [ 1.26074539, 1.26553648, 1.27159884, 1.27952141, 1.29022278, 1.30506666,
   1.32574921, 1.35319378, 1.38421625, 1.40823512, 1.41423191, 1.40286827,
   1.38241955, 1.35981156, 1.33855936, 1.31982156, 1.30364186, 1.28969203,
   1.27759078, 1.26700574, 1.25767103],
 [ 1.21708466, 1.21846111, 1.21964202, 1.22040125, 1.22035767, 1.21890356,
   1.21514918, 1.20796483, 1.19626066, 1.17959603, 1.15883617, 1.13608597,
   1.11363349, 1.09293711, 1.07450605, 1.0583078 , 1.04412754, 1.03173026,
   1.02090138, 1.0114473 , 1.0031919 ],
 [ 0.68391388, 0.68111607, 0.67759756, 0.67314312, 0.66746599, 0.6601888 ,
   0.6508332 , 0.63884696, 0.62373104, 0.60534907, 0.58437386, 0.56244512,
   0.54156143, 0.52315809, 0.5077559 , 0.49521027, 0.48508825, 0.47691359,
   0.47026977, 0.46482415, 0.46032071]]
measureGC
[ 1.    , 0.9   , 0.8   , 0.7   , 0.6   , 0.498 , 0.3692, 0.0618, 0.0138,
  0.0014]
measureAPL
[ 1.        , 1.08009543, 1.16534029, 1.30106116, 1.52084   , 1.96004377,
  3.07014781, 3.29394575, 1.49109447, 0.20230937]

Simulated
Tq
[[ 3.01383284, 3.01872225, 3.02403706, 3.02977977, 3.03585238, 3.04191211,
   3.04730018, 3.05122249, 3.05313821, 3.05298166, 3.05102148, 3.04761664,
   3.04309762, 3.03775342, 3.03184584, 3.02561422, 3.01926776, 3.01297501,
   3.00685875, 3.00099873, 2.99543942],
 [ 2.9754587 , 2.97307007, 2.97130493, 2.97015483, 2.96949109, 2.96903882,
   2.96837478, 2.96697347, 2.96434826, 2.96024462, 2.95470587, 2.94796379,
   2.9403032 , 2.93199786, 2.92329891, 2.91443454, 2.90560451, 2.89697158,
   2.8886566 , 2.88073971, 2.87326635],
 [ 2.90899952, 2.90478069, 2.90090732, 2.89744687, 2.89435687, 2.89144267,
   2.88831529, 2.8844159 , 2.87921282, 2.87245684, 2.86423695, 2.85483604,
   2.84457428, 2.83373557, 2.82255764, 2.81124355, 2.79997087, 2.78889401,
   2.77814266, 2.76781982, 2.75800092],
 [ 2.87789757, 2.86439205, 2.84851029, 2.83022898, 2.81042225, 2.79167866,
   2.77770983, 2.77014197, 2.76663822, 2.7631903 , 2.7573366 , 2.74892811,
   2.73879604, 2.7277295 , 2.71626701, 2.7047614 , 2.6934506 , 2.68249718,
   2.67200921, 2.66205344, 2.65266534],
 [ 2.48296211, 2.4765852 , 2.46979679, 2.46313983, 2.45758566, 2.45502197,
   2.45871896, 2.47243123, 2.49712262, 2.51699499, 2.50603169, 2.47955927,
   2.45208671, 2.42642049, 2.4029722 , 2.38171947, 2.36251208, 2.34515671,
   2.32945583, 2.31522505, 2.3022987 ],
 [ 2.28607226, 2.28652239, 2.287086  , 2.28801605, 2.2898925 , 2.29396192,
   2.30246992, 2.318756  , 2.34578872, 2.37813014, 2.38685383, 2.36418822,
   2.33353542, 2.3034796 , 2.27569023, 2.25048839, 2.22781587, 2.20747587,
   2.18923129, 2.172845  , 2.15809471],
 [ 1.94411231, 1.94802177, 1.9526861 , 1.95846554, 1.96594618, 1.97608011,
   1.99034931, 2.01063732, 2.03698477, 2.05735493, 2.04548603, 2.00496643,
   1.95857583, 1.91506452, 1.87561899, 1.84035853, 1.80931486, 1.78229514,
   1.75889257, 1.73861108, 1.72096554],
 [ 1.47531852, 1.46700265, 1.45700572, 1.44485695, 1.42993668, 1.41145012,
   1.38844003, 1.35992369, 1.32535261, 1.28562241, 1.24401746, 1.20496172,
   1.17106619, 1.1425066 , 1.11842673, 1.09791144, 1.08024125, 1.06488363,
   1.05144094, 1.03960763, 1.02914167],
 [ 1.04514525, 1.0442088 , 1.04256629, 1.03987068, 1.03563284, 1.02920129,
   1.01979032, 1.00661896, 0.98922692, 0.96792737, 0.94409145, 0.91983153,
   0.8971321 , 0.87715201, 0.86018484, 0.84600674, 0.83420304, 0.8243463 ,
   0.81606416, 0.80905346, 0.80307403],
 [ 0.7268759 , 0.7263497 , 0.72553502, 0.72433876, 0.72264758, 0.72032877,
   0.71723419, 0.71320839, 0.70810341, 0.70180985, 0.69432151, 0.68583911,
   0.67685574, 0.66808938, 0.66021418, 0.65360623, 0.6483181 , 0.6442091 ,
   0.64107206, 0.63870264, 0.63692555]]
measureGC
[ 1.    , 0.9   , 0.8   , 0.7   , 0.5998, 0.4926, 0.349 , 0.0746, 0.0056,
  0.0014]
measureAPL
[ 1.        , 1.09009957, 1.1872864 , 1.3649347 , 1.61798858, 2.02785723,
  3.11058906, 4.74398958, 0.80931818, 0.23156424]