PercentOfNodes
[ 0. , 0.1, 0.2, 0.3, 0.4, 0.5, 0.6, 0.7, 0.8, 0.9]

RandomAttack
Tq
[[ 2.93278889, 2.94444467, 2.95762153, 2.97251389, 2.98947722, 3.00871226,
   3.02930264, 3.04797849, 3.05613205, 3.03606908, 2.958504  , 2.79478509,
   2.56359914, 2.30706557, 2.06317204, 1.88769368, 1.76564909, 1.67733637,
   1.61078142, 1.55895156, 1.51752395],
 [ 2.8520459 , 2.84995053, 2.84707122, 2.84316348, 2.83792075, 2.83067994,
   2.81971918, 2.8013791 , 2.76759437, 2.70108096, 2.57843999, 2.38847198,
   2.16023664, 1.92558133, 1.71443472, 1.56525427, 1.4616899 , 1.3866066 ,
   1.32980072, 1.28532511, 1.24956633],
 [ 2.83632272, 2.84592772, 2.85671026, 2.86879088, 2.8824154 , 2.89806511,
   2.91623943, 2.93633086, 2.95487948, 2.95733911, 2.9018825 , 2.75155591,
   2.5303658 , 2.25566356, 1.99279572, 1.81070124, 1.6859915 , 1.59653865,
   1.5295977 , 1.47772035, 1.43636788],
 [ 2.71784207, 2.73081065, 2.74580681, 2.76329921, 2.78364654, 2.80696833,
   2.83328817, 2.86221833, 2.8896474 , 2.90096645, 2.86148775, 2.73325156,
   2.52943922, 2.25674722, 1.99158973, 1.80760993, 1.68229108, 1.5929202 ,
   1.52631052, 1.47484266, 1.43392158],
 [ 2.43232463, 2.45273464, 2.47707524, 2.50631041, 2.54141205, 2.58320105,
   2.63246802, 2.68958181, 2.75064228, 2.79961866, 2.79882659, 2.70753159,
   2.53383973, 2.2825655 , 2.03247898, 1.85518478, 1.73357218, 1.64708906,
   1.58300598, 1.53376534, 1.4947852 ],
 [ 2.48123214, 2.48158442, 2.4817366 , 2.48150688, 2.48054349, 2.47825856,
   2.47379732, 2.46581328, 2.45095439, 2.4189034 , 2.34613315, 2.20394651,
   2.00572519, 1.76172136, 1.55845525, 1.42461496, 1.33314619, 1.26719168,
   1.2176157 , 1.17914346, 1.14849336],
 [ 2.19737262, 2.2048161 , 2.21324081, 2.22289171, 2.23403191, 2.24689013,
   2.26162674, 2.27848869, 2.29814048, 2.31870408, 2.31534374, 2.23773746,
   2.08537175, 1.87749836, 1.69799968, 1.57483615, 1.48868199, 1.42585857,
   1.37830998, 1.34120508, 1.3115181 ],
 [ 1.82242441, 1.8350125 , 1.84939524, 1.86592565, 1.88509564, 1.90768207,
   1.93500673, 1.96912865, 2.01186417, 2.05809236, 2.07986787, 2.03799384,
   1.91975858, 1.73494705, 1.57173823, 1.4595447 , 1.38132575, 1.32438517,
   1.28137777, 1.24789878, 1.22118658],
 [ 1.75599568, 1.76274641, 1.77028101, 1.77891198, 1.78916989, 1.80193302,
   1.81853883, 1.84045167, 1.866894  , 1.88845395, 1.88216645, 1.82375221,
   1.70072871, 1.52095169, 1.37055279, 1.26972526, 1.20007854, 1.14945242,
   1.11115835, 1.08126035, 1.05731026],
 [ 1.37671114, 1.37927687, 1.3820049 , 1.38491902, 1.38802873, 1.39127271,
   1.39435362, 1.39632438, 1.39476976, 1.38473489, 1.35806258, 1.30404922,
   1.21609212, 1.10886106, 1.01172289, 0.93698715, 0.88189504, 0.84107963,
   0.81029401, 0.78659336, 0.76797972]]
measureGC
[ 1.    , 0.6375, 0.409 , 0.309 , 0.238 , 0.0925, 0.0575, 0.0315, 0.022 ,
  0.008 ]
measureAPL
[   1.        , 258.06058824, 141.8385544 , 102.10821197,  77.01667542,
   23.13513514,  13.46521739,   6.70238095,   4.20880682,   1.2578125 ]

Degree
Tq
[[ 2.99592137, 2.9924403 , 2.9879198 , 2.98190813, 2.97379414, 2.96251584,
   2.94587678, 2.91960199, 2.87538702, 2.79860555, 2.66872968, 2.47378745,
   2.24033412, 2.00346104, 1.788814  , 1.63525777, 1.52793192, 1.44973747,
   1.3904051 , 1.34391232, 1.30654113],
 [ 0.82791022, 0.82649443, 0.82453822, 0.82190003, 0.81841676, 0.81391123,
   0.80820737, 0.8011545 , 0.79266048, 0.78273362, 0.7715347 , 0.75943039,
   0.74699744, 0.73490842, 0.72373382, 0.71380536, 0.70521643, 0.69790415,
   0.6917323 , 0.68654402, 0.68218775],
 [        nan,        nan,        nan,        nan,        nan,        nan,
          nan,        nan,        nan,        nan,        nan,        nan,
          nan,        nan,        nan,        nan,        nan,        nan,
          nan,        nan,        nan],
 [        nan,        nan,        nan,        nan,        nan,        nan,
          nan,        nan,        nan,        nan,        nan,        nan,
          nan,        nan,        nan,        nan,        nan,        nan,
          nan,        nan,        nan],
 [        nan,        nan,        nan,        nan,        nan,        nan,
          nan,        nan,        nan,        nan,        nan,        nan,
          nan,        nan,        nan,        nan,        nan,        nan,
          nan,        nan,        nan],
 [        nan,        nan,        nan,        nan,        nan,        nan,
          nan,        nan,        nan,        nan,        nan,        nan,
          nan,        nan,        nan,        nan,        nan,        nan,
          nan,        nan,        nan],
 [        nan,        nan,        nan,        nan,        nan,        nan,
          nan,        nan,        nan,        nan,        nan,        nan,
          nan,        nan,        nan,        nan,        nan,        nan,
          nan,        nan,        nan],
 [        nan,        nan,        nan,        nan,        nan,        nan,
          nan,        nan,        nan,        nan,        nan,        nan,
          nan,        nan,        nan,        nan,        nan,        nan,
          nan,        nan,        nan],
 [        nan,        nan,        nan,        nan,        nan,        nan,
          nan,        nan,        nan,        nan,        nan,        nan,
          nan,        nan,        nan,        nan,        nan,        nan,
          nan,        nan,        nan],
 [        nan,        nan,        nan,        nan,        nan,        nan,
          nan,        nan,        nan,        nan,        nan,        nan,
          nan,        nan,        nan,        nan,        nan,        nan,
          nan,        nan,        nan]]
measureGC
[  1.00000000e+00,  4.00000000e-03,  1.00000000e-03,  5.00000000e-04,
   5.00000000e-04,  5.00000000e-04,  5.00000000e-04,  5.00000000e-04,
   5.00000000e-04,  5.00000000e-04]
measureAPL
[ 1.     , 0.5625 , 0.03125, 0.     , 0.     , 0.     , 0.     , 0.     ,
  0.     , 0.     ]

Centrality
Tq
[[ 2.83805388, 2.85665872, 2.87800479, 2.90258725, 2.9312333 , 2.96471313,
   3.00259079, 3.04188065, 3.07353928, 3.07889625, 3.02611058, 2.87972814,
   2.65545259, 2.39684389, 2.14514007, 1.96300625, 1.83651292, 1.74519336,
   1.67649957, 1.62308002, 1.58043208],
 [ 3.2772421 , 3.28228855, 3.28755459, 3.29283952, 3.29772779, 3.30146438,
   3.30270643, 3.29900003, 3.28586654, 3.25456002, 3.18559329, 3.04485425,
   2.82576132, 2.55693637, 2.2897851 , 2.09677858, 1.96305062, 1.86669293,
   1.7943644 , 1.73826164, 1.69359478],
 [ 3.42855347, 3.43035166, 3.43199768, 3.43335715, 3.4342138 , 3.43419168,
   3.43258315, 3.42798058, 3.41746675, 3.39448257, 3.34251986, 3.22584934,
   3.02119808, 2.73552857, 2.44471606, 2.23786139, 2.09592468, 1.99445921,
   1.91882548, 1.86051014, 1.8143262 ],
 [ 3.51756921, 3.51625013, 3.51415236, 3.5109594 , 3.50619857, 3.49914252,
   3.48862325, 3.47265406, 3.44759521, 3.40611002, 3.33186847, 3.19344214,
   2.97477668, 2.67868437, 2.38490222, 2.17849808, 2.03703367, 1.93580074,
   1.86021962, 1.8018179 , 1.75543861],
 [ 3.59194509, 3.58925903, 3.58569459, 3.58093294, 3.57449633, 3.5656454 ,
   3.55319873, 3.53519525, 3.50817626, 3.46537652, 3.39203262, 3.26034583,
   3.04839258, 2.73333145, 2.42062266, 2.20486028, 2.0578657 , 1.95293229,
   1.87478538, 1.81459172, 1.76695631],
 [ 3.6215809 , 3.62238849, 3.62279175, 3.62245657, 3.62086689, 3.61724084,
   3.61038154, 3.5983498 , 3.57766034, 3.54125557, 3.47397679, 3.34894359,
   3.13956193, 2.79528514, 2.45757275, 2.23073448, 2.07800373, 1.96956329,
   1.88902139, 1.8270754 , 1.77810005],
 [ 3.67675399, 3.67606934, 3.67506663, 3.67360094, 3.67143439, 3.66816078,
   3.66305462, 3.65474637, 3.64045004, 3.61394147, 3.56040799, 3.45092933,
   3.24641375, 2.86653455, 2.50368284, 2.26651557, 2.10892931, 1.9980903 ,
   1.91648151, 1.85421036, 1.80529632],
 [ 3.6334746 , 3.63144861, 3.62871861, 3.62503125, 3.62000282, 3.61301941,
   3.60303355, 3.58812447, 3.56449049, 3.5240566 , 3.44988188, 3.31973622,
   3.10208433, 2.68568394, 2.31211217, 2.07450733, 1.91763411, 1.80789827,
   1.727502  , 1.66638264, 1.61850587],
 [ 3.95686521, 3.95540128, 3.95362045, 3.95142588, 3.94867422, 3.94514024,
   3.94044014, 3.93384492, 3.9237709 , 3.90629918, 3.87181106, 3.80292071,
   3.59453309, 3.01502082, 2.53654928, 2.25675596, 2.08018397, 1.95954785,
   1.87224144, 1.80623079, 1.75458331],
 [ 3.44753574, 3.44787231, 3.4481489 , 3.44831473, 3.44828882, 3.44794294,
   3.44707624, 3.44537897, 3.44237931, 3.43729118, 3.42784649, 3.39721971,
   3.17040969, 2.54424087, 2.12835564, 1.90496385, 1.76851667, 1.67643273,
   1.60993186, 1.5595336 , 1.51996223]]
measureGC
[ 1. , 0.9, 0.8, 0.7, 0.6, 0.5, 0.4, 0.3, 0.2, 0.1]
measureAPL
[   1.        , 374.47086806, 306.60285156, 248.50852679, 197.95114583,
  151.79325   , 110.8128125 ,  74.193125  ,  41.9596875 ,  16.759375  ]

Genetic
Tq
[[ 2.98352964, 2.99001299, 2.99713695, 3.00488347, 3.01329481, 3.02214671,
   3.0300721 , 3.03342221, 3.02351906, 2.98361737, 2.88745852, 2.71210743,
   2.47922443, 2.22939004, 1.99653961, 1.82860286, 1.71132368, 1.62604711,
   1.56150071, 1.51106383, 1.47063638],
 [ 2.88412192, 2.88575654, 2.88719142, 2.88829712, 2.88888834, 2.88834276,
   2.88501268, 2.87530061, 2.8506267 , 2.79465415, 2.6845848 , 2.50534136,
   2.28329404, 2.05222158, 1.83991501, 1.68707632, 1.57999705, 1.50187949,
   1.44255571, 1.39603585, 1.3586209 ],
 [ 2.48624471, 2.5064325 , 2.53055775, 2.55985317, 2.59605125, 2.64121039,
   2.69711541, 2.76481562, 2.84018847, 2.89754855, 2.88034066, 2.7525628 ,
   2.54695552, 2.29623349, 2.05093367, 1.87511805, 1.75335158, 1.6655643 ,
   1.59957312, 1.54827191, 1.50733869],
 [ 2.08694909, 2.09543566, 2.10515749, 2.11648867, 2.12984854, 2.14558853,
   2.1639185 , 2.18468057, 2.20462962, 2.21028301, 2.17811157, 2.09785224,
   1.97897025, 1.82671574, 1.67039107, 1.54545734, 1.45373619, 1.38615698,
   1.33507721, 1.29538657, 1.26377166],
 [ 1.9166303 , 1.92820286, 1.94188757, 1.95815279, 1.97752106, 2.00067843,
   2.02870063, 2.06252127, 2.09917478, 2.12457832, 2.1125861 , 2.04933636,
   1.94357112, 1.80339626, 1.657095  , 1.53800011, 1.44968447, 1.38433185,
   1.33485089, 1.29639191, 1.26577436],
 [ 2.03145991, 2.03669508, 2.04280726, 2.04992283, 2.05807591, 2.06712417,
   2.07677251, 2.08693176, 2.09812914, 2.10754806, 2.08815918, 2.00348208,
   1.85874088, 1.65554067, 1.47560436, 1.35209199, 1.26729844, 1.20634348,
   1.16063694, 1.12520879, 1.09700988],
 [ 1.83054116, 1.84163667, 1.85434217, 1.86881976, 1.88521275, 1.90376582,
   1.92512538, 1.95060816, 1.98072408, 2.00643047, 2.00025985, 1.94060686,
   1.81626323, 1.62239225, 1.4439852 , 1.31982699, 1.23462101, 1.17350627,
   1.12779046, 1.09244666, 1.06440355],
 [ 1.69298429, 1.69766241, 1.70285015, 1.70868833, 1.71533115, 1.72286779,
   1.73110942, 1.73913771, 1.74454522, 1.74215311, 1.72201709, 1.67119469,
   1.58035347, 1.45909017, 1.34491718, 1.25845231, 1.19616712, 1.15054161,
   1.11616207, 1.0895542 , 1.06846956],
 [        nan,        nan,        nan,        nan,        nan,        nan,
          nan,        nan,        nan,        nan,        nan,        nan,
          nan,        nan,        nan,        nan,        nan,        nan,
          nan,        nan,        nan],
 [ 0.54670681, 0.54320475, 0.53909271, 0.53424291, 0.52850894, 0.52173287,
   0.51376181, 0.50447794, 0.49384328, 0.48195228, 0.46907241, 0.45564322,
   0.44221404, 0.42933417, 0.41744317, 0.4068085 , 0.39752464, 0.38955358,
   0.38277751, 0.37704354, 0.37219374]]
measureGC
[ 1.    , 0.784 , 0.524 , 0.112 , 0.0855, 0.0375, 0.026 , 0.0175, 0.002 ,
  0.002 ]
measureAPL
[  1.00000000e+00,  3.48609534e+02,  2.08034590e+02,  3.83437500e+01,
   2.78369883e+01,  7.91000000e+00,  5.20793269e+00,  3.47857143e+00,
   1.40625000e-01,  1.56250000e-01]

Simulated
Tq
[[ 2.98993031, 2.99600614, 3.0026632 , 3.00985313, 3.01755838, 3.02551497,
   3.03238727, 3.03462382, 3.023899  , 2.98371659, 2.8875418 , 2.71162925,
   2.47705404, 2.22335755, 1.98517226, 1.81427548, 1.69540414, 1.60926172,
   1.54421826, 1.49346613, 1.45282357],
 [ 1.99929697, 2.00731314, 2.01617729, 2.02601895, 2.03694332, 2.04892843,
   2.06159001, 2.07373989, 2.08256385, 2.08135667, 2.05723831, 1.99811246,
   1.88944337, 1.72505274, 1.5600815 , 1.43550818, 1.34731311, 1.28385176,
   1.23669829, 1.20055242, 1.17208716],
 [ 1.93390715, 1.93402249, 1.93374531, 1.93292756, 1.93138914, 1.9289159 ,
   1.92525294, 1.92005374, 1.91248613, 1.89858617, 1.86236242, 1.78246948,
   1.6513494 , 1.47708072, 1.3445366 , 1.26027985, 1.20279168, 1.16069469,
   1.12843653, 1.10293064, 1.08227121],
 [ 1.86917432, 1.87434293, 1.8798156 , 1.88570674, 1.89226386, 1.8999923 ,
   1.9099094 , 1.92402706, 1.9456815 , 1.97478633, 1.98682978, 1.94253828,
   1.81561829, 1.61618193, 1.45925544, 1.35910166, 1.29099187, 1.24125046,
   1.20320834, 1.17319304, 1.14894874],
 [ 1.21956334, 1.22385997, 1.2286218 , 1.23381457, 1.23929139, 1.2446906 ,
   1.24926747, 1.25163241, 1.24937177, 1.23860584, 1.21394284, 1.17030851,
   1.10816472, 1.03789477, 0.9737809 , 0.92311847, 0.88546146, 0.85766188,
   0.83677087, 0.82067564, 0.80797098],
 [ 1.06360441, 1.06621745, 1.06890294, 1.07154453, 1.07392594, 1.07565982,
   1.07607606, 1.07407115, 1.06797518, 1.05562398, 1.03499113, 1.00565777,
   0.97050795, 0.93559947, 0.90681698, 0.88643584, 0.87345564, 0.8657691 ,
   0.86148582, 0.85927016, 0.85827071],
 [ 1.02128971, 1.02347172, 1.02583199, 1.02836131, 1.03100048, 1.0335692 ,
   1.03561747, 1.03614549, 1.0331658 , 1.02327771, 1.00197447, 0.96605462,
   0.91809216, 0.86732218, 0.82270732, 0.78750191, 0.76085812, 0.74081831,
   0.72563373, 0.7140065 , 0.70501405],
 [ 1.55943704, 1.55688489, 1.55376646, 1.54987135, 1.5448734 , 1.53824463,
   1.52909078, 1.51583238, 1.49560405, 1.4632921 , 1.41092886, 1.3313685 ,
   1.23121902, 1.13508991, 1.06127954, 1.01015327, 0.97520166, 0.95066129,
   0.93277322, 0.91925187, 0.90870402],
 [ 1.28374859, 1.27993445, 1.27527907, 1.26947772, 1.2620698 , 1.2523409 ,
   1.23916273, 1.22075725, 1.19445784, 1.1568943 , 1.10580736, 1.04432319,
   0.98283903, 0.93175209, 0.89418855, 0.86788914, 0.84948366, 0.83630549,
   0.82657659, 0.81916867, 0.81336731],
 [        nan,        nan,        nan,        nan,        nan,        nan,
          nan,        nan,        nan,        nan,        nan,        nan,
          nan,        nan,        nan,        nan,        nan,        nan,
          nan,        nan,        nan]]
measureGC
[ 1.    , 0.0395, 0.0195, 0.017 , 0.005 , 0.0045, 0.003 , 0.003 , 0.0025,
  0.001 ]
measureAPL
[ 1.        , 9.6028481 , 3.35897436, 2.76654412, 0.65      , 0.58333333,
  0.29166667, 0.26041667, 0.2       , 0.03125   ]