PercentOfNodes
[ 0. , 0.1, 0.2, 0.3, 0.4, 0.5, 0.6, 0.7, 0.8, 0.9]

RandomAttack
Tq
[[ 1.7955069 , 1.78736661, 1.7773152 , 1.76485119, 1.74933875, 1.72996658,
   1.70568567, 1.67511145, 1.63639186, 1.58701851, 1.52291065, 1.43690359,
   1.32497134, 1.20181723, 1.09304026, 1.00943355, 0.9477369 , 0.90180387,
   0.86678259, 0.83939533, 0.81748024],
 [ 1.70917384, 1.70176258, 1.69253471, 1.68100287, 1.66653527, 1.64830334,
   1.6252114 , 1.59581597, 1.55825686, 1.51012448, 1.44776786, 1.36572563,
   1.26231011, 1.15066345, 1.05164042, 0.97442966, 0.91671631, 0.8733699 ,
   0.84012749, 0.81402247, 0.79306364],
 [ 1.35114519, 1.34428017, 1.33581506, 1.32523356, 1.31181492, 1.29453092,
   1.2718883 , 1.24172099, 1.20105181, 1.14681728, 1.08007992, 1.00720469,
   0.93040876, 0.85456264, 0.78848406, 0.73588417, 0.69521292, 0.66358852,
   0.63856855, 0.61839531, 0.60184652],
 [ 1.36026235, 1.35319896, 1.34467672, 1.33428936, 1.3214773 , 1.30544247,
   1.2850094 , 1.25843667, 1.22330647, 1.17680764, 1.1162376 , 1.03984059,
   0.95199508, 0.866342  , 0.79505536, 0.74055499, 0.69961044, 0.6683966 ,
   0.64403648, 0.62458292, 0.60873288],
 [ 1.48455728, 1.48444493, 1.48385501, 1.48252588, 1.48004531, 1.47575488,
   1.46858881, 1.45680499, 1.43756604, 1.4064475 , 1.35753382, 1.28613618,
   1.19555835, 1.10060142, 1.01789241, 0.95428575, 0.90793854, 0.87444961,
   0.84992724, 0.83157496, 0.81750629],
 [ 1.07124499, 1.06902386, 1.06619479, 1.06253394, 1.05772349, 1.05130647,
   1.04261723, 1.03067931, 1.01408142, 0.99092092, 0.95912061, 0.91768972,
   0.86886368, 0.81860325, 0.77319152, 0.73561291, 0.70568024, 0.68196683,
   0.66300346, 0.64762045, 0.63495275],
 [ 1.47688111, 1.46928122, 1.460272  , 1.44945628, 1.43628661, 1.41999685,
   1.39950354, 1.37327701, 1.33922395, 1.29476527, 1.23761675, 1.16805177,
   1.0921274 , 1.02049196, 0.96046988, 0.91294801, 0.87578047, 0.84649174,
   0.82308087, 0.80407345, 0.78840744],
 [        nan,        nan,        nan,        nan,        nan,        nan,
          nan,        nan,        nan,        nan,        nan,        nan,
          nan,        nan,        nan,        nan,        nan,        nan,
          nan,        nan,        nan],
 [ 0.96010154, 0.95290209, 0.94443994, 0.93437938, 0.9222639 , 0.90746342,
   0.8890999 , 0.86595573, 0.83641343, 0.79863277, 0.75156943, 0.6974988 ,
   0.64342816, 0.59636483, 0.55858416, 0.52904187, 0.5058977 , 0.48753418,
   0.4727337 , 0.46061822, 0.45055766],
 [ 0.40479405, 0.40479405, 0.40479405, 0.40479405, 0.40479405, 0.40479405,
   0.40479405, 0.40479405, 0.40479405, 0.40479405, 0.40479405, 0.40479405,
   0.40479405, 0.40479405, 0.40479405, 0.40479405, 0.40479405, 0.40479405,
   0.40479405, 0.40479405, 0.40479405]]
measureGC
[ 1.        , 0.91176471, 0.82352941, 0.70588235, 0.61764706, 0.52941176,
  0.26470588, 0.23529412, 0.17647059, 0.08823529]
measureAPL
[ 1.        , 7.23225806, 7.10714286, 5.41666667, 4.73333333, 4.26666667,
  1.26666667, 1.075     , 0.7       , 0.26666667]

Degree
Tq
[[ 1.58225498, 1.57298664, 1.56184676, 1.54835236, 1.53188164, 1.51163199,
   1.48656865, 1.45538291, 1.41657266, 1.36881445, 1.31051844, 1.23721815,
   1.14506766, 1.0439982 , 0.95356355, 0.88269871, 0.82934705, 0.78890536,
   0.75758772, 0.73276742, 0.71267715],
 [ 1.26517611, 1.25912498, 1.25174951, 1.24266742, 1.23136707, 1.21715406,
   1.19906912, 1.17577489, 1.14550631, 1.10647768, 1.05804857, 1.00126979,
   0.93881421, 0.87646116, 0.82115175, 0.77624377, 0.74120016, 0.71400576,
   0.69267912, 0.67568459, 0.66191388],
 [ 0.61792182, 0.6183895 , 0.61888811, 0.61943961, 0.62008293, 0.6208813 ,
   0.62192799, 0.623344  , 0.62525658, 0.62774796, 0.63078156, 0.63415174,
   0.63752192, 0.64055552, 0.6430469 , 0.64495949, 0.64637549, 0.64742218,
   0.64822055, 0.64886387, 0.64941537],
 [ 0.44243344, 0.44243344, 0.44243344, 0.44243344, 0.44243344, 0.44243344,
   0.44243344, 0.44243344, 0.44243344, 0.44243344, 0.44243344, 0.44243344,
   0.44243344, 0.44243344, 0.44243344, 0.44243344, 0.44243344, 0.44243344,
   0.44243344, 0.44243344, 0.44243344],
 [        nan,        nan,        nan,        nan,        nan,        nan,
          nan,        nan,        nan,        nan,        nan,        nan,
          nan,        nan,        nan,        nan,        nan,        nan,
          nan,        nan,        nan],
 [        nan,        nan,        nan,        nan,        nan,        nan,
          nan,        nan,        nan,        nan,        nan,        nan,
          nan,        nan,        nan,        nan,        nan,        nan,
          nan,        nan,        nan],
 [        nan,        nan,        nan,        nan,        nan,        nan,
          nan,        nan,        nan,        nan,        nan,        nan,
          nan,        nan,        nan,        nan,        nan,        nan,
          nan,        nan,        nan],
 [        nan,        nan,        nan,        nan,        nan,        nan,
          nan,        nan,        nan,        nan,        nan,        nan,
          nan,        nan,        nan,        nan,        nan,        nan,
          nan,        nan,        nan],
 [        nan,        nan,        nan,        nan,        nan,        nan,
          nan,        nan,        nan,        nan,        nan,        nan,
          nan,        nan,        nan,        nan,        nan,        nan,
          nan,        nan,        nan],
 [        nan,        nan,        nan,        nan,        nan,        nan,
          nan,        nan,        nan,        nan,        nan,        nan,
          nan,        nan,        nan,        nan,        nan,        nan,
          nan,        nan,        nan]]
measureGC
[ 1.        , 0.58823529, 0.17647059, 0.11764706, 0.05882353, 0.02941176,
  0.02941176, 0.02941176, 0.02941176, 0.02941176]
measureAPL
[ 1.        , 5.33      , 0.96666667, 0.5       , 0.1       , 0.        ,
  0.        , 0.        , 0.        , 0.        ]
\Centrality
Tq
[[ 1.94964186, 1.94663216, 1.94271478, 1.93758095, 1.93082184, 1.92189411,
   1.91004789, 1.89412874, 1.87196556, 1.83877265, 1.78499089, 1.69681805,
   1.56613673, 1.41316227, 1.27679547, 1.17412804, 1.10084085, 1.04829999,
   1.0097646 , 0.9807475 , 0.95833862],
 [ 1.64892908, 1.64174472, 1.63331333, 1.62332615, 1.61137665, 1.59692001,
   1.57920158, 1.55710818, 1.52883206, 1.49116049, 1.43836531, 1.36220218,
   1.25874271, 1.14203185, 1.03697249, 0.95511699, 0.89425863, 0.84879906,
   0.81408846, 0.78692012, 0.76516185],
 [ 1.5865642 , 1.57991121, 1.57190271, 1.5621749 , 1.55024485, 1.53546205,
   1.51693164, 1.49337898, 1.46288497, 1.42238338, 1.36703527, 1.29102776,
   1.19391471, 1.08931422, 0.99653035, 0.92370589, 0.86878391, 0.82718775,
   0.79505528, 0.76966281, 0.74916447],
 [ 1.78284159, 1.77843755, 1.77274769, 1.76534034, 1.75562595, 1.74277148,
   1.72554326, 1.70202983, 1.66920086, 1.6223398 , 1.55483695, 1.46051902,
   1.34210843, 1.21833526, 1.11046779, 1.02588082, 0.96169439, 0.91278881,
   0.8748771 , 0.84488847, 0.820702  ],
 [ 1.76109388, 1.75191498, 1.74106364, 1.72810191, 1.71244241, 1.69328139,
   1.66948799, 1.63940772, 1.60050382, 1.54876436, 1.47817134, 1.38226598,
   1.26235749, 1.13704137, 1.02917524, 0.94616738, 0.88417785, 0.83745499,
   0.80147332, 0.77311677, 0.75029018],
 [ 2.2284265 , 2.22399245, 2.2178108 , 2.20920464, 2.1972597 , 2.18075615,
   2.15806795, 2.12697845, 2.0843026 , 2.02517282, 1.94220372, 1.82674213,
   1.67816926, 1.51814348, 1.37770912, 1.26882196, 1.18746756, 1.12634193,
   1.07950051, 1.0427995 , 1.01344008],
 [ 2.44583157, 2.4305789 , 2.41270231, 2.39160036, 2.36650468, 2.3364233 ,
   2.30004757, 2.2555657 , 2.2002214 , 2.12926115, 2.03402961, 1.90194491,
   1.73022284, 1.5498661 , 1.39979755, 1.28834037, 1.20694117, 1.14628567,
   1.09980961, 1.06324693, 1.03381981],
 [ 1.87540112, 1.86328261, 1.84942685, 1.83349459, 1.81504081, 1.79344411,
   1.76776279, 1.73644023, 1.69673076, 1.64375943, 1.56981364, 1.46701195,
   1.33773554, 1.20272044, 1.08633812, 0.99737406, 0.93198328, 0.88354265,
   0.8467278 , 0.8179312 , 0.79480322],
 [ 1.21618095, 1.20920046, 1.20118119, 1.19186254, 1.18088135, 1.16772317,
   1.15165534, 1.13164745, 1.10631363, 1.07397602, 1.03304619, 0.98291467,
   0.92514321, 0.86396489, 0.80491258, 0.75227017, 0.70777595, 0.67118068,
   0.64133613, 0.61692763, 0.59678989],
 [ 0.93361264, 0.92721146, 0.91970479, 0.91080046, 0.90010406, 0.88707984,
   0.87100387, 0.85092773, 0.82571689, 0.79433478, 0.75665166, 0.71467536,
   0.67269906, 0.63501593, 0.60363382, 0.57842299, 0.55834685, 0.54227088,
   0.52924665, 0.51855026, 0.50964592]]
measureGC
[ 1.        , 0.91176471, 0.82352941, 0.73529412, 0.64705882, 0.55882353,
  0.47058824, 0.38235294, 0.29411765, 0.20588235]
measureAPL
[ 1.        , 6.87741935, 5.95714286, 4.936     , 3.97272727, 3.26315789,
  2.6125    , 1.98461538, 1.38      , 0.85714286]
\Genetic
Tq
[[ 1.78021011, 1.7728311 , 1.76367302, 1.75225498, 1.73796295, 1.7200099 ,
   1.69737744, 1.66872418, 1.63225379, 1.58549607, 1.52433967, 1.44145313,
   1.33216484, 1.21024412, 1.10140343, 1.01722491, 0.95493941, 0.90855429,
   0.87322141, 0.84562939, 0.82358341],
 [ 1.78966321, 1.78016648, 1.76862687, 1.75453528, 1.73723982, 1.71589716,
   1.68940427, 1.65630975, 1.61469812, 1.56191082, 1.49364022, 1.40348876,
   1.29000807, 1.16928197, 1.06447011, 0.9840814 , 0.92454014, 0.88003661,
   0.84601181, 0.81936152, 0.79802046],
 [ 2.06252358, 2.05930827, 2.05484153, 2.04864263, 2.04003496, 2.02807025,
   2.0114216 , 1.98817606, 1.95518734, 1.90607957, 1.82852005, 1.70784167,
   1.54507847, 1.37610451, 1.23928222, 1.14126023, 1.07261657, 1.02371976,
   0.9879195 , 0.96095863, 0.94011603],
 [ 1.82275878, 1.82131466, 1.81906864, 1.81565614, 1.81053309, 1.80287106,
   1.79137194, 1.77392524, 1.74697953, 1.70455148, 1.63749463, 1.53653831,
   1.40594103, 1.27443199, 1.16899571, 1.09309891, 1.03946696, 1.00093859,
   0.97254586, 0.95107661, 0.93445431],
 [ 1.58355393, 1.58098314, 1.57760293, 1.57307226, 1.56688336, 1.55828157,
   1.54614854, 1.52881669, 1.50372452, 1.46672182, 1.41101385, 1.32808099,
   1.21898744, 1.10830124, 1.01980087, 0.95577535, 0.9098871 , 0.87627962,
   0.85097345, 0.83140967, 0.81593196],
 [ 1.11612027, 1.11334378, 1.10999934, 1.10591205, 1.10083008, 1.09437614,
   1.08595852, 1.07460969, 1.05872749, 1.03586874, 1.00355059, 0.96300087,
   0.92245116, 0.890133  , 0.86727425, 0.85139206, 0.84004322, 0.8316256 ,
   0.82517166, 0.8200897 , 0.81600241],
 [ 1.25855754, 1.25823362, 1.25775338, 1.25708717, 1.25620239, 1.25505372,
   1.25354483, 1.25141255, 1.24794283, 1.24150808, 1.22970225, 1.21234344,
   1.19498463, 1.1831788 , 1.17674405, 1.17327433, 1.17114204, 1.16963316,
   1.16848449, 1.16759971, 1.1669335 ],
 [        nan,        nan,        nan,        nan,        nan,        nan,
          nan,        nan,        nan,        nan,        nan,        nan,
          nan,        nan,        nan,        nan,        nan,        nan,
          nan,        nan,        nan],
 [        nan,        nan,        nan,        nan,        nan,        nan,
          nan,        nan,        nan,        nan,        nan,        nan,
          nan,        nan,        nan,        nan,        nan,        nan,
          nan,        nan,        nan],
 [        nan,        nan,        nan,        nan,        nan,        nan,
          nan,        nan,        nan,        nan,        nan,        nan,
          nan,        nan,        nan,        nan,        nan,        nan,
          nan,        nan,        nan]]
measureGC
[ 1.        , 0.91176471, 0.82352941, 0.55882353, 0.41176471, 0.20588235,
  0.20588235, 0.08823529, 0.02941176, 0.02941176]
measureAPL
[ 1.        , 7.16774194, 6.35      , 4.05263158, 2.65714286, 1.14285714,
  1.14285714, 0.26666667, 0.        , 0.        ]
\Simulated
Tq
[[ 1.57961806, 1.57041651, 1.55936743, 1.54600005, 1.52971043, 1.50972035,
   1.48502479, 1.45434385, 1.41618206, 1.36912119, 1.31123087, 1.23749088,
   1.1434538 , 1.03904342, 0.94511981, 0.87171408, 0.81678454, 0.77539788,
   0.74350326, 0.71831521, 0.69797806],
 [ 1.31716962, 1.31364515, 1.30914588, 1.3033794 , 1.2959562 , 1.28633968,
   1.27374528, 1.25694055, 1.23395117, 1.20202371, 1.15861439, 1.10309634,
   1.03841267, 0.97216289, 0.91286795, 0.86466774, 0.82719889, 0.79832809,
   0.77589032, 0.75818901, 0.74399513],
 [ 1.18165273, 1.1777041 , 1.17281802, 1.16674083, 1.1591422 , 1.14958018,
   1.13743989, 1.12184062, 1.10156915, 1.07527323, 1.04216614, 1.00271279,
   0.95900074, 0.91512255, 0.87556721, 0.84269946, 0.81652717, 0.79595423,
   0.77972401, 0.76677601, 0.75630297],
 [ 1.11416211, 1.11231821, 1.10979127, 1.1063107 , 1.10149153, 1.09479582,
   1.08550112, 1.07270655, 1.05543889, 1.032962  , 1.00533907, 0.97391572,
   0.94119791, 0.91011166, 0.88285445, 0.86017585, 0.84175326, 0.82688184,
   0.81485203, 0.80506636, 0.79705102],
 [ 1.10467126, 1.09939225, 1.09301648, 1.08523189, 1.07562401, 1.06365315,
   1.04864883, 1.0298583 , 1.00661615, 0.97870544, 0.94684402, 0.9128946 ,
   0.87939911, 0.84869255, 0.82213375, 0.79996419, 0.78174369, 0.76680984,
   0.75452053, 0.74433561, 0.73582558],
 [ 1.12860488, 1.1231681 , 1.11674671, 1.10910474, 1.09994515, 1.08889676,
   1.07550267, 1.05921853, 1.0394455 , 1.01565627, 0.987702  , 0.95632323,
   0.92358847, 0.89244624, 0.86516459, 0.84242656, 0.8238384 , 0.8086707 ,
   0.79622162, 0.78591555, 0.77730358],
 [ 0.94915078, 0.94849691, 0.9476151 , 0.94643803, 0.94487556, 0.94280443,
   0.94005357, 0.93638894, 0.93151755, 0.92516401, 0.91729001, 0.90838989,
   0.89948977, 0.89161576, 0.88526223, 0.88039084, 0.8767262 , 0.87397535,
   0.87190422, 0.87034175, 0.86916467],
 [ 0.94205656, 0.94156198, 0.94088008, 0.93995759, 0.93872355, 0.93708068,
   0.93489267, 0.93197042, 0.92807356, 0.92297209, 0.9166279 , 0.90944203,
   0.90225615, 0.89591197, 0.89081049, 0.88691364, 0.88399139, 0.88180337,
   0.8801605 , 0.87892647, 0.87800398],
 [ 0.56339285, 0.56108131, 0.55834276, 0.55508479, 0.55120112, 0.54657651,
   0.5410983 , 0.53467773, 0.52728233, 0.51897508, 0.50994621, 0.50051485,
   0.49108349, 0.48205462, 0.47374737, 0.46635196, 0.4599314 , 0.45445318,
   0.44982857, 0.44594491, 0.44268694],
 [        nan,        nan,        nan,        nan,        nan,        nan,
          nan,        nan,        nan,        nan,        nan,        nan,
          nan,        nan,        nan,        nan,        nan,        nan,
          nan,        nan,        nan]]
measureGC
[ 1.        , 0.58823529, 0.5       , 0.38235294, 0.32352941, 0.23529412,
  0.20588235, 0.20588235, 0.14705882, 0.02941176]
measureAPL
[ 1.        , 5.33      , 4.50588235, 3.21538462, 2.30909091, 1.4       ,
  1.14285714, 1.14285714, 0.8       , 0.        ]