PercentOfNodes
[ 0. , 0.1, 0.2, 0.3, 0.4, 0.5, 0.6, 0.7, 0.8, 0.9]

Centrality
Tq
[[ 3.99180929, 4.0041246 , 4.01891263, 4.03677767, 4.05832199, 4.08369048,
   4.11089917, 4.13513149, 4.15799169, 4.17698971, 4.06757624, 3.71269421,
   3.3284546 , 2.9733379 , 2.69364172, 2.48731703, 2.33529921, 2.22111979,
   2.13323083, 2.06392815, 2.00807924],
 [ 3.56231907, 3.5655818 , 3.56840668, 3.57050395, 3.57175326, 3.57215909,
   3.57120723, 3.5658531 , 3.54871129, 3.50532964, 3.38989645, 3.18732566,
   2.96228937, 2.74123521, 2.54681046, 2.39236091, 2.27455751, 2.18449681,
   2.1143006 , 2.05835128, 2.01283252],
 [ 2.14734098, 2.16381423, 2.18367028, 2.20789598, 2.23781274, 2.2756702 ,
   2.3254847 , 2.39356489, 2.49036656, 2.61713045, 2.67731717, 2.6090984 ,
   2.51259567, 2.42107231, 2.34051643, 2.27183606, 2.21409301, 2.16571825,
   2.12514397, 2.09097439, 2.06201611],
 [ 1.75809802, 1.75876148, 1.75893854, 1.75837412, 1.75668879, 1.75332106,
   1.74746032, 1.73801347, 1.72371546, 1.70352155, 1.67719109, 1.64561309,
   1.61074607, 1.57541105, 1.54245451, 1.51351947, 1.4888538 , 1.46798142,
   1.4502595 , 1.43510376, 1.42203766],
 [ 1.04536682, 1.04824481, 1.05128253, 1.05441467, 1.05750859, 1.06031928,
   1.06242647, 1.06316592, 1.06160073, 1.05661549, 1.04715866, 1.03250447,
   1.01254631, 0.988353  , 0.96248471, 0.93798686, 0.91679368, 0.89935789,
   0.88529024, 0.87396013, 0.86477279],
 [ 0.59753908, 0.59722473, 0.59666084, 0.59578284, 0.59452724, 0.59284489,
   0.5907207 , 0.5881962 , 0.58538542, 0.5824707 , 0.57967114, 0.57719305,
   0.57518654, 0.57372785, 0.57282811, 0.5724538 , 0.57254493, 0.57302721,
   0.57382066, 0.57484677, 0.57603412],
 [        nan,        nan,        nan,        nan,        nan,        nan,
          nan,        nan,        nan,        nan,        nan,        nan,
          nan,        nan,        nan,        nan,        nan,        nan,
          nan,        nan,        nan],
 [        nan,        nan,        nan,        nan,        nan,        nan,
          nan,        nan,        nan,        nan,        nan,        nan,
          nan,        nan,        nan,        nan,        nan,        nan,
          nan,        nan,        nan],
 [        nan,        nan,        nan,        nan,        nan,        nan,
          nan,        nan,        nan,        nan,        nan,        nan,
          nan,        nan,        nan,        nan,        nan,        nan,
          nan,        nan,        nan],
 [        nan,        nan,        nan,        nan,        nan,        nan,
          nan,        nan,        nan,        nan,        nan,        nan,
          nan,        nan,        nan,        nan,        nan,        nan,
          nan,        nan,        nan]]
measureGC
[  1.00000000e+00,  7.04791345e-01,  4.32573416e-01,  8.15301391e-02,
   5.79598145e-03,  1.15919629e-03,  3.86398764e-04,  1.93199382e-04,
   1.93199382e-04,  1.93199382e-04]
measureAPL
[ 1.        , 1.55062618, 2.77729905, 4.53848256, 1.144753  , 0.19723171,
  0.06549558, 0.20988357, 0.20988357, 0.20988357]