PercentOfNodes
[ 0. , 0.1, 0.2, 0.3, 0.4, 0.5, 0.6, 0.7, 0.8, 0.9]

Centrality
Tq
[[ 1.64443424, 1.63954722, 1.63395049, 1.62748606, 1.61994838, 1.61106434,
   1.60045967, 1.58759996, 1.57168273, 1.55143497, 1.52477734, 1.48867692,
   1.44064587, 1.38034218, 1.31439421, 1.26015975, 1.22033686, 1.19069129,
   1.16783294, 1.14960142, 1.13462707],
 [ 1.47340587, 1.47357801, 1.47350937, 1.47305755, 1.47199327, 1.46995031,
   1.46636999, 1.46049387, 1.45152444, 1.43898569, 1.42266486, 1.40106001,
   1.36937953, 1.32046832, 1.25811724, 1.20103577, 1.15672141, 1.12331189,
   1.09779279, 1.07786045, 1.0619397 ],
 [ 1.35199897, 1.3498746 , 1.34706388, 1.34329811, 1.33818005, 1.3311175 ,
   1.32123972, 1.30734417, 1.28803566, 1.26233189, 1.23047618, 1.19317061,
   1.14887617, 1.095171  , 1.03759138, 0.98662024, 0.94600802, 0.91454859,
   0.89007178, 0.87071967, 0.85512645],
 [ 1.1757585 , 1.16923623, 1.16158516, 1.15257453, 1.14191775, 1.12924494,
   1.11405289, 1.09562791, 1.07296129, 1.04472371, 1.00937854, 0.96549399,
   0.91289405, 0.85563536, 0.80203236, 0.75780419, 0.72332187, 0.69665799,
   0.67580907, 0.65924108, 0.64585653],
 [ 1.28556666, 1.28193415, 1.27750046, 1.27197535, 1.2649202 , 1.25565458,
   1.24310394, 1.22557491, 1.20052785, 1.16475306, 1.11609883, 1.05754248,
   0.99898613, 0.9503319 , 0.9145571 , 0.88951004, 0.87198101, 0.85943038,
   0.85016476, 0.8431096 , 0.83758449],
 [        nan,        nan,        nan,        nan,        nan,        nan,
          nan,        nan,        nan,        nan,        nan,        nan,
          nan,        nan,        nan,        nan,        nan,        nan,
          nan,        nan,        nan],
 [        nan,        nan,        nan,        nan,        nan,        nan,
          nan,        nan,        nan,        nan,        nan,        nan,
          nan,        nan,        nan,        nan,        nan,        nan,
          nan,        nan,        nan],
 [        nan,        nan,        nan,        nan,        nan,        nan,
          nan,        nan,        nan,        nan,        nan,        nan,
          nan,        nan,        nan,        nan,        nan,        nan,
          nan,        nan,        nan],
 [        nan,        nan,        nan,        nan,        nan,        nan,
          nan,        nan,        nan,        nan,        nan,        nan,
          nan,        nan,        nan,        nan,        nan,        nan,
          nan,        nan,        nan],
 [        nan,        nan,        nan,        nan,        nan,        nan,
          nan,        nan,        nan,        nan,        nan,        nan,
          nan,        nan,        nan,        nan,        nan,        nan,
          nan,        nan,        nan]]
measureGC
[  1.00000000e+00,  1.13103953e-01,  2.52562225e-02,  6.22254758e-03,
   1.83016105e-03,  1.09809663e-03,  1.09809663e-03,  3.66032211e-04,
   3.66032211e-04,  3.66032211e-04]
measureAPL
[ 1.        , 0.36533273, 0.15594988, 0.06633908, 0.02890447, 0.02660878,
  0.02280296, 0.0174931 , 0.0174931 , 0.0174931 ]