PercentOfNodes
[ 0. , 0.1, 0.2, 0.3, 0.4, 0.5, 0.6, 0.7, 0.8, 0.9]

Centrality
Tq
[[ 3.73068567, 3.7132799 , 3.69269358, 3.66822035, 3.63892799, 3.6033902 ,
   3.55901607, 3.50192779, 3.43213237, 3.35944867, 3.29547595, 3.24266501,
   3.19825155, 3.15965257, 3.12505874, 3.09323256, 3.06335732, 3.03494966,
   3.0078017 , 2.9819189 , 2.95743511],
 [ 3.46366153, 3.45356237, 3.44120812, 3.42615743, 3.40783015, 3.3854291 ,
   3.3574944 , 3.32098015, 3.27335435, 3.21644639, 3.15942779, 3.11162738,
   3.07298728, 3.04107898, 3.01406903, 2.99075262, 2.97031862, 2.95219709,
   2.93597134, 2.9213265 , 2.90801852],
 [ 3.11799854, 3.11860981, 3.11925488, 3.11957982, 3.11887532, 3.11649228,
   3.11277847, 3.10834913, 3.09922454, 3.07545874, 3.03514   , 2.99416749,
   2.9594748 , 2.93044968, 2.90566936, 2.88408648, 2.86499018, 2.84788459,
   2.83241021, 2.81829818, 2.8053432 ],
 [ 2.80869818, 2.81364003, 2.81919667, 2.82564026, 2.83307658, 2.84124744,
   2.84994048, 2.85896707, 2.86398273, 2.85295229, 2.82162938, 2.78471598,
   2.75106324, 2.72201177, 2.6969032 , 2.67493105, 2.65548164, 2.63812032,
   2.62253029, 2.60846644, 2.59572855],
 [ 2.42743236, 2.42883342, 2.43023844, 2.43160553, 2.43288246, 2.43391009,
   2.43425977, 2.43273489, 2.42582493, 2.4065464 , 2.37165077, 2.32979881,
   2.28980391, 2.2545703 , 2.22418874, 2.1980142 , 2.17533431, 2.15553647,
   2.13812704, 2.12271407, 2.10898579],
 [ 1.49142151, 1.5034055 , 1.51823964, 1.53701587, 1.56135841, 1.59361244,
   1.636689  , 1.69217093, 1.75441106, 1.80669558, 1.83485684, 1.83956105,
   1.82975599, 1.81365149, 1.79583995, 1.77835132, 1.76196939, 1.74694505,
   1.73330953, 1.72100319, 1.70992881],
 [ 1.15292053, 1.15166806, 1.14973585, 1.14690602, 1.1429132 , 1.13745043,
   1.13019111, 1.1208361 , 1.10919251, 1.09527591, 1.07940062, 1.06219619,
   1.04449535, 1.02712142, 1.0107052 , 0.99562661, 0.9820534 , 0.97000619,
   0.95941317, 0.95014956, 0.94206605],
 [ 0.86683321, 0.86283396, 0.85799023, 0.85213468, 0.84509249, 0.83670674,
   0.82688366, 0.81565722, 0.80325353, 0.7901116 , 0.77682063, 0.76398385,
   0.75207565, 0.7413632 , 0.73191377, 0.72365588, 0.71644972, 0.71013987,
   0.70458406, 0.69966373, 0.6952842 ],
 [        nan,        nan,        nan,        nan,        nan,        nan,
          nan,        nan,        nan,        nan,        nan,        nan,
          nan,        nan,        nan,        nan,        nan,        nan,
          nan,        nan,        nan],
 [        nan,        nan,        nan,        nan,        nan,        nan,
          nan,        nan,        nan,        nan,        nan,        nan,
          nan,        nan,        nan,        nan,        nan,        nan,
          nan,        nan,        nan]]
measureGC
[  1.00000000e+00,  8.96064581e-01,  7.91120081e-01,  6.83652876e-01,
   5.46417760e-01,  3.66296670e-01,  4.03632694e-02,  9.08173562e-03,
   1.51362260e-03,  5.04540868e-04]
measureAPL
[ 1.        , 1.18299194, 1.39574509, 1.79699618, 2.73167248, 5.53840968,
  3.68142888, 1.06205829, 0.17854905, 0.20245315]