PercentOfNodes
[ 0. , 0.1, 0.2, 0.3, 0.4, 0.5, 0.6, 0.7, 0.8, 0.9]

Centrality
Tq
[[ 3.28131341, 3.2849045 , 3.28835615, 3.29132056, 3.29382208, 3.29663173,
   3.30102053, 3.30634929, 3.31019104, 3.30269497, 3.25162392, 3.18231792,
   3.12237738, 3.07233098, 3.02956293, 2.99208622, 2.95858983, 2.92821327,
   2.90039164, 2.87476898, 2.85113902],
 [ 3.1984719 , 3.19368553, 3.18758436, 3.17981592, 3.16986558, 3.15677848,
   3.13877993, 3.11327398, 3.07564437, 3.01967232, 2.95099842, 2.88809938,
   2.83655467, 2.79442057, 2.75937338, 2.72967209, 2.70407145, 2.68168378,
   2.66187193, 2.64417209, 2.62823996],
 [ 2.86959374, 2.86879571, 2.86753816, 2.86559209, 2.86263574, 2.858189  ,
   2.85133888, 2.84023841, 2.82111595, 2.78793981, 2.73987872, 2.68792749,
   2.64111294, 2.60126166, 2.56750724, 2.53861759, 2.51354529, 2.49148915,
   2.47185485, 2.45420547, 2.4382199 ],
 [ 2.33302921, 2.33294234, 2.33273976, 2.33237548, 2.33177117, 2.33077478,
   2.32904588, 2.32567328, 2.31795652, 2.29942898, 2.26427649, 2.21915334,
   2.17487783, 2.13588484, 2.1025599 , 2.07413104, 2.04970343, 2.02851851,
   2.0099814 , 1.99363263, 1.97911465],
 [ 1.36871021, 1.3695744 , 1.37038738, 1.3711186 , 1.37172101, 1.37209374,
   1.37195635, 1.37051503, 1.36592068, 1.35526353, 1.33636938, 1.31015915,
   1.28018   , 1.25005842, 1.22202713, 1.19696522, 1.17495396, 1.15573767,
   1.1389702 , 1.12431408, 1.11146953],
 [ 1.28886133, 1.28325121, 1.27648152, 1.2682771 , 1.25830717, 1.24619014,
   1.23151759, 1.213915  , 1.19316106, 1.16936725, 1.14314633, 1.11561381,
   1.08812478, 1.06188992, 1.03773077, 1.01605396, 0.9969428 , 0.98027086,
   0.96580046, 0.95325419, 0.94235822],
 [ 1.07156508, 1.07232354, 1.07287105, 1.07308575, 1.07279385, 1.07175437,
   1.06965119, 1.06611291, 1.06079605, 1.05355457, 1.04462412, 1.03461092,
   1.02418096, 1.01376081, 1.00357253, 0.99383332, 0.98481308, 0.97673819,
   0.96970724, 0.96369401, 0.95859759],
 [ 0.72967956, 0.72866652, 0.72725817, 0.72534792, 0.72281458, 0.71953138,
   0.71538387, 0.71029784, 0.70427382, 0.69741675, 0.68994448, 0.6821678 ,
   0.67445123, 0.66715863, 0.66058093, 0.65487424, 0.65005448, 0.64604483,
   0.6427311 , 0.63999726, 0.63774056],
 [        nan,        nan,        nan,        nan,        nan,        nan,
          nan,        nan,        nan,        nan,        nan,        nan,
          nan,        nan,        nan,        nan,        nan,        nan,
          nan,        nan,        nan],
 [        nan,        nan,        nan,        nan,        nan,        nan,
          nan,        nan,        nan,        nan,        nan,        nan,
          nan,        nan,        nan,        nan,        nan,        nan,
          nan,        nan,        nan]]
measureGC
[  1.00000000e+00,  8.77750611e-01,  7.43276284e-01,  5.51650367e-01,
   1.34168704e-01,  6.20415648e-02,  1.13080685e-02,  2.75061125e-03,
   6.11246944e-04,  3.05623472e-04]
measureAPL
[ 1.        , 1.26073449, 1.72973964, 2.8728153 , 5.78361137, 4.64123329,
  1.14360402, 0.24512549, 0.0783841 , 0.13014718]