PercentOfNodes
[ 0. , 0.1, 0.2, 0.3, 0.4, 0.5, 0.6, 0.7, 0.8, 0.9]

Centrality
Tq
[[ 2.95173906, 2.96740546, 2.98558083, 3.00674211, 3.03162695, 3.06137959,
   3.09684905, 3.13761107, 3.17840237, 3.19407166, 3.13149847, 2.96820921,
   2.7318597 , 2.46787125, 2.21442686, 2.02959983, 1.9009359 , 1.80798032,
   1.73801257, 1.68356577, 1.64007072],
 [ 2.1232508 , 2.14391626, 2.16853654, 2.19818222, 2.23418958, 2.27815909,
   2.33203266, 2.39806474, 2.47596925, 2.55361729, 2.59421932, 2.55652439,
   2.43442615, 2.24309131, 2.03279444, 1.87133347, 1.75860937, 1.67859759,
   1.61978783, 1.57503905, 1.53995133],
 [ 1.64554534, 1.65520281, 1.66636334, 1.67946253, 1.69523758, 1.71488613,
   1.74005664, 1.7720634 , 1.80909168, 1.83862211, 1.83170007, 1.77222117,
   1.66948907, 1.53258662, 1.39348899, 1.28437678, 1.20523821, 1.14729719,
   1.10366166, 1.06982756, 1.04290342],
 [ 1.52474345, 1.52457333, 1.5240459 , 1.52302801, 1.52134353, 1.51873728,
   1.51476645, 1.50849905, 1.49785023, 1.47874423, 1.44527376, 1.39160452,
   1.31453785, 1.22073572, 1.1315165 , 1.0608551 , 1.00803225, 0.96841328,
   0.93809509, 0.91436419, 0.89538987],
 [ 0.9461467 , 0.94204395, 0.93706762, 0.93098522, 0.92350455, 0.91427044,
   0.90287629, 0.88890563, 0.87202042, 0.85209884, 0.82939136, 0.80462699,
   0.77898009, 0.75384958, 0.73050576, 0.70975848, 0.69185862, 0.67665306,
   0.66380222, 0.65292846, 0.64368566],
 [ 0.54835247, 0.54734382, 0.54595977, 0.54407396, 0.54153003, 0.53814575,
   0.53372828, 0.52810673, 0.52118503, 0.51300811, 0.50381665, 0.49405262,
   0.4842886 , 0.47509714, 0.46692022, 0.45999852, 0.45437697, 0.4499595 ,
   0.44657522, 0.44403129, 0.44214548],
 [        nan,        nan,        nan,        nan,        nan,        nan,
          nan,        nan,        nan,        nan,        nan,        nan,
          nan,        nan,        nan,        nan,        nan,        nan,
          nan,        nan,        nan],
 [        nan,        nan,        nan,        nan,        nan,        nan,
          nan,        nan,        nan,        nan,        nan,        nan,
          nan,        nan,        nan,        nan,        nan,        nan,
          nan,        nan,        nan],
 [        nan,        nan,        nan,        nan,        nan,        nan,
          nan,        nan,        nan,        nan,        nan,        nan,
          nan,        nan,        nan,        nan,        nan,        nan,
          nan,        nan,        nan],
 [        nan,        nan,        nan,        nan,        nan,        nan,
          nan,        nan,        nan,        nan,        nan,        nan,
          nan,        nan,        nan,        nan,        nan,        nan,
          nan,        nan,        nan]]
measureGC
[  1.00000000e+00,  9.87500000e-02,  2.65000000e-02,  7.00000000e-03,
   3.00000000e-03,  1.00000000e-03,  5.00000000e-04,  2.50000000e-04,
   2.50000000e-04,  2.50000000e-04]
measureAPL
[ 1.        , 0.60518618, 0.4779923 , 0.33378635, 0.19936232, 0.07533665,
  0.02187745, 0.08414404, 0.08414404, 0.08414404]