PercentOfNodes
[ 0. , 0.1, 0.2, 0.3, 0.4, 0.5, 0.6, 0.7, 0.8, 0.9]

RandomAttack
Tq
[[ 3.96882871, 3.98140821, 3.9965699 , 4.01495508, 4.0372385 , 4.06380838,
   4.09298964, 4.1195562 , 4.14507011, 4.17069208, 4.06732862, 3.7116879 ,
   3.32624022, 2.97134318, 2.69182155, 2.48473622, 2.3318276 , 2.21702564,
   2.12878175, 2.05930714, 2.00339863],
 [ 3.8442643 , 3.85716989, 3.87280753, 3.89204638, 3.91597401, 3.94554855,
   3.97990039, 4.01367589, 4.04645914, 4.08682929, 4.00913356, 3.67225162,
   3.29749225, 2.94855351, 2.67115168, 2.46638618, 2.31583184, 2.20296413,
   2.11621514, 2.04790244, 1.99291989],
 [ 3.9507167 , 3.9620161 , 3.9754128 , 3.99104355, 4.00824834, 4.02495107,
   4.03893551, 4.0514235 , 4.06712323, 4.06809855, 3.94212972, 3.60715111,
   3.24082444, 2.90047544, 2.62752643, 2.42466475, 2.27531738, 2.16353437,
   2.07779454, 2.01038339, 1.95618319],
 [ 3.58907261, 3.59952579, 3.61208124, 3.62773082, 3.64804886, 3.67567341,
   3.71497698, 3.77065356, 3.8354934 , 3.88727146, 3.83210751, 3.53931797,
   3.19579083, 2.86772221, 2.59919039, 2.39986919, 2.25383483, 2.14483775,
   2.06135842, 1.99578022, 1.94307733],
 [ 3.78445209, 3.78010506, 3.77428479, 3.7667479 , 3.75713852, 3.74476618,
   3.72799927, 3.70257168, 3.65586717, 3.55516454, 3.32442111, 2.98334737,
   2.67624821, 2.39962471, 2.17219589, 2.00247576, 1.87794833, 1.7848802 ,
   1.71346254, 1.65722475, 1.61190875],
 [ 3.43396222, 3.44561215, 3.45930239, 3.47587251, 3.49653804, 3.5232054 ,
   3.558919  , 3.60570888, 3.65642042, 3.70405173, 3.65045203, 3.39494569,
   3.0912704 , 2.78331545, 2.52074487, 2.32658012, 2.18600753, 2.08189156,
   2.00244627, 1.94011559, 1.89001831],
 [ 3.51705607, 3.52715498, 3.53886198, 3.55226237, 3.56717267, 3.58286272,
   3.59774061, 3.61060256, 3.62078003, 3.60823602, 3.50589031, 3.26498662,
   2.98863269, 2.70116385, 2.44541755, 2.25365714, 2.11538617, 2.01361618,
   1.93633742, 1.87591922, 1.82748879],
 [ 3.14629648, 3.15827738, 3.17218659, 3.18877111, 3.20893281, 3.23346775,
   3.26228448, 3.29335145, 3.32396127, 3.34358798, 3.28770575, 3.10257139,
   2.86482192, 2.6005836 , 2.35405905, 2.16672045, 2.03133747, 1.93164343,
   1.85598112, 1.79691852, 1.74968432],
 [ 2.82858939, 2.82633683, 2.82302587, 2.818372  , 2.81214027, 2.80414707,
   2.79419086, 2.78139775, 2.75973197, 2.70762892, 2.58218516, 2.39587194,
   2.20953554, 2.02405386, 1.85277709, 1.72050762, 1.62309554, 1.54976639,
   1.49291639, 1.44773339, 1.41107431],
 [ 1.4608433 , 1.47844085, 1.50003365, 1.52711436, 1.56194696, 1.60806602,
   1.67119516, 1.7607343 , 1.88949193, 2.05242334, 2.15806417, 2.13146054,
   2.02938906, 1.89340241, 1.75715662, 1.64987649, 1.57217946, 1.5153555 ,
   1.4724289 , 1.43894405, 1.41211442]]
measureGC
[ 1.        , 0.86572643, 0.74169243, 0.62982998, 0.52028594, 0.41306028,
  0.3116306 , 0.20942813, 0.12152241, 0.0320711 ]
measureAPL
[ 1.        , 1.01193445, 1.02165109, 1.03417081, 1.03707948, 1.04571542,
  1.07341107, 1.15010975, 1.26209971, 1.39015395]

Degree
Tq
[[ 3.96929438, 3.98182434, 3.99695177, 4.01536746, 4.03780174, 4.06456006,
   4.09360577, 4.11947099, 4.14420616, 4.16992128, 4.06747039, 3.71342356,
   3.32848019, 2.97234772, 2.69164396, 2.48379049, 2.33021856, 2.21474599,
   2.12584577, 2.05576633, 1.99932328],
 [ 3.15840422, 3.16472433, 3.17203425, 3.18035736, 3.18965576, 3.2001976 ,
   3.21285919, 3.22763551, 3.24072191, 3.23951163, 3.18581455, 3.07029333,
   2.94691732, 2.8421588 , 2.76004358, 2.69706255, 2.64828462, 2.60966661,
   2.57835372, 2.5524049 , 2.53049582],
 [ 1.29160685, 1.28946144, 1.28645505, 1.28229755, 1.27662622, 1.26901238,
   1.25899564, 1.24616748, 1.23032605, 1.21168667, 1.19101901, 1.16951882,
   1.14842262, 1.12864457, 1.11065794, 1.09458422, 1.0803418 , 1.06776266,
   1.05665862, 1.04685035, 1.03817612],
 [ 0.60575045, 0.60509411, 0.60415302, 0.60286218, 0.60116142, 0.59901119,
   0.5964153 , 0.59344591, 0.590259  , 0.58708495, 0.58418609, 0.58179363,
   0.5800531 , 0.57900435, 0.57859935, 0.57873987, 0.57931184, 0.58020608,
   0.5813271 , 0.58259551, 0.58394788],
 [        nan,        nan,        nan,        nan,        nan,        nan,
          nan,        nan,        nan,        nan,        nan,        nan,
          nan,        nan,        nan,        nan,        nan,        nan,
          nan,        nan,        nan],
 [        nan,        nan,        nan,        nan,        nan,        nan,
          nan,        nan,        nan,        nan,        nan,        nan,
          nan,        nan,        nan,        nan,        nan,        nan,
          nan,        nan,        nan],
 [        nan,        nan,        nan,        nan,        nan,        nan,
          nan,        nan,        nan,        nan,        nan,        nan,
          nan,        nan,        nan,        nan,        nan,        nan,
          nan,        nan,        nan],
 [        nan,        nan,        nan,        nan,        nan,        nan,
          nan,        nan,        nan,        nan,        nan,        nan,
          nan,        nan,        nan,        nan,        nan,        nan,
          nan,        nan,        nan],
 [        nan,        nan,        nan,        nan,        nan,        nan,
          nan,        nan,        nan,        nan,        nan,        nan,
          nan,        nan,        nan,        nan,        nan,        nan,
          nan,        nan,        nan],
 [        nan,        nan,        nan,        nan,        nan,        nan,
          nan,        nan,        nan,        nan,        nan,        nan,
          nan,        nan,        nan,        nan,        nan,        nan,
          nan,        nan,        nan]]
measureGC
[  1.00000000e+00,  6.32148377e-01,  4.84930448e-02,  1.15919629e-03,
   3.86398764e-04,  1.93199382e-04,  1.93199382e-04,  1.93199382e-04,
   1.93199382e-04,  1.93199382e-04]
measureAPL
[ 1.        , 1.89980324, 8.50341079, 0.16011672, 0.21030486, 0.21030486,
  0.21030486, 0.21030486, 0.21030486, 0.21030486]

Centrality
Tq
[[ 4.20589091, 4.20596536, 4.20594674, 4.20559569, 4.20438551, 4.20117139,
   4.19272868, 4.17173332, 4.13012285, 4.04667145, 3.80956424, 3.41725671,
   3.04775685, 2.71872549, 2.46244065, 2.27353567, 2.13402455, 2.02894511,
   1.94786691, 1.88381442, 1.83211884],
 [ 4.90080648, 4.88704994, 4.87042916, 4.84998491, 4.82427573, 4.79105559,
   4.7467088 , 4.68523424, 4.59631128, 4.46166139, 4.25245051, 3.95046638,
   3.57700725, 3.2060964 , 2.90833758, 2.68631197, 2.52191236, 2.39826002,
   2.30311087, 2.22817283, 2.16788164],
 [ 5.12240307, 5.10906248, 5.0923805 , 5.07127522, 5.04425651, 5.00925234,
   4.96333979, 4.90223401, 4.81901805, 4.70093841, 4.52405741, 4.25432505,
   3.88122205, 3.48845897, 3.16721515, 2.92724201, 2.75002165, 2.61717475,
   2.5152806 , 2.43525755, 2.37103237],
 [ 4.98601971, 4.9689428 , 4.94848473, 4.92372033, 4.89339659, 4.85576701,
   4.80827452, 4.74690395, 4.66486259, 4.55001152, 4.38075659, 4.12527819,
   3.77216428, 3.39611477, 3.08283822, 2.84597728, 2.66987093, 2.53743838,
   2.43573578, 2.35583355, 2.29170105],
 [ 4.88844965, 4.86876282, 4.84515185, 4.81649893, 4.7813216 , 4.73767973,
   4.68304675, 4.61391938, 4.52452849, 4.40398373, 4.23239681, 3.98141315,
   3.64348098, 3.28353815, 2.97946494, 2.74872638, 2.57718418, 2.44802496,
   2.34863203, 2.27038721, 2.20748218],
 [ 5.27247114, 5.25401685, 5.23161142, 5.20404407, 5.16963512, 5.12607142,
   5.07031949, 4.99870924, 4.90596512, 4.78117715, 4.60356231, 4.34290154,
   3.98806266, 3.59943646, 3.26011191, 2.99935329, 2.80668621, 2.66346783,
   2.55463747, 2.46985238, 2.402246  ],
 [ 5.16025977, 5.13974078, 5.11499614, 5.08481639, 5.04755725, 5.00092736,
   4.94160755, 4.86460273, 4.76227554, 4.62302607, 4.43005112, 4.1649738 ,
   3.82861034, 3.46364137, 3.13420354, 2.87633286, 2.68539625, 2.54368164,
   2.43611719, 2.35235477, 2.28556375],
 [ 5.04118791, 5.02017253, 4.99479787, 4.9637612 , 4.92525657, 4.876699  ,
   4.81420621, 4.73169195, 4.61960455, 4.46407045, 4.24972037, 3.97149833,
   3.64241072, 3.28575604, 2.95429952, 2.69348102, 2.50116665, 2.35887333,
   2.25104002, 2.16713212, 2.1002507 ],
 [ 4.62317868, 4.5940239 , 4.56159567, 4.52516955, 4.48354946, 4.43482811,
   4.37601792, 4.30242447, 4.20666945, 4.07775063, 3.90215392, 3.66990421,
   3.3818306 , 3.06381889, 2.77571924, 2.55238463, 2.38725801, 2.26404107,
   2.16983044, 2.09594353, 2.03665193],
 [ 4.0929535 , 4.06444887, 4.03147604, 3.99303204, 3.94778998, 3.89394633,
   3.82899003, 3.74940282, 3.65043599, 3.52637219, 3.37147598, 3.18009095,
   2.9480984 , 2.69328216, 2.4626169 , 2.28214164, 2.14672993, 2.04395499,
   1.96396   , 1.90011976, 1.84806041]]
measureGC
[ 1.        , 0.90011592, 0.8137558 , 0.72642968, 0.64006955, 0.55370943,
  0.4673493 , 0.38040958, 0.29134467, 0.19146059]
measureAPL
[ 1.        , 0.90771799, 0.82610771, 0.80692193, 0.79276398, 0.78088013,
  0.7602843 , 0.72020869, 0.62403098, 0.60005146]

Genetic
Tq
[[ 4.22144857, 4.22143503, 4.22131733, 4.2207912 , 4.21915556, 4.21496492,
   4.2048036 , 4.18188113, 4.13843412, 4.05015536, 3.808047  , 3.41659308,
   3.04869725, 2.7214405 , 2.46682145, 2.27917343, 2.14036318, 2.03556853,
   1.95452932, 1.89038721, 1.83854311],
 [ 3.79719627, 3.80998587, 3.82552931, 3.84480095, 3.86918286, 3.90057578,
   3.94034372, 3.98418149, 4.02578826, 4.07234089, 4.00287648, 3.67160414,
   3.30045475, 2.95528371, 2.68079308, 2.47687245, 2.32575844, 2.21192094,
   2.12426274, 2.05521901, 1.99967671],
 [ 3.46497571, 3.46816999, 3.47077496, 3.47201203, 3.47148233, 3.46946424,
   3.46680658, 3.46476687, 3.45744133, 3.41757753, 3.25969016, 2.89567656,
   2.58429934, 2.31450919, 2.10148603, 1.94372458, 1.8269983 , 1.73886574,
   1.67065051, 1.61657031, 1.57276692],
 [ 3.66646628, 3.66190343, 3.65638443, 3.64974305, 3.64178543, 3.63224485,
   3.62035902, 3.60188061, 3.56191315, 3.47390763, 3.24372857, 2.90101267,
   2.59676512, 2.32959622, 2.12164989, 1.97028098, 1.85895947, 1.77475641,
   1.70931084, 1.65722429, 1.61491048],
 [ 2.68420497, 2.70999477, 2.74123031, 2.78009892, 2.8301431 , 2.89723053,
   2.99075494, 3.1209883 , 3.29050702, 3.52289734, 3.69873746, 3.5086611 ,
   3.21129925, 2.91759344, 2.67806251, 2.49995301, 2.3678075 , 2.26776076,
   2.1902822 , 2.12896516, 2.07945987],
 [ 3.57959833, 3.58158125, 3.58363456, 3.58599634, 3.58900855, 3.59310287,
   3.59840845, 3.60244125, 3.59481468, 3.55976308, 3.433911  , 3.18858337,
   2.91690247, 2.65000712, 2.42804738, 2.26254615, 2.14030215, 2.04806002,
   1.97671304, 1.92024769, 1.87463245],
 [ 3.42772453, 3.42991486, 3.43208296, 3.43445007, 3.4373378 , 3.44109403,
   3.44565096, 3.44879436, 3.44211409, 3.40798458, 3.29377848, 3.08126596,
   2.83900762, 2.59233592, 2.37808145, 2.21515162, 2.09482271, 2.00468813,
   1.93551253, 1.88109012, 1.83729406],
 [ 3.09069526, 3.09892929, 3.10810549, 3.11806248, 3.12849139, 3.13916706,
   3.15033282, 3.16195675, 3.16884934, 3.1523014 , 3.07233935, 2.9163016 ,
   2.72506601, 2.52534802, 2.34851983, 2.21110752, 2.10824448, 2.03066655,
   1.97095814, 1.92396067, 1.88617727],
 [ 2.45488618, 2.46686131, 2.48032171, 2.49567116, 2.51342122, 2.53402793,
   2.55755594, 2.58342065, 2.60885751, 2.61887973, 2.57741246, 2.4743513 ,
   2.34056923, 2.1969066 , 2.06344966, 1.95386063, 1.86849331, 1.80243186,
   1.75071874, 1.70954353, 1.67617438],
 [ 1.98113705, 1.97842509, 1.97459326, 1.96920543, 1.96160367, 1.95078112,
   1.93521948, 1.91273663, 1.88050081, 1.83562107, 1.77626351, 1.70199392,
   1.61392716, 1.51876033, 1.42975369, 1.35609779, 1.29851391, 1.2539241 ,
   1.21899368, 1.19112782, 1.16847751]]
measureGC
[ 1.        , 0.85838485, 0.73628284, 0.60355487, 0.49401082, 0.38813756,
  0.28632148, 0.18489181, 0.09640649, 0.02434312]
measureAPL
[ 1.        , 1.01851848, 1.02101139, 1.09771425, 1.13584732, 1.15962781,
  1.18735046, 1.24940613, 1.51890709, 1.59082647]

Simulated
Tq
[[ 4.20595134, 4.20607653, 4.20616453, 4.20601163, 4.20508831, 4.20210858,
   4.19358818, 4.17220625, 4.13026052, 4.04616951, 3.80831326, 3.41706999,
   3.04838088, 2.71889754, 2.46133949, 2.27116858, 2.13083033, 2.02532379,
   1.94405159, 1.87991761, 1.82819015],
 [ 3.27941198, 3.2970223 , 3.31702218, 3.34060094, 3.36954724, 3.40632676,
   3.454654  , 3.52178931, 3.61806282, 3.73677083, 3.78429531, 3.52527345,
   3.21456339, 2.92399498, 2.66297759, 2.45767514, 2.30687911, 2.19452843,
   2.10840798, 2.04065162, 1.9861344 ],
 [ 3.41668354, 3.4195999 , 3.42299924, 3.42704258, 3.43163834, 3.43616906,
   3.43969486, 3.44059735, 3.43375586, 3.40131085, 3.27007507, 3.01472869,
   2.76425823, 2.5442864 , 2.36197305, 2.21983534, 2.1116545 , 2.02889381,
   1.96440291, 1.91303936, 1.87127056],
 [ 2.85783296, 2.87128272, 2.88733494, 2.90663415, 2.92970501, 2.9571688 ,
   2.99117164, 3.03687309, 3.09867067, 3.16885195, 3.17599735, 3.01786469,
   2.81443632, 2.62087928, 2.44927436, 2.30769128, 2.19662542, 2.11066538,
   2.04352991, 1.9901766 , 1.9469762 ],
 [ 2.91432994, 2.9164944 , 2.918739  , 2.92089055, 2.92267682, 2.92381434,
   2.92390351, 2.92141196, 2.91160482, 2.88097401, 2.79526985, 2.6492732 ,
   2.49399998, 2.34873758, 2.21804311, 2.10665945, 2.01668702, 1.94565511,
   1.88944458, 1.84437989, 1.80767378],
 [ 1.91716866, 1.93282459, 1.95171021, 1.97471615, 2.00308781, 2.03880831,
   2.085176  , 2.14702483, 2.23067579, 2.33898273, 2.41837196, 2.37790262,
   2.27702679, 2.16660313, 2.05963027, 1.96354157, 1.8844321 , 1.82148505,
   1.77128032, 1.73073983, 1.69754028],
 [ 1.87829767, 1.88830781, 1.89988484, 1.91337378, 1.92919853, 1.94775469,
   1.96906913, 1.99176569, 2.01093878, 2.01701662, 1.99936582, 1.95567457,
   1.89492691, 1.8278413 , 1.76175754, 1.70179261, 1.65061765, 1.60836594,
   1.57381948, 1.54547725, 1.52201401],
 [ 1.03508439, 1.0327266 , 1.02987107, 1.02635575, 1.0219438 , 1.01628323,
   1.00884765, 0.99886964, 0.98533097, 0.96716723, 0.9437934 , 0.91562272,
   0.88409361, 0.85137818, 0.8199552 , 0.79180276, 0.76776413, 0.74772492,
   0.73113445, 0.71736257, 0.70584765],
 [ 1.06432161, 1.0622799 , 1.05952759, 1.05583748, 1.05091653, 1.04439158,
   1.03579506, 1.02455806, 1.01003801, 0.99164814, 0.96917442, 0.94322801,
   0.91547042, 0.88817122, 0.86327049, 0.84175949, 0.82375201, 0.80887914,
   0.79661936, 0.78646928, 0.77800393],
 [        nan,        nan,        nan,        nan,        nan,        nan,
          nan,        nan,        nan,        nan,        nan,        nan,
          nan,        nan,        nan,        nan,        nan,        nan,
          nan,        nan,        nan]]
measureGC
[ 1.        , 0.78728748, 0.59621329, 0.44010819, 0.30467543, 0.17774343,
  0.07727975, 0.00521638, 0.00212519, 0.0011592 ]
measureAPL
[ 1.        , 1.16938011, 1.37460679, 1.60265507, 1.89491219, 2.48923446,
  2.9103794 , 1.07873899, 0.3383297 , 0.1683795 ]