PercentOfNodes
[ 0. , 0.1, 0.2, 0.3, 0.4, 0.5, 0.6, 0.7, 0.8, 0.9]

Centrality
Tq
[[ 2.89679636, 2.92079811, 2.94928878, 2.98328473, 3.02455151, 3.07629896,
   3.14296364, 3.2298607 , 3.34498934, 3.48301384, 3.54038893, 3.38496968,
   3.06595785, 2.7064395 , 2.39146075, 2.18578686, 2.04740036, 1.94829474,
   1.87412814, 1.81667036, 1.77089595],
 [ 2.43562783, 2.45434242, 2.47598662, 2.50106463, 2.53039897, 2.56550878,
   2.60879966, 2.66287363, 2.72918651, 2.80383402, 2.85311001, 2.80874221,
   2.64378931, 2.37773391, 2.10694555, 1.91997187, 1.79366245, 1.70429402,
   1.63824391, 1.58760087, 1.54760421],
 [ 1.95039572, 1.961302  , 1.9736601 , 1.98775666, 2.00398005, 2.02282763,
   2.04473652, 2.06936106, 2.09381586, 2.11018497, 2.10439719, 2.05961276,
   1.96098564, 1.8077775 , 1.64957562, 1.52692535, 1.4386423 , 1.37452834,
   1.32669507, 1.28999435, 1.26111572],
 [ 1.34472611, 1.34271493, 1.33990155, 1.3359813 , 1.33053704, 1.32300116,
   1.31261167, 1.29837481, 1.27906036, 1.25325436, 1.21946181, 1.1764043 ,
   1.1243395 , 1.06747717, 1.01316588, 0.96673048, 0.92933149, 0.89978723,
   0.87639677, 0.85766869, 0.84245945],
 [ 0.89707458, 0.89521102, 0.89286329, 0.88987532, 0.88603252, 0.88104001,
   0.87449681, 0.86587326, 0.85451411, 0.83971995, 0.82099203, 0.79848009,
   0.77340968, 0.74793923, 0.7242511 , 0.70365363, 0.68644913, 0.67233271,
   0.66078901, 0.65130521, 0.64344705],
 [ 0.35682713, 0.35682713, 0.35682713, 0.35682713, 0.35682713, 0.35682713,
   0.35682713, 0.35682713, 0.35682713, 0.35682713, 0.35682713, 0.35682713,
   0.35682713, 0.35682713, 0.35682713, 0.35682713, 0.35682713, 0.35682713,
   0.35682713, 0.35682713, 0.35682713],
 [        nan,        nan,        nan,        nan,        nan,        nan,
          nan,        nan,        nan,        nan,        nan,        nan,
          nan,        nan,        nan,        nan,        nan,        nan,
          nan,        nan,        nan],
 [        nan,        nan,        nan,        nan,        nan,        nan,
          nan,        nan,        nan,        nan,        nan,        nan,
          nan,        nan,        nan,        nan,        nan,        nan,
          nan,        nan,        nan],
 [        nan,        nan,        nan,        nan,        nan,        nan,
          nan,        nan,        nan,        nan,        nan,        nan,
          nan,        nan,        nan,        nan,        nan,        nan,
          nan,        nan,        nan],
 [        nan,        nan,        nan,        nan,        nan,        nan,
          nan,        nan,        nan,        nan,        nan,        nan,
          nan,        nan,        nan,        nan,        nan,        nan,
          nan,        nan,        nan]]
measureGC
[  1.00000000e+00,  6.97500000e-02,  1.18750000e-02,  3.50000000e-03,
   1.37500000e-03,  3.75000000e-04,  2.50000000e-04,  1.25000000e-04,
   1.25000000e-04,  1.25000000e-04]
measureAPL
[ 1.        , 0.69732732, 0.45178261, 0.347089  , 0.19341239, 0.07198726,
  0.09120178, 0.09120178, 0.09120178, 0.09120178]