PercentOfNodes
[ 0. , 0.1, 0.2, 0.3, 0.4, 0.5, 0.6, 0.7, 0.8, 0.9]

Centrality
Tq
[[ 3.45743068, 3.45892901, 3.46071571, 3.46248828, 3.46354243, 3.46346783,
   3.46296598, 3.46153645, 3.45420556, 3.42734857, 3.36282287, 3.28918231,
   3.22568828, 3.17246003, 3.12703664, 3.0875344 , 3.05274474, 3.02188062,
   2.99437838, 2.96979064, 2.94774019],
 [ 3.01045445, 3.01667478, 3.023677  , 3.03175327, 3.04151068, 3.0536601 ,
   3.06877702, 3.08798812, 3.11139289, 3.1275938 , 3.09998675, 3.04495537,
   2.99301458, 2.94852562, 2.91052012, 2.87763335, 2.84875079, 2.82304042,
   2.79989157, 2.77885589, 2.75960612],
 [ 2.63710218, 2.64400373, 2.65194851, 2.66117363, 2.67205265, 2.68508089,
   2.70090783, 2.72026837, 2.74271778, 2.75846442, 2.73929299, 2.69387323,
   2.64804112, 2.60777416, 2.57300516, 2.54275938, 2.51610419, 2.49232043,
   2.47089704, 2.45148194, 2.43382918],
 [ 2.20390704, 2.21646212, 2.23096572, 2.24781064, 2.2674625 , 2.290396  ,
   2.31678408, 2.34547113, 2.37178402, 2.38588733, 2.37818117, 2.35109263,
   2.31639805, 2.282039  , 2.25060666, 2.22240907, 2.19711161, 2.17429951,
   2.15363091, 2.13485218, 2.11777407],
 [ 1.70333419, 1.69524269, 1.68571188, 1.67442837, 1.66100171, 1.64496022,
   1.62578673, 1.60305077, 1.57668578, 1.54734157, 1.5165142 , 1.4861375 ,
   1.45783785, 1.4324742 , 1.4102001 , 1.39076924, 1.37379731, 1.3589013 ,
   1.34575071, 1.33407564, 1.32365923],
 [ 1.33431925, 1.33676245, 1.33952542, 1.34253059, 1.34555188, 1.34810096,
   1.34929903, 1.34784691, 1.34230401, 1.33175039, 1.31642631, 1.29775022,
   1.27767221, 1.257905  , 1.23953036, 1.22302964, 1.20849561, 1.19582421,
   1.18482951, 1.17530151, 1.16703409],
 [ 1.15519932, 1.15457913, 1.15336583, 1.15130374, 1.14804696, 1.14314947,
   1.13607946, 1.12628508, 1.11334275, 1.0971845 , 1.07829845, 1.05770406,
   1.03663069, 1.01612506, 0.9968615 , 0.97918127, 0.9632143 , 0.94896912,
   0.9363758 , 0.92531056, 0.91561865],
 [ 0.71005488, 0.70865009, 0.70685432, 0.70459923, 0.70182629, 0.69850263,
   0.69464048, 0.69031455, 0.68566933, 0.68091059, 0.6762822 , 0.67203307,
   0.66837677, 0.66544931, 0.66328294, 0.66181329, 0.66091605, 0.6604505 ,
   0.66029026, 0.66033637, 0.66051773],
 [        nan,        nan,        nan,        nan,        nan,        nan,
          nan,        nan,        nan,        nan,        nan,        nan,
          nan,        nan,        nan,        nan,        nan,        nan,
          nan,        nan,        nan],
 [        nan,        nan,        nan,        nan,        nan,        nan,
          nan,        nan,        nan,        nan,        nan,        nan,
          nan,        nan,        nan,        nan,        nan,        nan,
          nan,        nan,        nan]]
measureGC
[  1.00000000e+00,  8.67935087e-01,  7.09942175e-01,  5.15388920e-01,
   2.78679351e-01,  5.29751912e-02,  9.14008580e-03,  1.86532363e-03,
   3.73064727e-04,  1.86532363e-04]
measureAPL
[ 1.        , 1.32586606, 1.91571948, 3.00544974, 8.12974444, 3.82751531,
  1.09649997, 0.23661984, 0.07410557, 0.11292278]