PercentOfNodes
[ 0. , 0.1, 0.2, 0.3, 0.4, 0.5, 0.6, 0.7, 0.8, 0.9]

RandomAttack
Tq
[[ 1.7934339 , 1.78694008, 1.78067161, 1.77471214, 1.7691222 , 1.76393565,
   1.75916093, 1.75478572, 1.75078317, 1.74711795, 1.74375128, 1.74064457,
   1.73776167, 1.73507025, 1.7325423 , 1.73015428, 1.72788684, 1.72572446,
   1.7236549 , 1.72166869, 1.71975853],
 [ 1.81550815, 1.80654755, 1.79740222, 1.78822188, 1.77916181, 1.77036448,
   1.76194306, 1.75397119, 1.7464814 , 1.73947102, 1.73291245, 1.72676434,
   1.72098095, 1.71551876, 1.71034018, 1.7054149 , 1.70071968, 1.69623723,
   1.69195472, 1.68786238, 1.68395227],
 [ 1.84199533, 1.83251432, 1.82243197, 1.81182943, 1.80082714, 1.78957921,
   1.77826002, 1.76704537, 1.75609266, 1.74552588, 1.73542871, 1.72584603,
   1.71679114, 1.70825512, 1.70021575, 1.69264452, 1.68551134, 1.67878747,
   1.67244687, 1.66646663, 1.66082674],
 [ 1.82762489, 1.81818047, 1.80793131, 1.79692503, 1.7852675 , 1.77312787,
   1.76073031, 1.74832986, 1.73617713, 1.72448348, 1.71339884, 1.70300708,
   1.69333537, 1.68436994, 1.67607193, 1.66839009, 1.66126949, 1.6546567 ,
   1.64850244, 1.64276261, 1.63739836],
 [ 1.69611218, 1.69456482, 1.69250005, 1.68983933, 1.6865123 , 1.68245968,
   1.67763476, 1.67200743, 1.66557406, 1.65837169, 1.65048841, 1.64206202,
   1.63326527, 1.62428399, 1.61529589, 1.60645527, 1.59788509, 1.58967513,
   1.58188451, 1.57454638, 1.56767339],
 [ 1.68943664, 1.67801423, 1.66434817, 1.64784414, 1.6277627 , 1.60330231,
   1.57392093, 1.54004604, 1.50392941, 1.46937504, 1.4394526 , 1.41488267,
   1.39485285, 1.37823362, 1.3640976 , 1.35179918, 1.34091548, 1.33117143,
   1.32238239, 1.31441697, 1.30717502],
 [ 1.63428432, 1.62355595, 1.61012597, 1.59307439, 1.57115408, 1.54279436,
   1.50644271, 1.46176918, 1.41181217, 1.36358625, 1.3236978 , 1.29342072,
   1.27016955, 1.25116294, 1.2346927 , 1.21991165, 1.20643473, 1.19408462,
   1.18276529, 1.17240674, 1.16294398],
 [ 1.44798197, 1.43644282, 1.42241909, 1.40517733, 1.3837371 , 1.35682175,
   1.32288554, 1.28039769, 1.22878841, 1.17052362, 1.11273116, 1.06320933,
   1.02419216, 0.99361311, 0.96888669, 0.94818165, 0.93037159, 0.91478214,
   0.90099786, 0.88874358, 0.87781821],
 [ 1.19267601, 1.18714785, 1.18008614, 1.1710598 , 1.15953366, 1.14487501,
   1.12641402, 1.10363007, 1.0765708 , 1.04646645, 1.01584853, 0.98734353,
   0.96235952, 0.94112179, 0.92329679, 0.90839468, 0.89592912, 0.8854687 ,
   0.87664832, 0.86916646, 0.86277769],
 [ 0.60535006, 0.60450213, 0.60333188, 0.60176473, 0.59972876, 0.59717055,
   0.59407858, 0.59050979, 0.58660817, 0.58259952, 0.57875299, 0.57531999,
   0.57247852, 0.57030939, 0.56880831, 0.56791658, 0.56754957, 0.56761447,
   0.56801974, 0.56868074, 0.5695232 ]]
measureGC
[ 1.        , 0.90434783, 0.80869565, 0.71304348, 0.6173913 , 0.52173913,
  0.42608696, 0.32173913, 0.2       , 0.05217391]
measureAPL
[  1.        , 33.18028846, 30.27419355, 27.92073171, 25.5915493 ,
  22.63333333, 20.04591837, 15.87162162,  9.70652174,  1.45833333]

Degree
Tq
[[ 2.08626118, 2.08101869, 2.07612045, 2.07165526, 2.06768172, 2.06422543,
   2.06128195, 2.05882364, 2.05680794, 2.05518496, 2.05390325, 2.05291361,
   2.05217108, 2.05163567, 2.05127222, 2.05104994, 2.05094174, 2.05092365,
   2.0509744 , 2.05107508, 2.05120904],
 [ 1.77777464, 1.77426276, 1.7707444 , 1.76723757, 1.76375921, 1.76032438,
   1.75694538, 1.75363133, 1.75038791, 1.74721753, 1.74411968, 1.74109148,
   1.73812841, 1.73522503, 1.73237571, 1.72957547, 1.72682064, 1.72410946,
   1.72144247, 1.7188225 , 1.7162544 ],
 [ 1.61172854, 1.60397635, 1.59599238, 1.58787827, 1.57975084, 1.57173582,
   1.56395812, 1.55652858, 1.54952939, 1.54300366, 1.53695366, 1.53134806,
   1.5261344 , 1.52125166, 1.51663993, 1.51224636, 1.50802798, 1.50395226,
   1.49999645, 1.49614609, 1.49239335],
 [ 1.6723058 , 1.66436942, 1.65591424, 1.64698411, 1.63765019, 1.62801504,
   1.61821319, 1.60840447, 1.59875771, 1.58942775, 1.58053388, 1.57214837,
   1.56429796, 1.55697446, 1.55014833, 1.54378047, 1.53783046, 1.5322614 ,
   1.52704186, 1.52214604, 1.51755281],
 [ 1.67183409, 1.66267982, 1.65225509, 1.64051063, 1.62753848, 1.61367781,
   1.5995851 , 1.58614036, 1.57414006, 1.56398382, 1.5556191 , 1.54872167,
   1.54290465, 1.53783798, 1.53328305, 1.52908453, 1.52514923, 1.52142571,
   1.51788821, 1.51452507, 1.51133105],
 [ 1.42849633, 1.42017237, 1.4109497 , 1.40078401, 1.38965369, 1.37757232,
   1.36460637, 1.35089612, 1.33667042, 1.32223798, 1.30794168, 1.29408816,
   1.28089243, 1.26846736, 1.25684904, 1.24603011, 1.2359831 , 1.22667208,
   1.21805719, 1.21009645, 1.20274675],
 [ 1.02180223, 1.01851625, 1.0142652 , 1.00877895, 1.00174229, 0.99282837,
   0.98178171, 0.96856377, 0.95352155, 0.93745412, 0.92144675, 0.90651838,
   0.89331306, 0.88201746, 0.87248601, 0.86443088, 0.85755698, 0.85161828,
   0.84642609, 0.8418398 , 0.83775474],
 [ 0.27329395, 0.2693925 , 0.26502099, 0.26013106, 0.25467935, 0.24863338,
   0.24197894, 0.23472845, 0.22692886, 0.21866683, 0.21006865, 0.20129319,
   0.19251772, 0.18391955, 0.17565751, 0.16785792, 0.16060743, 0.15395299,
   0.14790703, 0.14245532, 0.13756538],
 [        nan,        nan,        nan,        nan,        nan,        nan,
          nan,        nan,        nan,        nan,        nan,        nan,
          nan,        nan,        nan,        nan,        nan,        nan,
          nan,        nan,        nan],
 [        nan,        nan,        nan,        nan,        nan,        nan,
          nan,        nan,        nan,        nan,        nan,        nan,
          nan,        nan,        nan,        nan,        nan,        nan,
          nan,        nan,        nan]]
measureGC
[ 1.        , 0.90434783, 0.80869565, 0.71304348, 0.6173913 , 0.52173913,
  0.1826087 , 0.03478261, 0.0173913 , 0.00869565]
measureAPL
[  1.        , 34.06490385, 32.29032258, 29.875     , 29.62676056,
  30.2625    , 10.17857143,  0.4375    ,  0.125     ,  0.        ]

Centrality
Tq
[[ 1.79247777, 1.78625463, 1.78024744, 1.77453172, 1.76916141, 1.76416616,
   1.7595527 , 1.75530929, 1.75141131, 1.74782672, 1.74452043, 1.74145751,
   1.73860522, 1.73593418, 1.73341884, 1.73103765, 1.72877279, 1.72660991,
   1.72453761, 1.72254701, 1.72063119],
 [ 1.82906051, 1.82034661, 1.81125448, 1.80184077, 1.79218269, 1.78237621,
   1.77253146, 1.7627653 , 1.75319215, 1.74391491, 1.73501756, 1.72656096,
   1.71858205, 1.71109607, 1.70410065, 1.69758059, 1.69151235, 1.68586779,
   1.68061687, 1.67572942, 1.67117623],
 [ 1.96754992, 1.95024045, 1.93065058, 1.90852283, 1.88370318, 1.85627502,
   1.82673379, 1.79611684, 1.76592901, 1.73776593, 1.71280501, 1.69152062,
   1.67377031, 1.65907312, 1.64685691, 1.63659495, 1.62785439, 1.62029874,
   1.61367312, 1.6077864 , 1.60249528],
 [ 2.12706864, 2.10423134, 2.07690911, 2.04388706, 2.00358584, 1.95410134,
   1.89369071, 1.82253604, 1.74640966, 1.67787825, 1.62708913, 1.59372138,
   1.57213741, 1.55744414, 1.54669648, 1.53829211, 1.53136233, 1.52541963,
   1.52017707, 1.51545709, 1.51114443],
 [ 1.92539793, 1.91255672, 1.89888541, 1.88453567, 1.86974382, 1.85481985,
   1.84011225, 1.82595596, 1.81262159, 1.80028417, 1.78901889, 1.7788183 ,
   1.7696193 , 1.7613291 , 1.75384486, 1.74706604, 1.74090079, 1.73526837,
   1.73009942, 1.72533497, 1.72092517],
 [ 1.65287544, 1.63694425, 1.61917237, 1.59952024, 1.57810508, 1.55526475,
   1.53158069, 1.50781796, 1.48477575, 1.46310641, 1.44319778, 1.42517199,
   1.40896834, 1.3944389 , 1.38141312, 1.36972752, 1.35923398, 1.34979959,
   1.3413045 , 1.33364048, 1.32671005],
 [ 1.93075171, 1.91461415, 1.89593718, 1.87427983, 1.8491949 , 1.8203113 ,
   1.787484  , 1.75101327, 1.71185924, 1.67167083, 1.63248078, 1.59617425,
   1.56402943, 1.53655208, 1.51360593, 1.49467709, 1.47911443, 1.46628094,
   1.45562305, 1.44668869, 1.43912046],
 [ 1.93369119, 1.91329946, 1.88886108, 1.85920457, 1.8227958 , 1.77774258,
   1.72207712, 1.65479018, 1.5781563 , 1.50004412, 1.43119683, 1.37768102,
   1.33868751, 1.31048198, 1.28956058, 1.27346547, 1.26062673, 1.25006175,
   1.24114798, 1.23348   , 1.22678428],
 [ 1.50889107, 1.49528248, 1.47940156, 1.4607265 , 1.43863065, 1.41241811,
   1.38144281, 1.34537096, 1.3045993 , 1.26065153, 1.21614259, 1.1740499 ,
   1.13666641, 1.10498709, 1.07884379, 1.05743946, 1.03982295, 1.02513953,
   1.01270863, 1.00201778, 0.99268991],
 [ 1.54942749, 1.53926957, 1.52577016, 1.50765911, 1.48320363, 1.45013505,
   1.40579292, 1.34797156, 1.27720074, 1.19980584, 1.12689407, 1.06664629,
   1.01971106, 0.98266445, 0.95208195, 0.92577184, 0.90256421, 0.88186973,
   0.86336615, 0.84683269, 0.83207996]]
measureGC
[ 1.        , 0.90434783, 0.80869565, 0.71304348, 0.6173913 , 0.52173913,
  0.42608696, 0.33043478, 0.23478261, 0.13913043]
measureAPL
[  1.        , 31.94230769, 28.37365591, 24.5945122 , 20.61619718,
  17.14583333, 13.50510204,  9.72368421,  6.25      ,  3.09375   ]

Genetic
Tq
[[ 1.78948115, 1.78359864, 1.77792569, 1.77253009, 1.76745944, 1.76273871,
   1.75837188, 1.75434613, 1.75063716, 1.74721424, 1.7440442 , 1.74109435,
   1.73833431, 1.735737  , 1.73327911, 1.73094116, 1.72870731, 1.72656501,
   1.72450456, 1.72251864, 1.72060176],
 [ 1.80472949, 1.79774193, 1.79061268, 1.78343759, 1.77631598, 1.76934156,
   1.76259431, 1.75613468, 1.75000091, 1.74420943, 1.73875797, 1.73363021,
   1.72880083, 1.72424009, 1.71991733, 1.71580345, 1.71187238, 1.70810181,
   1.70447337, 1.70097241, 1.69758748],
 [ 1.83714568, 1.8265448 , 1.81533732, 1.80365944, 1.79169759, 1.77967288,
   1.76781404, 1.75632673, 1.74536968, 1.73504433, 1.72539756, 1.7164325 ,
   1.70812194, 1.7004206 , 1.69327457, 1.68662787, 1.68042644, 1.67462048,
   1.66916553, 1.66402287, 1.65915932],
 [ 1.61242012, 1.6017743 , 1.59051655, 1.5787717 , 1.56671034, 1.55452927,
   1.54242178, 1.53054884, 1.51902288, 1.50790824, 1.49723317, 1.48700487,
   1.47722127, 1.46787757, 1.45896846, 1.4504879 , 1.4424284 , 1.43478037,
   1.42753214, 1.4206703 , 1.41418016],
 [ 1.76371776, 1.74729012, 1.72818407, 1.70594535, 1.68019747, 1.65089089,
   1.61875802, 1.58574367, 1.55462642, 1.52754559, 1.50497055, 1.48616679,
   1.4701202 , 1.45601374, 1.44330629, 1.43166942, 1.4209099 , 1.41091237,
   1.40160331, 1.39293032, 1.38485102],
 [ 1.52501838, 1.51362687, 1.50015665, 1.484278  , 1.46574274, 1.44452873,
   1.42102737, 1.39615526, 1.37121108, 1.34746629, 1.32576383, 1.30639743,
   1.28926491, 1.27409835, 1.26061906, 1.24859558, 1.23784608, 1.22822374,
   1.21960328, 1.21187295, 1.20493117],
 [ 1.53451322, 1.52762943, 1.5191793 , 1.50886113, 1.49635371, 1.48134823,
   1.46360802, 1.44306348, 1.41993417, 1.39483497, 1.36878286, 1.34303026,
   1.31875978, 1.2968072 , 1.2775627 , 1.26104472, 1.24704244, 1.23524202,
   1.22530841, 1.21692808, 1.20982658],
 [ 1.20967533, 1.20696816, 1.20308587, 1.19747663, 1.18933265, 1.17750314,
   1.16045459, 1.136454  , 1.10433574, 1.06507306, 1.02288528, 0.98330955,
   0.94971231, 0.92256431, 0.90090405, 0.88352565, 0.8694162 , 0.85781671,
   0.8481738 , 0.84008125, 0.83323505],
 [ 1.10273178, 1.09961989, 1.09554061, 1.09013617, 1.08290051, 1.07312269,
   1.05982428, 1.04172612, 1.01736266, 0.98560909, 0.94681644, 0.90383431,
   0.86129712, 0.82324608, 0.79151282, 0.76599167, 0.74568496, 0.72945581,
   0.71633388, 0.70557348, 0.69662353],
 [ 0.95276057, 0.94807323, 0.94238487, 0.9353656 , 0.92654831, 0.91527188,
   0.90061699, 0.88137017, 0.85612033, 0.8237013 , 0.7841805 , 0.74      ,
   0.6958195 , 0.6562987 , 0.62387967, 0.59862983, 0.57938301, 0.56472812,
   0.55345169, 0.5446344 , 0.53761513]]
measureGC
[ 1.        , 0.90434783, 0.80869565, 0.71304348, 0.6173913 , 0.52173913,
  0.42608696, 0.29565217, 0.13913043, 0.03478261]
measureAPL
[  1.        , 33.03846154, 30.1155914 , 27.19817073, 24.91901408,
  24.39166667, 20.73979592, 17.15441176,  5.984375  ,  0.5625    ]

Simulated
Tq
[[ 2.08597546, 2.08062544, 2.07563669, 2.07110227, 2.06708242, 2.06360201,
   2.06065408, 2.05820753, 2.056216  , 2.054626  , 2.05338298, 2.05243523,
   2.05173594, 2.05124381, 2.05092288, 2.05074195, 2.05067384, 2.05069471,
   2.05078355, 2.0509218 , 2.05109314],
 [ 2.09291511, 2.08643441, 2.07971882, 2.07288011, 2.06604319, 2.05933533,
   2.05287453, 2.04675953, 2.04106339, 2.03583149, 2.03108323, 2.02681643,
   2.02301262, 2.01964236, 2.01666967, 2.01405535, 2.01175937, 2.00974243,
   2.00796686, 2.00639737, 2.00500143],
 [ 1.64814315, 1.63615537, 1.62327824, 1.60962358, 1.59538993, 1.58086539,
   1.5664062 , 1.55238583, 1.53912685, 1.52684504, 1.51563115, 1.50547104,
   1.49628403, 1.48795928, 1.48038092, 1.47344168, 1.46704858, 1.46112394,
   1.45560421, 1.45043797, 1.44558375],
 [ 1.90437533, 1.89469063, 1.88346437, 1.87044524, 1.85542232, 1.8383124 ,
   1.81927951, 1.79884073, 1.77786829, 1.75741272, 1.73840017, 1.7213932 ,
   1.70655022, 1.69373982, 1.68268934, 1.67309391, 1.66467415, 1.65719756,
   1.65048055, 1.64438232, 1.63879644],
 [ 2.04687025, 2.03101212, 2.01183559, 1.98844034, 1.95978125, 1.92491309,
   1.88364063, 1.83758429, 1.7907751 , 1.74825043, 1.7132518 , 1.68606029,
   1.66517326, 1.64878973, 1.63548091, 1.62427269, 1.6145376 , 1.60587699,
   1.5980363 , 1.59085102, 1.58421295],
 [ 1.7674122 , 1.75676431, 1.74415788, 1.72902324, 1.71060004, 1.68797511,
   1.66028816, 1.62722766, 1.58996392, 1.55192707, 1.51716408, 1.48756409,
   1.46300534, 1.44267978, 1.42572166, 1.41138873, 1.39909729, 1.38840813,
   1.37899786, 1.3706295 , 1.36312773],
 [ 1.61481546, 1.60254011, 1.58748801, 1.56875924, 1.54509251, 1.51477216,
   1.47569784, 1.4260289 , 1.36623227, 1.30293067, 1.24852674, 1.20915651,
   1.18150298, 1.1609615 , 1.14466172, 1.13105765, 1.11931233, 1.1089496 ,
   1.09968052, 1.09131708, 1.08372803],
 [ 1.3384434 , 1.33162406, 1.32291308, 1.31174207, 1.29739218, 1.27900196,
   1.25566344, 1.22672365, 1.1924409 , 1.15491811, 1.11818016, 1.08593295,
   1.05939359, 1.0378645 , 1.02017045, 1.00533945, 0.99269999, 0.98180198,
   0.97233142, 0.96405438, 0.9567864 ],
 [ 1.04317712, 1.04071513, 1.03736796, 1.0328551 , 1.02682953, 1.01888671,
   1.00860002, 0.99559751, 0.97968795, 0.96101986, 0.94021386, 0.91835972,
   0.89678428, 0.8766654 , 0.85873891, 0.84325262, 0.83010443, 0.8190202 ,
   0.80968168, 0.80179123, 0.79509432],
 [ 0.62344923, 0.61950366, 0.61474262, 0.60897757, 0.6019776 , 0.59346702,
   0.58313743, 0.57069864, 0.55600767, 0.53929553, 0.52137802, 0.50355762,
   0.48711305, 0.47280882, 0.46082451, 0.45097294, 0.44292784, 0.43635556,
   0.43096712, 0.42652834, 0.422854  ]]
measureGC
[ 1.        , 0.90434783, 0.80869565, 0.71304348, 0.6173913 , 0.52173913,
  0.42608696, 0.31304348, 0.10434783, 0.05217391]
measureAPL
[  1.        , 32.79326923, 30.26612903, 27.71341463, 24.70774648,
  22.375     , 19.8877551 , 17.43055556,  3.77083333,  1.16666667]