PercentOfNodes
[ 0. , 0.1, 0.2, 0.3, 0.4, 0.5, 0.6, 0.7, 0.8, 0.9]

RandomAttack
Tq
[[ 2.70875835, 2.7318061 , 2.7592583 , 2.79230793, 2.83245784, 2.8810531 ,
   2.93820426, 3.00163402, 3.06279887, 3.10204982, 3.08316512, 2.9619364 ,
   2.74731402, 2.48465937, 2.22376075, 2.03464208, 1.90347942, 1.80890609,
   1.73787893, 1.68276182, 1.63886248],
 [ 2.67642153, 2.69658933, 2.72039804, 2.7488575 , 2.78319828, 2.82441617,
   2.87261601, 2.92592638, 2.97574569, 3.00247342, 2.97068338, 2.83958324,
   2.62500773, 2.36635324, 2.11412688, 1.93415723, 1.80957555, 1.71960299,
   1.6518787 , 1.59918851, 1.55711534],
 [ 2.69485795, 2.7094755 , 2.72614969, 2.74556679, 2.76859914, 2.79585276,
   2.82695035, 2.85994156, 2.88744658, 2.8907237 , 2.83912664, 2.700452  ,
   2.48844862, 2.23475831, 1.99046818, 1.81686916, 1.6970007 , 1.61072089,
   1.54599986, 1.49578376, 1.45576268],
 [ 2.53976612, 2.55534584, 2.57324908, 2.59425278, 2.61963313, 2.6511987 ,
   2.69081831, 2.73931013, 2.79506504, 2.84307402, 2.83433249, 2.71980388,
   2.5205904 , 2.25757957, 2.00237522, 1.82451958, 1.70303673, 1.61620282,
   1.55140974, 1.50134476, 1.46156901],
 [ 2.43617148, 2.43157097, 2.42606626, 2.41930678, 2.41067899, 2.39913251,
   2.3830153 , 2.35975194, 2.32399001, 2.26065622, 2.14069844, 1.9560006 ,
   1.75495874, 1.51988562, 1.31978057, 1.18956995, 1.10130817, 1.03775194,
   0.98997349, 0.95285103, 0.92321582],
 [ 2.37085964, 2.37935012, 2.38943695, 2.40154946, 2.41614495, 2.43354624,
   2.45370629, 2.47638544, 2.50229827, 2.52988298, 2.51898574, 2.40791555,
   2.22773274, 1.9458618 , 1.69661806, 1.53468699, 1.42643128, 1.34953544,
   1.29222922, 1.24796947, 1.21283173],
 [ 2.31674671, 2.3218086 , 2.32727035, 2.33305174, 2.33901518, 2.34496382,
   2.35059285, 2.35504275, 2.35491724, 2.33923125, 2.2858615 , 2.17854198,
   2.01124377, 1.75305818, 1.52753944, 1.37947273, 1.27983113, 1.20870676,
   1.15558979, 1.11455894, 1.08200586],
 [ 2.18820964, 2.18849396, 2.18841047, 2.18783435, 2.18658986, 2.18437708,
   2.18053336, 2.17326272, 2.15770559, 2.12356478, 2.05687114, 1.9554614 ,
   1.815609  , 1.61630196, 1.43770212, 1.31514207, 1.23144428, 1.17127252,
   1.12597479, 1.09067894, 1.06244807],
 [ 2.07929537, 2.08961646, 2.10076929, 2.11277138, 2.12566805, 2.13958528,
   2.15480829, 2.17183361, 2.19104338, 2.21040515, 2.21758798, 2.1773162 ,
   2.03033059, 1.79996812, 1.61143955, 1.48757017, 1.40556245, 1.34831746,
   1.30638131, 1.27448773, 1.24951214],
 [ 1.78502002, 1.78278661, 1.7800571 , 1.77664607, 1.7722639 , 1.76643501,
   1.75833338, 1.74643775, 1.72780196, 1.69663305, 1.6425816 , 1.55432523,
   1.44007789, 1.33529014, 1.26095207, 1.21268132, 1.18094211, 1.15910342,
   1.1433367 , 1.13146966, 1.12222906]]
measureGC
[ 1.    , 0.7905, 0.4705, 0.316 , 0.13  , 0.074 , 0.05  , 0.034 , 0.0135,
  0.0035]
measureAPL
[ 1.        , 0.95654027, 0.83993396, 0.70868685, 0.57134838, 0.47491952,
  0.44403916, 0.37400472, 0.25571882, 0.15861853]

Degree
Tq
[[ 2.93450438, 2.94604111, 2.95905969, 2.97374933, 2.99046309, 3.00938261,
   3.02956228, 3.04777162, 3.05555247, 3.03540527, 2.95795557, 2.79420001,
   2.56173574, 2.29950267, 2.04853442, 1.86874241, 1.74398654, 1.65376576,
   1.58576698, 1.53279124, 1.49042732],
 [ 0.83077437, 0.82810241, 0.8246799 , 0.82030656, 0.81473814, 0.80768594,
   0.79882643, 0.78782982, 0.77441996, 0.75847464, 0.74015841, 0.72004797,
   0.69916475, 0.67879089, 0.66006145, 0.64362399, 0.62962272, 0.61789123,
   0.60813702, 0.60004663, 0.59333102],
 [        nan,        nan,        nan,        nan,        nan,        nan,
          nan,        nan,        nan,        nan,        nan,        nan,
          nan,        nan,        nan,        nan,        nan,        nan,
          nan,        nan,        nan],
 [        nan,        nan,        nan,        nan,        nan,        nan,
          nan,        nan,        nan,        nan,        nan,        nan,
          nan,        nan,        nan,        nan,        nan,        nan,
          nan,        nan,        nan],
 [        nan,        nan,        nan,        nan,        nan,        nan,
          nan,        nan,        nan,        nan,        nan,        nan,
          nan,        nan,        nan,        nan,        nan,        nan,
          nan,        nan,        nan],
 [        nan,        nan,        nan,        nan,        nan,        nan,
          nan,        nan,        nan,        nan,        nan,        nan,
          nan,        nan,        nan,        nan,        nan,        nan,
          nan,        nan,        nan],
 [        nan,        nan,        nan,        nan,        nan,        nan,
          nan,        nan,        nan,        nan,        nan,        nan,
          nan,        nan,        nan,        nan,        nan,        nan,
          nan,        nan,        nan],
 [        nan,        nan,        nan,        nan,        nan,        nan,
          nan,        nan,        nan,        nan,        nan,        nan,
          nan,        nan,        nan,        nan,        nan,        nan,
          nan,        nan,        nan],
 [        nan,        nan,        nan,        nan,        nan,        nan,
          nan,        nan,        nan,        nan,        nan,        nan,
          nan,        nan,        nan,        nan,        nan,        nan,
          nan,        nan,        nan],
 [        nan,        nan,        nan,        nan,        nan,        nan,
          nan,        nan,        nan,        nan,        nan,        nan,
          nan,        nan,        nan,        nan,        nan,        nan,
          nan,        nan,        nan]]
measureGC
[  1.00000000e+00,  3.00000000e-03,  1.00000000e-03,  5.00000000e-04,
   5.00000000e-04,  5.00000000e-04,  5.00000000e-04,  5.00000000e-04,
   5.00000000e-04,  5.00000000e-04]
measureAPL
[ 1.        , 0.13562978, 0.05020262, 0.09848361, 0.09848361, 0.09848361,
  0.09848361, 0.09848361, 0.09848361, 0.09848361]

Centrality
Tq
[[ 2.55656076, 2.58127907, 2.61121762, 2.64806966, 2.69417244, 2.75257448,
   2.82651468, 2.91666279, 3.01463382, 3.0982513 , 3.1249585 , 3.03795917,
   2.83833615, 2.5684927 , 2.28839451, 2.08635863, 1.94713049, 1.84733378,
   1.77279259, 1.71522502, 1.66957338],
 [ 2.29288505, 2.29759262, 2.30239385, 2.30708947, 2.31130265, 2.31430858,
   2.31471567, 2.30985392, 2.2946998 , 2.26081926, 2.19849363, 2.1054457 ,
   1.98753689, 1.84623674, 1.70377313, 1.58894935, 1.5029332 , 1.43813811,
   1.38831081, 1.34916351, 1.31778208],
 [ 1.80025231, 1.81237196, 1.82660239, 1.84340143, 1.86336651, 1.88737692,
   1.91686568, 1.95396457, 1.99985315, 2.04709621, 2.0679003 , 2.02386099,
   1.90542191, 1.72643262, 1.56535388, 1.45587369, 1.38036741, 1.32556163,
   1.28413011, 1.25182693, 1.22602354],
 [ 1.21663387, 1.2207317 , 1.22514741, 1.2298059 , 1.23454181, 1.23904148,
   1.24275693, 1.24478737, 1.24373853, 1.23761368, 1.22391217, 1.20034084,
   1.16651148, 1.12574008, 1.08418726, 1.04703047, 1.01624676, 0.9915518 ,
   0.9718795 , 0.95613031, 0.94339588],
 [ 0.82546758, 0.82376851, 0.82150212, 0.81852289, 0.81466339, 0.80974183,
   0.80357652, 0.79600796, 0.78692823, 0.77632102, 0.76432046, 0.75128356,
   0.73782156, 0.72470263, 0.7126214 , 0.70199105, 0.69291159, 0.68527689,
   0.67889505, 0.67356248, 0.6690957 ],
 [        nan,        nan,        nan,        nan,        nan,        nan,
          nan,        nan,        nan,        nan,        nan,        nan,
          nan,        nan,        nan,        nan,        nan,        nan,
          nan,        nan,        nan],
 [        nan,        nan,        nan,        nan,        nan,        nan,
          nan,        nan,        nan,        nan,        nan,        nan,
          nan,        nan,        nan,        nan,        nan,        nan,
          nan,        nan,        nan],
 [        nan,        nan,        nan,        nan,        nan,        nan,
          nan,        nan,        nan,        nan,        nan,        nan,
          nan,        nan,        nan,        nan,        nan,        nan,
          nan,        nan,        nan],
 [        nan,        nan,        nan,        nan,        nan,        nan,
          nan,        nan,        nan,        nan,        nan,        nan,
          nan,        nan,        nan,        nan,        nan,        nan,
          nan,        nan,        nan],
 [        nan,        nan,        nan,        nan,        nan,        nan,
          nan,        nan,        nan,        nan,        nan,        nan,
          nan,        nan,        nan,        nan,        nan,        nan,
          nan,        nan,        nan]]
measureGC
[  1.00000000e+00,  1.37000000e-01,  4.55000000e-02,  1.25000000e-02,
   4.00000000e-03,  1.50000000e-03,  1.00000000e-03,  5.00000000e-04,
   5.00000000e-04,  5.00000000e-04]
measureAPL
[ 1.        , 0.7765388 , 0.51320442, 0.33445827, 0.18058028, 0.06886039,
  0.09732659, 0.09732659, 0.09732659, 0.09732659]

Genetic
Tq
[[ 2.55889578, 2.583737  , 2.61383347, 2.65089647, 2.69729235, 2.75610594,
   2.8305611 , 2.92099853, 3.01824076, 3.10012752, 3.12534249, 3.03750276,
   2.83603209, 2.56479219, 2.28674302, 2.08630824, 1.94797432, 1.84863178,
   1.77434187, 1.71693839, 1.67140428],
 [ 2.58973376, 2.60841651, 2.63055431, 2.65684133, 2.68788626, 2.72437268,
   2.76691834, 2.81334198, 2.85378061, 2.86661555, 2.81718508, 2.67295944,
   2.45110044, 2.194437  , 1.95332589, 1.7848613 , 1.66923646, 1.58626207,
   1.52410735, 1.47584796, 1.43730924],
 [ 2.43510104, 2.4382355 , 2.4411046 , 2.44337214, 2.44439494, 2.44300779,
   2.4372705 , 2.42414253, 2.39906026, 2.35566736, 2.28740519, 2.19290763,
   2.07408065, 1.92910924, 1.78299812, 1.66567604, 1.57819819, 1.51265282,
   1.46240785, 1.4229499 , 1.39127767]]
measureGC
[ 1.   , 0.558, 0.163]
measureAPL
[ 1.        , 0.94979936, 0.79142552]

Simulated
Tq
[[ 2.72538229, 2.74789763, 2.7746305 , 2.80666802, 2.84539853, 2.8921354 ,
   2.94710288, 3.00815928, 3.06701717, 3.10440217, 3.08432009, 2.96236555,
   2.74685838, 2.48113019, 2.21633921, 2.02511988, 1.89259749, 1.79702037,
   1.72523568, 1.66954124, 1.62519578],
 [ 2.14850178, 2.16377848, 2.18160039, 2.20242099, 2.22689957, 2.25620847,
   2.29218728, 2.33609851, 2.3842189 , 2.42006492, 2.40791179, 2.31646089,
   2.15944315, 1.94481593, 1.73468611, 1.58516848, 1.4816984 , 1.40712842,
   1.35131354, 1.30819053, 1.27395947],
 [ 1.60844898, 1.61294556, 1.61789436, 1.62349339, 1.63011261, 1.63841433,
   1.64949688, 1.66475611, 1.6838847 , 1.6974598 , 1.68044492, 1.6133108 ,
   1.50194262, 1.36092574, 1.24040163, 1.1581353 , 1.10097424, 1.05887834,
   1.02648185, 1.00076202, 0.97986192],
 [ 1.17259683, 1.19570372, 1.22376294, 1.25848061, 1.30239644, 1.35940692,
   1.43561593, 1.5404188 , 1.68628708, 1.87987266, 2.08778748, 2.20478493,
   2.1237319 , 1.90558214, 1.7216547 , 1.60104526, 1.5206485 , 1.46441088,
   1.42350588, 1.39287202, 1.36943505],
 [ 0.86318882, 0.85996183, 0.8560627 , 0.85132221, 0.84553182, 0.83844088,
   0.8297591 , 0.81917017, 0.80636946, 0.79114768, 0.77353551, 0.75397385,
   0.73338916, 0.71302031, 0.69401484, 0.67708289, 0.66244156, 0.64997358,
   0.63941159, 0.63045739, 0.62283697],
 [ 1.1227071 , 1.12315622, 1.12330301, 1.12302321, 1.12216291, 1.1205295 ,
   1.11786141, 1.11373458, 1.10731684, 1.09687755, 1.07930403, 1.0509457 ,
   1.01148694, 0.96753514, 0.92782862, 0.89622336, 0.87225185, 0.85417605,
   0.8404004 , 0.82974171, 0.82136622],
 [ 1.55624636, 1.55337519, 1.54986695, 1.54548495, 1.53986226, 1.5324049 ,
   1.52210682, 1.50719111, 1.48443425, 1.4480833 , 1.38917466, 1.29966925,
   1.18700108, 1.07885584, 0.99581917, 0.93830212, 0.89898155, 0.87137364,
   0.85124956, 0.83603804, 0.82417171],
 [ 1.55837348, 1.55571499, 1.55246662, 1.54840922, 1.54320302, 1.53629806,
   1.5267628 , 1.51295196, 1.49188079, 1.4582225 , 1.40367746, 1.32080208,
   1.2164797 , 1.11634522, 1.03945942, 0.98620288, 0.94979496, 0.92423208,
   0.90559866, 0.89151392, 0.88052658],
 [ 0.95730282, 0.95306619, 0.94792478, 0.94158044, 0.93361097, 0.92341881,
   0.91017305, 0.89277688, 0.86995492, 0.8406531 , 0.80493238, 0.765     ,
   0.72506762, 0.6893469 , 0.66004508, 0.63722312, 0.61982695, 0.60658119,
   0.59638903, 0.58841956, 0.58207522],
 [ 0.374376  , 0.374376  , 0.374376  , 0.374376  , 0.374376  , 0.374376  ,
   0.374376  , 0.374376  , 0.374376  , 0.374376  , 0.374376  , 0.374376  ,
   0.374376  , 0.374376  , 0.374376  , 0.374376  , 0.374376  , 0.374376  ,
   0.374376  , 0.374376  , 0.374376  ]]
measureGC
[ 1.    , 0.1175, 0.0205, 0.009 , 0.005 , 0.0045, 0.003 , 0.003 , 0.002 ,
  0.0015]
measureAPL
[ 1.        , 0.63320858, 0.38407221, 0.27433786, 0.20625069, 0.14335037,
  0.08197715, 0.07428521, 0.04714634, 0.03053947]