PercentOfNodes
[ 0. , 0.1, 0.2, 0.3, 0.4, 0.5, 0.6, 0.7, 0.8, 0.9]

RandomAttack
Tq
[[ 1.79662451, 1.78822976, 1.77773984, 1.76462467, 1.74822554, 1.72772046,
   1.7020704 , 1.66994162, 1.62964558, 1.57899355, 1.51381245, 1.42552118,
   1.30765736, 1.17435812, 1.05432125, 0.96122813, 0.89245081, 0.84134813,
   0.80247469, 0.77212592, 0.74786549],
 [ 1.62536108, 1.6224923 , 1.61833692, 1.61241785, 1.60408216, 1.59243754,
   1.57627809, 1.55401733, 1.52367962, 1.48283573, 1.42736465, 1.349308  ,
   1.24216016, 1.11721042, 1.00144195, 0.91038772, 0.84299874, 0.79309653,
   0.75528921, 0.72585973, 0.70236924],
 [ 1.64757298, 1.63725953, 1.62487716, 1.60982449, 1.5913051 , 1.56828101,
   1.53943373, 1.50315888, 1.45764323, 1.40093711, 1.33028576, 1.24092546,
   1.13059596, 1.01158792, 0.90597179, 0.82385127, 0.76256036, 0.71648919,
   0.68108205, 0.65321014, 0.63078662],
 [ 1.5307032 , 1.51985228, 1.50666599, 1.49044461, 1.47026538, 1.44493866,
   1.4130035 , 1.37284527, 1.32305443, 1.26295764, 1.19270021, 1.11281616,
   1.02572396, 0.93884815, 0.86173694, 0.79907595, 0.75009767, 0.71200474,
   0.68205999, 0.65813816, 0.63870184],
 [ 1.68291823, 1.67827287, 1.67188032, 1.66312272, 1.65118959, 1.63502218,
   1.61321801, 1.58383522, 1.54400542, 1.4894756 , 1.41525888, 1.31973668,
   1.21083478, 1.10454328, 1.01371189, 0.94198629, 0.88705546, 0.84505993,
   0.81257575, 0.78702772, 0.7665798 ],
 [ 1.4124724 , 1.40265828, 1.39084067, 1.37641969, 1.3585809 , 1.33622825,
   1.3079266 , 1.27191828, 1.22636616, 1.17001932, 1.10323245, 1.02885913,
   0.95250816, 0.88111836, 0.81973967, 0.76977847, 0.73007898, 0.69862764,
   0.67350341, 0.65316959, 0.63647536],
 [ 1.35683975, 1.35689377, 1.35669254, 1.35602378, 1.3545032 , 1.35145662,
   1.34575767, 1.33564695, 1.31860003, 1.29137878, 1.2506218 , 1.19478565,
   1.12752706, 1.05841599, 0.99700014, 0.94725424, 0.90851026, 0.8785102 ,
   0.85504787, 0.83640631, 0.82134328],
 [ 1.4699748 , 1.46118716, 1.45093932, 1.43892172, 1.42474528, 1.40789966,
   1.38766637, 1.36294709, 1.33197816, 1.29203806, 1.23972582, 1.17307086,
   1.09561911, 1.01801003, 0.95217309, 0.9036533 , 0.87106182, 0.85016775,
   0.83691075, 0.8283595 , 0.82264799],
 [ 1.08284805, 1.07622723, 1.06832626, 1.05878142, 1.04709524, 1.03257672,
   1.0142535 , 0.99075651, 0.96023374, 0.92056823, 0.87064721, 0.81314776,
   0.75564831, 0.70572728, 0.66606177, 0.635539  , 0.61204202, 0.5937188 ,
   0.57920027, 0.5675141 , 0.55796926],
 [ 0.64017346, 0.63376487, 0.62631271, 0.61759086, 0.60731882, 0.59515162,
   0.58067495, 0.56341927, 0.54292704, 0.51893675, 0.49173388, 0.46251875,
   0.43330362, 0.40610074, 0.38211045, 0.36161823, 0.34436255, 0.32988588,
   0.31771868, 0.30744663, 0.29872479]]
measureGC
[ 1.        , 0.91176471, 0.70588235, 0.61764706, 0.55882353, 0.5       ,
  0.35294118, 0.29411765, 0.14705882, 0.11764706]
measureAPL
[ 1.        , 1.07169345, 0.8942453 , 0.9074556 , 0.88588901, 0.86824362,
  0.90227132, 0.83791718, 0.25216316, 0.37824475]

Degree
Tq
[[ 1.93843672, 1.9358044 , 1.93228306, 1.92758269, 1.92133965, 1.91309267,
   1.90220436, 1.8875998 , 1.86696353, 1.83497162, 1.78182363, 1.69483428,
   1.56691391, 1.41514294, 1.27523291, 1.16663022, 1.08754932, 1.03008445,
   0.98748179, 0.95509873, 0.92987984],
 [ 1.30868668, 1.30634471, 1.30315581, 1.29885743, 1.29309011, 1.28532384,
   1.27469817, 1.25972204, 1.23792879, 1.20604474, 1.16122279, 1.10239991,
   1.03182244, 0.95711301, 0.88822467, 0.83108888, 0.78624702, 0.75160373,
   0.72469756, 0.70350922, 0.68655107],
 [ 0.62117119, 0.61951114, 0.61744106, 0.614881  , 0.61175065, 0.60798183,
   0.60353817, 0.59844016, 0.59278818, 0.5867702 , 0.58064165, 0.57467828,
   0.56912206, 0.56414461, 0.55983736, 0.55622084, 0.55326233, 0.55089545,
   0.54903773, 0.54760402, 0.54651496],
 [ 0.55190769, 0.55095926, 0.54965784, 0.54788461, 0.54549256, 0.54231033,
   0.53815659, 0.53287064, 0.52636218, 0.51867344, 0.51003072, 0.50084963,
   0.49166853, 0.48302581, 0.47533707, 0.46882861, 0.46354266, 0.45938892,
   0.45620669, 0.45381464, 0.45204141],
 [        nan,        nan,        nan,        nan,        nan,        nan,
          nan,        nan,        nan,        nan,        nan,        nan,
          nan,        nan,        nan,        nan,        nan,        nan,
          nan,        nan,        nan],
 [        nan,        nan,        nan,        nan,        nan,        nan,
          nan,        nan,        nan,        nan,        nan,        nan,
          nan,        nan,        nan,        nan,        nan,        nan,
          nan,        nan,        nan],
 [        nan,        nan,        nan,        nan,        nan,        nan,
          nan,        nan,        nan,        nan,        nan,        nan,
          nan,        nan,        nan,        nan,        nan,        nan,
          nan,        nan,        nan],
 [        nan,        nan,        nan,        nan,        nan,        nan,
          nan,        nan,        nan,        nan,        nan,        nan,
          nan,        nan,        nan,        nan,        nan,        nan,
          nan,        nan,        nan],
 [        nan,        nan,        nan,        nan,        nan,        nan,
          nan,        nan,        nan,        nan,        nan,        nan,
          nan,        nan,        nan,        nan,        nan,        nan,
          nan,        nan,        nan],
 [        nan,        nan,        nan,        nan,        nan,        nan,
          nan,        nan,        nan,        nan,        nan,        nan,
          nan,        nan,        nan,        nan,        nan,        nan,
          nan,        nan,        nan]]
measureGC
[ 1.        , 0.58823529, 0.20588235, 0.11764706, 0.05882353, 0.02941176,
  0.02941176, 0.02941176, 0.02941176, 0.02941176]
measureAPL
[ 1.        , 1.13113113, 0.96096096, 0.46546547, 0.15015015, 0.3003003 ,
  0.3003003 , 0.3003003 , 0.3003003 , 0.3003003 ]

Centrality
Tq
[[ 1.7959211 , 1.78758698, 1.77718457, 1.76419392, 1.74796931, 1.72770414,
   1.70237748, 1.67068775, 1.63104326, 1.58155316, 1.51880642, 1.43558283,
   1.32579234, 1.19998035, 1.0836995 , 0.99184427, 0.92332564, 0.87213811,
   0.83306602, 0.80249222, 0.77801359],
 [ 1.47986727, 1.47849109, 1.47637736, 1.47322004, 1.46854795, 1.46162866,
   1.45134661, 1.43610003, 1.41379642, 1.38195851, 1.33777991, 1.27837833,
   1.20347272, 1.12124051, 1.04578049, 0.98487623, 0.93819396, 0.90262379,
   0.87518068, 0.85362127, 0.83636295],
 [ 0.84629952, 0.84394485, 0.84080094, 0.83659153, 0.83095129, 0.82342303,
   0.81349603, 0.80073017, 0.78499926, 0.76678416, 0.74726913, 0.72802914,
   0.71047871, 0.69546584, 0.68320323, 0.67346163, 0.66582229, 0.65985055,
   0.65517352, 0.65149738, 0.64859882],
 [ 0.7778944 , 0.77192309, 0.76481858, 0.75629707, 0.74600025, 0.73349332,
   0.71829531, 0.69998284, 0.67841455, 0.65405116, 0.62814882, 0.60251404,
   0.57887354, 0.55831966, 0.54116579, 0.52716258, 0.51581084, 0.50658151,
   0.4990155 , 0.49274791, 0.48749957],
 [ 0.66492358, 0.660956  , 0.65651041, 0.65153759, 0.64599348, 0.63984504,
   0.63307782, 0.62570444, 0.61777265, 0.60937058, 0.60062667, 0.59170247,
   0.58277827, 0.57403436, 0.56563229, 0.5577005 , 0.55032712, 0.5435599 ,
   0.53741146, 0.53186735, 0.52689453],
 [        nan,        nan,        nan,        nan,        nan,        nan,
          nan,        nan,        nan,        nan,        nan,        nan,
          nan,        nan,        nan,        nan,        nan,        nan,
          nan,        nan,        nan],
 [        nan,        nan,        nan,        nan,        nan,        nan,
          nan,        nan,        nan,        nan,        nan,        nan,
          nan,        nan,        nan,        nan,        nan,        nan,
          nan,        nan,        nan],
 [        nan,        nan,        nan,        nan,        nan,        nan,
          nan,        nan,        nan,        nan,        nan,        nan,
          nan,        nan,        nan,        nan,        nan,        nan,
          nan,        nan,        nan],
 [        nan,        nan,        nan,        nan,        nan,        nan,
          nan,        nan,        nan,        nan,        nan,        nan,
          nan,        nan,        nan,        nan,        nan,        nan,
          nan,        nan,        nan],
 [        nan,        nan,        nan,        nan,        nan,        nan,
          nan,        nan,        nan,        nan,        nan,        nan,
          nan,        nan,        nan,        nan,        nan,        nan,
          nan,        nan,        nan]]
measureGC
[ 1.        , 0.70588235, 0.23529412, 0.23529412, 0.14705882, 0.05882353,
  0.02941176, 0.02941176, 0.02941176, 0.02941176]
measureAPL
[ 1.        , 1.43193073, 0.91041722, 0.98979183, 0.3155858 , 0.18935148,
  0.34427542, 0.34427542, 0.34427542, 0.34427542]

Genetic
Tq
[[ 1.61020794, 1.59872333, 1.58502513, 1.56860381, 1.54882955, 1.52492158,
   1.4959091 , 1.46060966, 1.41775212, 1.36622685, 1.30388283, 1.2246461 ,
   1.1234551 , 1.01140668, 0.91099315, 0.83285075, 0.77467774, 0.73102469,
   0.69745591, 0.67096181, 0.64956254],
 [ 1.50904578, 1.49752104, 1.48385869, 1.46750917, 1.44775462, 1.4236631 ,
   1.39405029, 1.35748022, 1.31234403, 1.2569408 , 1.18913367, 1.10578728,
   1.00619483, 0.90115172, 0.80889806, 0.73742188, 0.68412555, 0.64407275,
   0.61328663, 0.58903788, 0.56950769],
 [ 1.63956292, 1.64311366, 1.64698031, 1.6510597 , 1.65507955, 1.65841961,
   1.65977285, 1.65662286, 1.64477636, 1.61850977, 1.57151402, 1.49799321,
   1.39590997, 1.27860857, 1.17274463, 1.09132153, 1.03161107, 0.98739893,
   0.95380449, 0.92759869, 0.9066899 ]]
measureGC
[ 1.        , 0.73529412, 0.58823529]
measureAPL
[ 1.        , 0.93383789, 0.83573191]

Simulated
Tq
[[ 1.97295645, 1.96850675, 1.96289212, 1.9557981 , 1.9468551 , 1.93562941,
   1.92156271, 1.90372834, 1.88003612, 1.84544661, 1.79048667, 1.70273631,
   1.5745118 , 1.42120785, 1.27846298, 1.16698664, 1.08562003, 1.02650942,
   0.98276761, 0.94960312, 0.92384403],
 [ 2.08200148, 2.07785267, 2.07227497, 2.06480595, 2.05482582, 2.0414909 ,
   2.02360369, 1.99930902, 1.9653676 , 1.9157765 , 1.84032531, 1.72489714,
   1.56198784, 1.37753247, 1.21770744, 1.10037341, 1.01826345, 0.96026272,
   0.91820007, 0.88681331, 0.8627619 ],
 [ 1.84161945, 1.83529595, 1.82713314, 1.81657395, 1.80285616, 1.78491935,
   1.76127322, 1.72983606, 1.68780132, 1.63147354, 1.55500098, 1.44871285,
   1.30931062, 1.16093647, 1.03656519, 0.94487918, 0.87899411, 0.83075922,
   0.79439283, 0.76617879, 0.74373527],
 [ 1.20406517, 1.2127827 , 1.22350689, 1.23705209, 1.25470912, 1.27857013,
   1.31199478, 1.35984937, 1.42650283, 1.50657618, 1.57105492, 1.57179461,
   1.46594592, 1.28866367, 1.13984739, 1.04089367, 0.97464634, 0.92776285,
   0.89292473, 0.86608462, 0.84484989],
 [ 0.94549296, 0.94008449, 0.933521  , 0.92542184, 0.91524805, 0.90223678,
   0.88532729, 0.86311943, 0.833985  , 0.79657843, 0.7509775 , 0.7       ,
   0.6490225 , 0.60342157, 0.566015  , 0.53688057, 0.51467271, 0.49776322,
   0.48475195, 0.47457816, 0.466479  ],
 [ 0.95366902, 0.94907182, 0.94349285, 0.93660857, 0.92796084, 0.91690126,
   0.9025282 , 0.88365151, 0.85888725, 0.82709166, 0.78833088, 0.745     ,
   0.70166912, 0.66290834, 0.63111275, 0.60634849, 0.5874718 , 0.57309874,
   0.56203916, 0.55339143, 0.54650715],
 [ 0.96366197, 0.96005633, 0.95568067, 0.95028123, 0.9434987 , 0.93482452,
   0.92355153, 0.90874628, 0.88932333, 0.86438562, 0.833985  , 0.8       ,
   0.766015  , 0.73561438, 0.71067667, 0.69125372, 0.67644847, 0.66517548,
   0.6565013 , 0.64971877, 0.64431933],
 [        nan,        nan,        nan,        nan,        nan,        nan,
          nan,        nan,        nan,        nan,        nan,        nan,
          nan,        nan,        nan,        nan,        nan,        nan,
          nan,        nan,        nan],
 [        nan,        nan,        nan,        nan,        nan,        nan,
          nan,        nan,        nan,        nan,        nan,        nan,
          nan,        nan,        nan,        nan,        nan,        nan,
          nan,        nan,        nan],
 [        nan,        nan,        nan,        nan,        nan,        nan,
          nan,        nan,        nan,        nan,        nan,        nan,
          nan,        nan,        nan,        nan,        nan,        nan,
          nan,        nan,        nan]]
measureGC
[ 1.        , 0.91176471, 0.82352941, 0.52941176, 0.11764706, 0.11764706,
  0.11764706, 0.05882353, 0.05882353, 0.02941176]
measureAPL
[ 1.        , 1.01949185, 1.02672229, 1.02626502, 0.49692833, 0.42889647,
  0.49692833, 0.11831627, 0.29579067, 0.29579067]