PercentOfNodes
[ 0. , 0.1, 0.2, 0.3, 0.4, 0.5, 0.6, 0.7, 0.8, 0.9]

RandomAttack
Tq
[[ 1.79822795, 1.79010499, 1.77990398, 1.76710968, 1.75108096, 1.73100727,
   1.7058398 , 1.67421079, 1.63445687, 1.58474867, 1.52180885, 1.43806061,
   1.32689325, 1.19994089, 1.08398205, 0.99305683, 0.92535327, 0.87478318,
   0.83619122, 0.80600736, 0.78185456],
 [ 1.79795613, 1.78805993, 1.77577342, 1.76045896, 1.74130302, 1.7172826 ,
   1.68714139, 1.64940445, 1.60250967, 1.54496971, 1.4745211 , 1.38654543,
   1.27860641, 1.16173314, 1.0560181 , 0.97192294, 0.90821942, 0.86000833,
   0.82289205, 0.7937061 , 0.77028518],
 [ 1.56744199, 1.55517083, 1.54047595, 1.52275064, 1.50122796, 1.47495782,
   1.44281512, 1.40360028, 1.35631012, 1.30031177, 1.23430027, 1.15483576,
   1.06057997, 0.96135037, 0.87308762, 0.80328046, 0.75035385, 0.71010246,
   0.6788866 , 0.65412958, 0.6340836 ],
 [ 1.53691301, 1.52786176, 1.51696509, 1.50370191, 1.48737656, 1.46706575,
   1.44156628, 1.40936679, 1.36867924, 1.31753322, 1.25384583, 1.17567723,
   1.08362676, 0.98678265, 0.90057279, 0.83266411, 0.78130368, 0.74223958,
   0.71190859, 0.68781971, 0.66828949],
 [ 1.34207912, 1.33278645, 1.32179265, 1.30867649, 1.29289758, 1.27376205,
   1.25037567, 1.22157232, 1.18581462, 1.14122111, 1.08588702, 1.01752726,
   0.93524614, 0.84800647, 0.77135658, 0.71161712, 0.6665476 , 0.63224678,
   0.60559192, 0.5844121 , 0.56723353],
 [ 0.94949973, 0.94577052, 0.94123017, 0.93565458, 0.92874634, 0.92011127,
   0.90923553, 0.89548089, 0.87813749, 0.85659291, 0.83066375, 0.8010474 ,
   0.76961734, 0.73904547, 0.7116244 , 0.68834333, 0.66909237, 0.65329772,
   0.64031722, 0.62958619, 0.6206472 ],
 [ 0.87583348, 0.87470205, 0.87297409, 0.87040598, 0.86666227, 0.86129556,
   0.8537445 , 0.84338024, 0.82964264, 0.81228723, 0.79168874, 0.76902452,
   0.74608504, 0.72466488, 0.7059478 , 0.69032647, 0.6776173 , 0.66737277,
   0.65910229, 0.65237552, 0.64684994],
 [ 1.17724313, 1.17508636, 1.1718117 , 1.16694673, 1.15980895, 1.14941424,
   1.13436712, 1.11277908, 1.08236301, 1.04101189, 0.98812775, 0.92620815,
   0.86128694, 0.80094889, 0.75043402, 0.7108228 , 0.68060688, 0.65764436,
   0.64005561, 0.62641311, 0.61568472],
 [ 1.16404344, 1.16223749, 1.15945769, 1.15529252, 1.14915057, 1.14018324,
   1.12718857, 1.10852165, 1.08209958, 1.0457054 , 0.9978858 , 0.939564  ,
   0.87572186, 0.81455202, 0.76262616, 0.72177275, 0.69063234, 0.66700754,
   0.64894505, 0.6349637 , 0.62399538],
 [        nan,        nan,        nan,        nan,        nan,        nan,
          nan,        nan,        nan,        nan,        nan,        nan,
          nan,        nan,        nan,        nan,        nan,        nan,
          nan,        nan,        nan]]
measureGC
[ 1.        , 0.91176471, 0.82352941, 0.70588235, 0.52941176, 0.32352941,
  0.29411765, 0.17647059, 0.17647059, 0.05882353]
measureAPL
[ 1.        , 7.08387097, 6.4       , 5.65833333, 3.82222222, 2.72727273,
  2.44      , 0.86666667, 0.86666667, 0.1       ]

Degree
Tq
[[ 1.95690802, 1.95341078, 1.948838  , 1.94287345, 1.93514334, 1.92520634,
   1.91248196, 1.89595827, 1.87325328, 1.83856546, 1.78104146, 1.68678802,
   1.54923157, 1.38998507, 1.24740503, 1.13857837, 1.05981413, 1.00269533,
   0.96039629, 0.92827622, 0.90328619],
 [ 1.31335777, 1.30983037, 1.30527952, 1.29941084, 1.2918358 , 1.28201431,
   1.26912995, 1.25184718, 1.22801687, 1.19481886, 1.14987825, 1.09239654,
   1.02432711, 0.95254309, 0.88641113, 0.83163613, 0.78874668, 0.75569675,
   0.73008066, 0.70993202, 0.6938109 ],
 [ 0.7090477 , 0.70455861, 0.69919891, 0.69272328, 0.68480108, 0.67498699,
   0.66269101, 0.64716957, 0.62759858, 0.60334932, 0.57457613, 0.54287684,
   0.51117755, 0.48240436, 0.4581551 , 0.43858411, 0.42306267, 0.41076669,
   0.4009526 , 0.3930304 , 0.38655477],
 [ 0.55696626, 0.55600277, 0.5546807 , 0.55287932, 0.5504493 , 0.54721656,
   0.54299689, 0.53762704, 0.53101527, 0.52320448, 0.51442458, 0.50509775,
   0.49577092, 0.48699102, 0.47918023, 0.47256846, 0.46719861, 0.46297894,
   0.4597462 , 0.45731618, 0.4555148 ],
 [        nan,        nan,        nan,        nan,        nan,        nan,
          nan,        nan,        nan,        nan,        nan,        nan,
          nan,        nan,        nan,        nan,        nan,        nan,
          nan,        nan,        nan],
 [        nan,        nan,        nan,        nan,        nan,        nan,
          nan,        nan,        nan,        nan,        nan,        nan,
          nan,        nan,        nan,        nan,        nan,        nan,
          nan,        nan,        nan],
 [        nan,        nan,        nan,        nan,        nan,        nan,
          nan,        nan,        nan,        nan,        nan,        nan,
          nan,        nan,        nan,        nan,        nan,        nan,
          nan,        nan,        nan],
 [        nan,        nan,        nan,        nan,        nan,        nan,
          nan,        nan,        nan,        nan,        nan,        nan,
          nan,        nan,        nan,        nan,        nan,        nan,
          nan,        nan,        nan],
 [        nan,        nan,        nan,        nan,        nan,        nan,
          nan,        nan,        nan,        nan,        nan,        nan,
          nan,        nan,        nan,        nan,        nan,        nan,
          nan,        nan,        nan],
 [        nan,        nan,        nan,        nan,        nan,        nan,
          nan,        nan,        nan,        nan,        nan,        nan,
          nan,        nan,        nan,        nan,        nan,        nan,
          nan,        nan,        nan]]
measureGC
[ 1.        , 0.58823529, 0.14705882, 0.11764706, 0.05882353, 0.02941176,
  0.02941176, 0.02941176, 0.02941176, 0.02941176]
measureAPL
[ 1.  , 5.33, 0.64, 0.5 , 0.1 , 0.  , 0.  , 0.  , 0.  , 0.  ]

Centrality
Tq
[[ 1.94541884, 1.9422774 , 1.93809168, 1.93253754, 1.92522676, 1.91569797,
   1.90335476, 1.88720598, 1.8650072 , 1.83132774, 1.77586431, 1.68486368,
   1.5499563 , 1.38961862, 1.24337477, 1.13143977, 1.05085412, 0.99279955,
   0.95005258, 0.91773958, 0.89268911],
 [ 1.64919412, 1.64183252, 1.63317713, 1.6229078 , 1.61060636, 1.59571795,
   1.57748237, 1.55478919, 1.52584671, 1.48746782, 1.43388781, 1.35655305,
   1.25094602, 1.13091597, 1.02197556, 0.93662562, 0.87305469, 0.82555003,
   0.78925233, 0.76080019, 0.73796593],
 [ 1.59068563, 1.58407892, 1.57610772, 1.56640134, 1.55446529, 1.53962951,
   1.52096376, 1.49712313, 1.46603768, 1.42431061, 1.36640783, 1.28526025,
   1.17908669, 1.06224372, 0.95730739, 0.87484016, 0.81299296, 0.76648036,
   0.73075947, 0.70264631, 0.68000949],
 [ 1.51081159, 1.50293581, 1.49346754, 1.48198032, 1.46792467, 1.45058845,
   1.42903432, 1.40198442, 1.36758323, 1.32295764, 1.26378476, 1.18539855,
   1.08857393, 0.98607157, 0.89475591, 0.82186999, 0.76586901, 0.72279087,
   0.68912226, 0.66228926, 0.64049489],
 [ 1.76729378, 1.75793217, 1.7468078 , 1.73345296, 1.71724439, 1.69733828,
   1.67256521, 1.64124735, 1.60086726, 1.54751397, 1.47534345, 1.37790073,
   1.25566733, 1.12533262, 1.00937739, 0.91744994, 0.84747618, 0.79415645,
   0.75283281, 0.72013489, 0.69373835],
 [ 2.22043187, 2.21727513, 2.21231105, 2.20480638, 2.19379272, 2.17800837,
   2.15580374, 2.12495083, 2.08223672, 2.02266557, 1.9383692 , 1.81936971,
   1.66307217, 1.49014628, 1.33374631, 1.20994023, 1.11658623, 1.04621908,
   0.99222833, 0.94988706, 0.91598066],
 [ 2.46644294, 2.44858777, 2.42763134, 2.40286992, 2.37342344, 2.33819521,
   2.29581099, 2.24447072, 2.18149042, 2.10201968, 1.99647434, 1.84922635,
   1.65117109, 1.42954044, 1.23363437, 1.08385041, 0.97405433, 0.89288079,
   0.83138072, 0.78353554, 0.74540546],
 [ 1.91506048, 1.90197003, 1.88708822, 1.87010559, 1.8506298 , 1.8281267 ,
   1.8017941 , 1.77029521, 1.73121966, 1.68012182, 1.60940425, 1.50943482,
   1.37752526, 1.23094697, 1.0982163 , 0.99401788, 0.91668852, 0.85938374,
   0.81601005, 0.78228727, 0.75538401],
 [ 1.23238555, 1.22579201, 1.21825086, 1.20953758, 1.19934227, 1.18722833,
   1.17257327, 1.15449249, 1.13176504, 1.10282845, 1.06599787, 1.02012485,
   0.96570368, 0.90575919, 0.84531103, 0.78923785, 0.74038526, 0.69938126,
   0.66552099, 0.63762678, 0.61452105],
 [ 1.05387122, 1.0442366 , 1.03289403, 1.01939691, 1.00315159, 0.98337072,
   0.95903052, 0.92887099, 0.89153306, 0.84598403, 0.7923006 , 0.73251076,
   0.67084411, 0.61264603, 0.56198771, 0.52018412, 0.48647592, 0.45935289,
   0.43733545, 0.41922703, 0.40412556]]
measureGC
[ 1.        , 0.91176471, 0.82352941, 0.73529412, 0.64705882, 0.55882353,
  0.47058824, 0.38235294, 0.29411765, 0.20588235]
measureAPL
[ 1.        , 6.87741935, 5.95714286, 4.936     , 3.97272727, 3.26315789,
  2.6125    , 1.98461538, 1.38      , 0.85714286]

Genetic
Tq
[[ 1.93715407, 1.93495392, 1.93188163, 1.92764604, 1.92189304, 1.91419426,
   1.90398324, 1.89029278, 1.87088283, 1.84029317, 1.78827598, 1.70152996,
   1.57268669, 1.42010334, 1.28026572, 1.17173409, 1.09247378, 1.03476102,
   0.99194885, 0.95941489, 0.93409303],
 [ 1.67588642, 1.66529569, 1.65240122, 1.63655987, 1.61692195, 1.59236414,
   1.56141384, 1.52221274, 1.47275849, 1.41188214, 1.33944021, 1.25267948,
   1.14848874, 1.03693692, 0.93831329, 0.86208181, 0.80549719, 0.76307963,
   0.73049275, 0.70481463, 0.68411909],
 [ 1.82004813, 1.82139676, 1.82225842, 1.82230954, 1.82107008, 1.81783026,
   1.81152527, 1.80048769, 1.78193752, 1.75107753, 1.7001056 , 1.61899473,
   1.50357725, 1.37180791, 1.25460794, 1.16475247, 1.09892905, 1.0506149 ,
   1.01450686, 0.98692023, 0.96538158],
 [ 1.57128282, 1.57548247, 1.58067213, 1.58719895, 1.59550114, 1.60601569,
   1.61883771, 1.63289147, 1.64458231, 1.64644908, 1.62634145, 1.56817174,
   1.45941255, 1.32115392, 1.20070345, 1.11293428, 1.05028713, 1.00428061,
   0.96935268, 0.9420752 , 0.9202805 ],
 [ 1.01711712, 1.01134587, 1.00454064, 0.9964558 , 0.98678222, 0.97513174,
   0.96101839, 0.94384043, 0.92288379, 0.89741712, 0.86702866, 0.83233165,
   0.79566277, 0.76056341, 0.72983941, 0.70443337, 0.68396627, 0.66759379,
   0.65445939, 0.64384078, 0.63516917],
 [ 1.1469914 , 1.14402943, 1.14034439, 1.13570159, 1.12978617, 1.12217869,
   1.11232531, 1.09950531, 1.0828148 , 1.06123936, 1.03400131, 1.00142318,
   0.96600633, 0.93205792, 0.90315776, 0.88049818, 0.86354138, 0.8511524 ,
   0.84219806, 0.83574167, 0.83106881],
 [ 0.53823167, 0.53458764, 0.53030889, 0.52526248, 0.51929605, 0.51224527,
   0.50395106, 0.49429082, 0.48322503, 0.47085195, 0.45744993, 0.44347632,
   0.42950271, 0.41610068, 0.40372761, 0.39266181, 0.38300158, 0.37470737,
   0.36765659, 0.36169016, 0.35664375],
 [        nan,        nan,        nan,        nan,        nan,        nan,
          nan,        nan,        nan,        nan,        nan,        nan,
          nan,        nan,        nan,        nan,        nan,        nan,
          nan,        nan,        nan],
 [        nan,        nan,        nan,        nan,        nan,        nan,
          nan,        nan,        nan,        nan,        nan,        nan,
          nan,        nan,        nan,        nan,        nan,        nan,
          nan,        nan,        nan],
 [        nan,        nan,        nan,        nan,        nan,        nan,
          nan,        nan,        nan,        nan,        nan,        nan,
          nan,        nan,        nan,        nan,        nan,        nan,
          nan,        nan,        nan]]
measureGC
[ 1.        , 0.91176471, 0.67647059, 0.52941176, 0.20588235, 0.20588235,
  0.11764706, 0.05882353, 0.02941176, 0.02941176]
measureAPL
[ 1.        , 7.28387097, 5.27826087, 3.71111111, 1.11428571, 1.11428571,
  0.5       , 0.1       , 0.        , 0.        ]

Simulated
Tq
[[ 1.79613428, 1.78767798, 1.77717605, 1.76412239, 1.74789196, 1.72770967,
   1.70260412, 1.67134878, 1.63243618, 1.58397999, 1.52242595, 1.44023486,
   1.33044304, 1.20273615, 1.0834342 , 0.98880702, 0.9183044 , 0.8658453 ,
   0.8259988 , 0.79496885, 0.77023203],
 [ 1.78221107, 1.77707517, 1.77046064, 1.76179479, 1.75024526, 1.73460763,
   1.71316642, 1.68355935, 1.64271749, 1.58690156, 1.51150355, 1.41083616,
   1.28348176, 1.14758969, 1.03202154, 0.94578997, 0.88312493, 0.83685773,
   0.80181163, 0.77457979, 0.75292806],
 [ 1.57846607, 1.57772974, 1.57669512, 1.57527272, 1.5733075 , 1.57049021,
   1.56615342, 1.55887808, 1.54595722, 1.52299328, 1.48337456, 1.41559462,
   1.30365131, 1.16282109, 1.04328638, 0.95861627, 0.89917927, 0.85599557,
   0.82349102, 0.79828999, 0.77827224],
 [ 2.192145  , 2.20372326, 2.21773622, 2.23494317, 2.25631137, 2.28288959,
   2.31525276, 2.35196782, 2.38671621, 2.40538649, 2.38511877, 2.29152603,
   2.09045158, 1.83942941, 1.64202707, 1.50889843, 1.41790815, 1.35294773,
   1.30473389, 1.26781602, 1.23882606],
 [ 1.77962896, 1.77597643, 1.7716436 , 1.76645081, 1.7601527 , 1.75239523,
   1.74261968, 1.7298406 , 1.71216043, 1.6857688 , 1.64261718, 1.56554963,
   1.43508658, 1.28196582, 1.16199505, 1.08016354, 1.02313752, 0.98136385,
   0.94945289, 0.92429563, 0.90398007],
 [ 0.5728028 , 0.57177336, 0.57039559, 0.56857036, 0.56618127, 0.5631003 ,
   0.55920135, 0.5543845 , 0.54861119, 0.54194347, 0.5345715 , 0.52680897,
   0.51904643, 0.51167446, 0.50500674, 0.49923343, 0.49441658, 0.49051764,
   0.48743667, 0.48504757, 0.48322234],
 [        nan,        nan,        nan,        nan,        nan,        nan,
          nan,        nan,        nan,        nan,        nan,        nan,
          nan,        nan,        nan,        nan,        nan,        nan,
          nan,        nan,        nan],
 [        nan,        nan,        nan,        nan,        nan,        nan,
          nan,        nan,        nan,        nan,        nan,        nan,
          nan,        nan,        nan,        nan,        nan,        nan,
          nan,        nan,        nan],
 [        nan,        nan,        nan,        nan,        nan,        nan,
          nan,        nan,        nan,        nan,        nan,        nan,
          nan,        nan,        nan,        nan,        nan,        nan,
          nan,        nan,        nan],
 [        nan,        nan,        nan,        nan,        nan,        nan,
          nan,        nan,        nan,        nan,        nan,        nan,
          nan,        nan,        nan,        nan,        nan,        nan,
          nan,        nan,        nan]]
measureGC
[ 1.        , 0.73529412, 0.64705882, 0.5       , 0.41176471, 0.14705882,
  0.05882353, 0.05882353, 0.05882353, 0.02941176]
measureAPL
[ 1.        , 5.68      , 5.09090909, 3.18823529, 2.48571429, 0.8       ,
  0.1       , 0.1       , 0.1       , 0.        ]