PercentOfNodes
[ 0. , 0.1, 0.2, 0.3, 0.4, 0.5, 0.6, 0.7, 0.8, 0.9]

Centrality
Tq
[[ 3.01400455, 3.01885909, 3.02413244, 3.02982621, 3.03584417, 3.04185294,
   3.04720944, 3.05112827, 3.05306029, 3.0529243 , 3.05097939, 3.04758154,
   3.04306063, 3.03770543, 3.03177798, 3.02551889, 3.01913986, 3.01281254,
   3.00666271, 3.00077241, 2.99518747],
 [ 2.41079553, 2.41238022, 2.41447275, 2.41781012, 2.42423337, 2.43738493,
   2.46481063, 2.52281967, 2.62670995, 2.74695436, 2.78319143, 2.77724058,
   2.76758837, 2.75823667, 2.74938352, 2.74095591, 2.7329044 , 2.72521315,
   2.71788377, 2.71092188, 2.7043299 ],
 [ 2.55819453, 2.55593359, 2.55258499, 2.54816126, 2.54297639, 2.53813733,
   2.53793503, 2.55049727, 2.57626027, 2.58834388, 2.57790389, 2.56309913,
   2.54953388, 2.53743316, 2.52639398, 2.51609472, 2.50633537, 2.49700324,
   2.48804231, 2.47943231, 2.4711746 ],
 [ 2.37809756, 2.3666149 , 2.35226507, 2.33411631, 2.3110013 , 2.28179834,
   2.24654858, 2.20877999, 2.17578329, 2.15083659, 2.1251409 , 2.09631975,
   2.07088386, 2.04975009, 2.03197545, 2.01669866, 2.00329809, 1.99133672,
   1.9805093 , 1.9706034 , 1.96147071],
 [ 2.14807372, 2.13804669, 2.12520389, 2.10869271, 2.08746964, 2.06045864,
   2.02710562, 1.98838598, 1.94697519, 1.90542403, 1.86598921, 1.83136842,
   1.80277442, 1.77959073, 1.76063384, 1.74486157, 1.73149535, 1.71997359,
   1.70989272, 1.70096231, 1.69297224],
 [ 1.81730212, 1.80578072, 1.7915717 , 1.77396527, 1.75214916, 1.72539291,
   1.69357951, 1.65813642, 1.62228973, 1.58914516, 1.56001593, 1.53520582,
   1.51469223, 1.49803188, 1.4844969 , 1.47335779, 1.46402007, 1.45603904,
   1.44909453, 1.44296066, 1.43747942],
 [ 1.32396258, 1.31102768, 1.29558906, 1.27711746, 1.25509328, 1.22924658,
   1.20009814, 1.16967319, 1.14129892, 1.11760772, 1.09905941, 1.08472668,
   1.07345554, 1.06429551, 1.05654386, 1.04971354, 1.04349515, 1.03771469,
   1.03229007, 1.02719351, 1.02242354],
 [ 1.36991216, 1.36483242, 1.3584424 , 1.35027851, 1.33968638, 1.32581613,
   1.30789746, 1.28640107, 1.26501318, 1.24889199, 1.23849628, 1.23056758,
   1.22275387, 1.21443467, 1.20580591, 1.1972058 , 1.18888252, 1.1809776 ,
   1.17356345, 1.16667406, 1.16032   ],
 [ 1.08394036, 1.07550537, 1.06466325, 1.05056757, 1.03204751, 1.00751082,
   0.97490918, 0.9320854 , 0.87869149, 0.82155395, 0.77539756, 0.74616639,
   0.72844219, 0.71678502, 0.70833267, 0.70172405, 0.69628316, 0.69164669,
   0.68760344, 0.68402179, 0.68081453],
 [ 0.89646127, 0.88967604, 0.88131667, 0.87089529, 0.85774348, 0.84095279,
   0.8193309 , 0.79145852, 0.75606434, 0.71306521, 0.66509313, 0.6175057 ,
   0.57550464, 0.54151976, 0.51531839, 0.49543792, 0.48027457, 0.46851661,
   0.45920484, 0.4516676 , 0.44543997]]
measureGC
[ 1.    , 0.9   , 0.7998, 0.6916, 0.5662, 0.411 , 0.1388, 0.0506, 0.0096,
  0.0026]
measureAPL
[ 1.        , 1.23563631, 1.58887761, 2.39949988, 4.16711682, 6.31096564,
  7.43169624, 2.66335827, 0.84044998, 0.27232693]