PercentOfNodes
[ 0. , 0.1, 0.2, 0.3, 0.4, 0.5, 0.6, 0.7, 0.8, 0.9]

Centrality
Tq
[[ 1.64445859, 1.63956892, 1.63396883, 1.62750019, 1.61995713, 1.61106586,
   1.6004508 , 1.58757493, 1.57163085, 1.5513369 , 1.52460272, 1.48840007,
   1.44032854, 1.38025444, 1.31446025, 1.26001974, 1.21996581, 1.19014351,
   1.1671563 , 1.1488291 , 1.13377886],
 [ 1.50054921, 1.50601919, 1.51233144, 1.51972861, 1.52857595, 1.53944909,
   1.55328988, 1.57164051, 1.59673334, 1.6302475 , 1.66735747, 1.68525279,
   1.65153495, 1.55845368, 1.44232752, 1.3546348 , 1.29538904, 1.25453325,
   1.22512208, 1.20299981, 1.18571341],
 [ 1.73776208, 1.73806626, 1.73800735, 1.73742255, 1.73608231, 1.7336668 ,
   1.72974339, 1.72372861, 1.71465414, 1.70011265, 1.67360524, 1.62249591,
   1.53710212, 1.42434857, 1.31121403, 1.22810785, 1.17102182, 1.1307131 ,
   1.10102451, 1.07824507, 1.06014865],
 [ 1.54963628, 1.55424767, 1.5595627 , 1.56577459, 1.57316717, 1.58217584,
   1.5934942 , 1.60822388, 1.62785026, 1.65296933, 1.67795247, 1.68148688,
   1.63520638, 1.53177074, 1.40689733, 1.31480841, 1.25359986, 1.21163612,
   1.18140115, 1.15855555, 1.14058854],
 [ 1.75757244, 1.7560039 , 1.75381852, 1.75079609, 1.74662857, 1.74088581,
   1.73297614, 1.72208559, 1.70693067, 1.68477517, 1.6492367 , 1.5893867 ,
   1.49822721, 1.38265012, 1.26830506, 1.18498045, 1.12803907, 1.08787596,
   1.05823427, 1.03541367, 1.01721797],
 [ 1.5500964 , 1.55469977, 1.56000078, 1.56619073, 1.57355093, 1.58251356,
   1.59376853, 1.60841413, 1.62793763, 1.65297104, 1.67802508, 1.68207556,
   1.63734865, 1.53853979, 1.42055852, 1.3327357 , 1.27361437, 1.23278663,
   1.20330472, 1.18105014, 1.16359781],
 [ 1.6338223 , 1.63741893, 1.64140401, 1.64583765, 1.6507966 , 1.65638798,
   1.66278208, 1.67025508, 1.6790441 , 1.68815872, 1.69131532, 1.67098416,
   1.6067335 , 1.49543369, 1.37016481, 1.2787605 , 1.2178686 , 1.17589798,
   1.14547193, 1.12234717, 1.10406731],
 [ 1.66863977, 1.67160502, 1.67476762, 1.67811665, 1.68162627, 1.68525519,
   1.688959  , 1.69270442, 1.69629225, 1.69819519, 1.69190791, 1.66132816,
   1.58970029, 1.47782964, 1.35687608, 1.26855146, 1.20930133, 1.16826333,
   1.13842712, 1.11571805, 1.09775939],
 [ 1.73754893, 1.73786279, 1.73781428, 1.73723994, 1.73590915, 1.73350026,
   1.7295778 , 1.72355705, 1.71448277, 1.69999373, 1.673668  , 1.62288615,
   1.53734417, 1.42176646, 1.30390698, 1.21806881, 1.15992609, 1.11925411,
   1.08943261, 1.06658697, 1.0484378 ],
 [ 1.69613307, 1.69826655, 1.70042005, 1.70252212, 1.70446262, 1.70608205,
   1.70716927, 1.70745746, 1.70643776, 1.70226334, 1.6884881 , 1.65039079,
   1.57409302, 1.46396444, 1.3492281 , 1.26461079, 1.20704252, 1.16687922,
   1.13759863, 1.11531022, 1.09771059]]
measureGC
[ 1.        , 0.19070278, 0.19070278, 0.19070278, 0.19070278, 0.19070278,
  0.19070278, 0.19070278, 0.19070278, 0.19070278]
measureAPL
[ 1.        , 0.31312421, 0.31116548, 0.31255824, 0.31584387, 0.31351997,
  0.31322966, 0.31443836, 0.3145255 , 0.31152322]