PercentOfNodes
[ 0. , 0.1, 0.2, 0.3, 0.4, 0.5, 0.6, 0.7, 0.8, 0.9]

Centrality
Tq
[[ 3.32286103, 3.32739211, 3.33240806, 3.33795101, 3.34400607, 3.35042285,
   3.35675938, 3.36191078, 3.36314981, 3.35392753, 3.31991866, 3.23765586,
   3.09347164, 2.88982296, 2.64312994, 2.43468248, 2.2844953 , 2.17624104,
   2.09585105, 2.0343492 , 1.98603434],
 [ 1.26294556, 1.26657258, 1.27137836, 1.27785612, 1.28662165, 1.29831314,
   1.31331883, 1.33124533, 1.35005637, 1.36513327, 1.36994441, 1.35949683,
   1.33297856, 1.29378109, 1.24850369, 1.20419734, 1.16529009, 1.13307283,
   1.1070339 , 1.08609132, 1.06917306],
 [ 1.25790302, 1.25464349, 1.25060898, 1.245596  , 1.2393427 , 1.2315078 ,
   1.22163402, 1.20909384, 1.19305892, 1.17261547, 1.14712888, 1.11669582,
   1.08234849, 1.04600121, 1.0102001 , 0.97733626, 0.94875044, 0.92464277,
   0.90456985, 0.8878899 , 0.87398013],
 [ 0.79664387, 0.79580959, 0.79467953, 0.79315031, 0.79109305, 0.78835861,
   0.78479399, 0.78027334, 0.77474044, 0.76824976, 0.76098805, 0.75326462,
   0.74546427, 0.73796695, 0.73106152, 0.72489736, 0.71949777, 0.71481021,
   0.71075383, 0.7072469 , 0.70421713],
 [ 0.54987486, 0.54784425, 0.54544147, 0.54258679, 0.53918873, 0.5351485 ,
   0.53037007, 0.5247786 , 0.51834815, 0.51113486, 0.5033034 , 0.49512769,
   0.48695198, 0.47912052, 0.47190723, 0.46547678, 0.45988531, 0.45510688,
   0.45106665, 0.44766859, 0.44481391],
 [        nan,        nan,        nan,        nan,        nan,        nan,
          nan,        nan,        nan,        nan,        nan,        nan,
          nan,        nan,        nan,        nan,        nan,        nan,
          nan,        nan,        nan],
 [        nan,        nan,        nan,        nan,        nan,        nan,
          nan,        nan,        nan,        nan,        nan,        nan,
          nan,        nan,        nan,        nan,        nan,        nan,
          nan,        nan,        nan],
 [        nan,        nan,        nan,        nan,        nan,        nan,
          nan,        nan,        nan,        nan,        nan,        nan,
          nan,        nan,        nan,        nan,        nan,        nan,
          nan,        nan,        nan],
 [        nan,        nan,        nan,        nan,        nan,        nan,
          nan,        nan,        nan,        nan,        nan,        nan,
          nan,        nan,        nan,        nan,        nan,        nan,
          nan,        nan,        nan],
 [        nan,        nan,        nan,        nan,        nan,        nan,
          nan,        nan,        nan,        nan,        nan,        nan,
          nan,        nan,        nan,        nan,        nan,        nan,
          nan,        nan,        nan]]
measureGC
[  1.00000000e+00,  1.17130307e-02,  7.68667643e-03,  2.92825769e-03,
   1.83016105e-03,  7.32064422e-04,  7.32064422e-04,  7.32064422e-04,
   3.66032211e-04,  3.66032211e-04]
measureAPL
[ 1.        , 0.61513451, 0.55345493, 0.35384508, 0.29995328, 0.08843113,
  0.08411681, 0.06915091, 0.12089319, 0.12089319]