PercentOfNodes
[ 0. , 0.1, 0.2, 0.3, 0.4, 0.5, 0.6, 0.7, 0.8, 0.9]

RandomAttack
Tq
[[ 1.79717392, 1.79043286, 1.78393138, 1.7777557 , 1.77196804, 1.766603  ,
   1.76166884, 1.75715224, 1.75302469, 1.74924882, 1.74578366, 1.74258848,
   1.73962525, 1.73686003, 1.73426355, 1.73181132, 1.72948337, 1.7272638 ,
   1.72514023, 1.72310311, 1.7211452 ],
 [ 1.80494933, 1.79876267, 1.79242373, 1.78598369, 1.77949862, 1.77302638,
   1.7666232 , 1.76034039, 1.75422167, 1.74830142, 1.74260408, 1.73714452,
   1.73192921, 1.72695786, 1.72222526, 1.71772297, 1.71344069, 1.70936738,
   1.70549195, 1.70180364, 1.69829219],
 [ 1.62219082, 1.61178361, 1.60077937, 1.58928131, 1.57743517, 1.56542128,
   1.55343803, 1.54167935, 1.53031165, 1.51945675, 1.50918509, 1.49951953,
   1.49044613, 1.48192731, 1.47391375, 1.46635327, 1.45919648, 1.45239987,
   1.44592701, 1.43974857, 1.43384171],
 [ 1.87556083, 1.86266461, 1.84835111, 1.83260572, 1.81551967, 1.79732669,
   1.77841611, 1.75929948, 1.74052518, 1.72256902, 1.70575049, 1.69020838,
   1.67593153, 1.66281505, 1.65071389, 1.63948027, 1.62898414, 1.61912102,
   1.60981239, 1.60100234, 1.5926527 ],
 [ 1.87658036, 1.86820799, 1.85794269, 1.84541922, 1.83024603, 1.8120648 ,
   1.79069539, 1.76635068, 1.73976953, 1.7121045 , 1.6846339 , 1.6584728 ,
   1.63437613, 1.61269046, 1.59343986, 1.57645919, 1.56150352, 1.54831384,
   1.53664824, 1.52629311, 1.51706478],
 [ 1.71055039, 1.6985178 , 1.68437012, 1.66775503, 1.64836052, 1.626003  ,
   1.60074555, 1.57300203, 1.54354395, 1.51335874, 1.4834255 , 1.45454625,
   1.42729624, 1.40204758, 1.37900405, 1.35822963, 1.33967724, 1.3232203 ,
   1.30868336, 1.29586782, 1.28457121],
 [ 1.74967397, 1.73884363, 1.72550121, 1.7089326 , 1.68823564, 1.66236444,
   1.63034315, 1.59180436, 1.54782843, 1.50134434, 1.45605112, 1.41464451,
   1.37821923, 1.34678388, 1.31986297, 1.29683792, 1.27710035, 1.26011087,
   1.24541383, 1.23263279, 1.22145934],
 [ 1.32623831, 1.32071513, 1.3137396 , 1.30478276, 1.29307338, 1.27749784,
   1.25653454, 1.22842662, 1.19209523, 1.14917362, 1.10514582, 1.06604579,
   1.03432025, 1.00924488, 0.98917638, 0.97271688, 0.95892335, 0.94719559,
   0.93713771, 0.92846593, 0.92095963],
 [ 1.02704616, 1.02092508, 1.01352557, 1.00452859, 0.99354226, 0.98011136,
   0.96376971, 0.94417635, 0.92135839, 0.89597223, 0.86934679, 0.84314818,
   0.81883406, 0.79726676, 0.77868712, 0.7629251 , 0.74962729, 0.73840218,
   0.72888804, 0.72077564, 0.71381033],
 [ 0.81286866, 0.80823565, 0.80232673, 0.79471587, 0.78481761, 0.77184059,
   0.75477078, 0.73248642, 0.7042282 , 0.67063469, 0.63476494, 0.60126552,
   0.57356834, 0.55241752, 0.53679993, 0.52527065, 0.51659729, 0.50989378,
   0.50456524, 0.50022126, 0.49660506]]
measureGC
[ 1.        , 0.90434783, 0.80869565, 0.71304348, 0.6173913 , 0.52173913,
  0.42608696, 0.32173913, 0.2173913 , 0.06956522]
measureAPL
[ 1.        , 1.00927525, 1.10073561, 1.1728185 , 1.25779564, 1.31134675,
  1.50050155, 2.28551813, 2.77538904, 0.96335818]

Degree
Tq
[[ 2.08222518, 2.07718959, 2.07248988, 2.06821548, 2.06442526, 2.06114452,
   2.05836802, 2.05606705, 2.05419794, 2.0527099 , 2.05155098, 2.05067193,
   2.05002818, 2.0495805 , 2.04929481, 2.04914161, 2.0490952 , 2.04913306,
   2.04923525, 2.04938411, 2.04956401],
 [ 1.84698216, 1.83565906, 1.82394278, 1.81222267, 1.80097231, 1.79064101,
   1.78153258, 1.77374471, 1.76719591, 1.7617019 , 1.75704952, 1.75304246,
   1.74952001, 1.74635933, 1.74347045, 1.74078939, 1.73827175, 1.7358874 ,
   1.73361645, 1.73144611, 1.72936835],
 [ 1.9378987 , 1.92398974, 1.90802584, 1.88974178, 1.86912322, 1.84679867,
   1.82439823, 1.80420385, 1.78787395, 1.77558361, 1.76649118, 1.75958456,
   1.75408669, 1.74949423, 1.74550174, 1.74192676, 1.73865924, 1.73563144,
   1.73280052, 1.73013853, 1.72762656],
 [ 1.86746529, 1.85643536, 1.84406325, 1.83052621, 1.81628678, 1.80209853,
   1.78882353, 1.77711444, 1.76720069, 1.75893314, 1.75197976, 1.74599558,
   1.7407026 , 1.73590371, 1.73146834, 1.72731253, 1.72338236, 1.71964246,
   1.7160688 , 1.71264436, 1.70935659],
 [ 1.62570793, 1.62277203, 1.61965589, 1.61629962, 1.61258389, 1.60832704,
   1.60332701, 1.5974701 , 1.59086502, 1.58386122, 1.57685649, 1.57007455,
   1.56355112, 1.55725478, 1.55116914, 1.54530734, 1.53969887, 1.53437457,
   1.52935714, 1.5246572 , 1.52027339],
 [ 1.47535229, 1.46496872, 1.45279923, 1.43843219, 1.42137861, 1.40114034,
   1.37740565, 1.35037237, 1.32096842, 1.29076033, 1.26179805, 1.23609923,
   1.2146171 , 1.19708126, 1.18271192, 1.17075005, 1.16061302, 1.15188628,
   1.14427878, 1.13758281, 1.13164559],
 [ 0.99410907, 0.99475781, 0.99563141, 0.99688899, 0.99877279, 1.00160699,
   1.00573093, 1.0113213 , 1.01816267, 1.02564303, 1.03315262, 1.04044531,
   1.04754035, 1.05445077, 1.06107423, 1.06724004, 1.0727915 , 1.07763516,
   1.08174928, 1.08516823, 1.08796036],
 [ 0.625985  , 0.62316032, 0.61982064, 0.61587391, 0.61122591, 0.60579269,
   0.59952078, 0.5924139 , 0.58455984, 0.57614417, 0.56743675, 0.55874933,
   0.55038164, 0.54257909, 0.53551085, 0.52926471, 0.52385469, 0.51923828,
   0.51533804, 0.51206116, 0.50931356],
 [        nan,        nan,        nan,        nan,        nan,        nan,
          nan,        nan,        nan,        nan,        nan,        nan,
          nan,        nan,        nan,        nan,        nan,        nan,
          nan,        nan,        nan],
 [        nan,        nan,        nan,        nan,        nan,        nan,
          nan,        nan,        nan,        nan,        nan,        nan,
          nan,        nan,        nan,        nan,        nan,        nan,
          nan,        nan,        nan]]
measureGC
[ 1.        , 0.90434783, 0.80869565, 0.71304348, 0.6173913 , 0.52173913,
  0.31304348, 0.06086957, 0.0173913 , 0.00869565]
measureAPL
[ 1.        , 1.01822801, 1.12724952, 1.26789717, 1.52670136, 2.05640111,
  3.02498629, 1.11949544, 0.26695661, 0.34446014]

Centrality
Tq
[[ 1.79228983, 1.78584644, 1.77963793, 1.77374656, 1.76823036, 1.76312013,
   1.75842116, 1.75411837, 1.75018277, 1.74657762, 1.74326339, 1.74020128,
   1.73735537, 1.73469383, 1.73218938, 1.72981927, 1.72756503, 1.72541203,
   1.72334887, 1.72136686, 1.71945939],
 [ 1.82916592, 1.82067104, 1.8117863 , 1.80256273, 1.79307276, 1.78340934,
   1.77368177, 1.76400832, 1.75450667, 1.74528403, 1.73642892, 1.7280062 ,
   1.72005586, 1.71259502, 1.70562215, 1.69912211, 1.69307098, 1.68744012,
   1.68219908, 1.6773175 , 1.67276626],
 [ 1.96043409, 1.94330181, 1.92393625, 1.90208653, 1.87760336, 1.85057072,
   1.82147733, 1.7913431 , 1.76164332, 1.73393857, 1.70938138, 1.68844097,
   1.67098328, 1.65653828, 1.64454204, 1.63447329, 1.6259031 , 1.61849819,
   1.61200654, 1.60623947, 1.60105576],
 [ 2.14323514, 2.12014843, 2.09247877, 2.05895699, 2.01792   , 1.96735767,
   1.90545585, 1.83248015, 1.75448768, 1.68435775, 1.63240732, 1.59827719,
   1.57619777, 1.56117076, 1.55018672, 1.54160613, 1.53453898, 1.52848527,
   1.52315038, 1.51835178, 1.51397084],
 [ 1.9328558 , 1.91929673, 1.9048364 , 1.88964912, 1.87400686, 1.85826317,
   1.84280814, 1.82800596, 1.81413931, 1.80138044, 1.78979302, 1.77935479,
   1.76998775, 1.76158543, 1.75403308, 1.74722004, 1.74104613, 1.73542395,
   1.73027892, 1.72554813, 1.72117872],
 [ 1.94300264, 1.92647401, 1.90798842, 1.88752906, 1.86525503, 1.8415584 ,
   1.8170691 , 1.79257363, 1.76885893, 1.74654832, 1.72601072, 1.7073733 ,
   1.69059939, 1.67557151, 1.66214605, 1.65017791, 1.63952774, 1.63006254,
   1.62165558, 1.61418694, 1.6075448 ],
 [ 1.91568449, 1.90043128, 1.88281497, 1.8624237 , 1.83882831, 1.81164592,
   1.78066332, 1.74603425, 1.70850557, 1.66951946, 1.63101203, 1.59492273,
   1.56268199, 1.53496053, 1.51174221, 1.49257595, 1.47683139, 1.46387014,
   1.45312908, 1.4441453 , 1.436552  ],
 [ 1.92164912, 1.90128912, 1.87692938, 1.84742364, 1.81126701, 1.76658866,
   1.71140469, 1.64461016, 1.56833815, 1.49052095, 1.42223842, 1.36967847,
   1.33182755, 1.3047333 , 1.28478928, 1.26951653, 1.25735819, 1.24735382,
   1.23890261, 1.23161746, 1.2252395 ],
 [ 1.50226083, 1.48854528, 1.47249323, 1.45356625, 1.43112305, 1.40446401,
   1.37296913, 1.33639215, 1.29530797, 1.2514819 , 1.20769308, 1.16684065,
   1.13092264, 1.10062654, 1.07561147, 1.05504354, 1.03800817, 1.02370922,
   1.01152182, 1.00097854, 0.99173595],
 [ 1.14887475, 1.137103  , 1.12294797, 1.105654  , 1.08418126, 1.05714811,
   1.02290877, 0.98008804, 0.92907072, 0.87404003, 0.82232318, 0.77926386,
   0.74520996, 0.71785246, 0.69490438, 0.67489951, 0.65705329, 0.64097427,
   0.6264552 , 0.61335847, 0.60156511]]
measureGC
[ 1.        , 0.90434783, 0.80869565, 0.71304348, 0.6173913 , 0.52173913,
  0.42608696, 0.33043478, 0.23478261, 0.13913043]
measureAPL
[ 1.        , 0.9800333 , 0.99068258, 0.98040226, 0.95898934, 0.96231418,
  0.95141844, 0.91796201, 0.79255558, 0.62887818]

Genetic
Tq
[[ 1.79205569, 1.78578736, 1.77974339, 1.77399972, 1.76860973, 1.76360161,
   1.75898022, 1.75473177, 1.75082975, 1.74724054, 1.74392792, 1.74085624,
   1.73799241, 1.73530704, 1.73277487, 1.73037477, 1.72808949, 1.72590528,
   1.72381134, 1.72179929, 1.71986265],
 [ 1.8193347 , 1.81216476, 1.804864  , 1.79751376, 1.79019696, 1.78299207,
   1.77596799, 1.76918028, 1.7626693 , 1.75645989, 1.75056269, 1.74497653,
   1.73969152, 1.73469199, 1.72995925, 1.72547358, 1.72121564, 1.71716737,
   1.71331237, 1.70963608, 1.70612571],
 [ 1.85466026, 1.84481236, 1.8342744 , 1.82313044, 1.81151298, 1.79959784,
   1.7875892 , 1.77569656, 1.76410935, 1.75297648, 1.74239612, 1.73241676,
   1.72304663, 1.71426679, 1.70604352, 1.69833792, 1.69111183, 1.68433068,
   1.67796422, 1.6719861 , 1.66637291],
 [ 2.05342577, 2.03609228, 2.01534152, 1.9903262 , 1.96014416, 1.92415244,
   1.88270782, 1.83831426, 1.79591413, 1.76027075, 1.73275692, 1.71187013,
   1.69549775, 1.68202618, 1.67043481, 1.66011658, 1.65071461, 1.64201754,
   1.6338983 , 1.62627868, 1.61910874],
 [ 2.04988771, 2.03631153, 2.01971151, 1.99924827, 1.9737424 , 1.94148902,
   1.9001649 , 1.84782149, 1.78722978, 1.73014872, 1.68728217, 1.65762621,
   1.63569948, 1.61779798, 1.60216144, 1.58802618, 1.5750599 , 1.56310872,
   1.5520896 , 1.54194423, 1.53261992],
 [ 1.70506408, 1.69170305, 1.67598539, 1.65752151, 1.63596428, 1.61113365,
   1.58321213, 1.55294125, 1.52163424, 1.49085624, 1.4619203 , 1.43555452,
   1.41190887, 1.3907766 , 1.37182606, 1.35474016, 1.33926629, 1.325216  ,
   1.31244665, 1.30084227, 1.29030018],
 [ 1.5729509 , 1.5618404 , 1.548667  , 1.5329689 , 1.51423122, 1.49195557,
   1.46581122, 1.43589024, 1.40300701, 1.3688003 , 1.33532444, 1.30423879,
   1.27626756, 1.25131749, 1.22892395, 1.20860903, 1.19003586, 1.17301698,
   1.15745901, 1.14330235, 1.13048299],
 [ 1.43901196, 1.43286594, 1.42560164, 1.41701877, 1.40689761, 1.39500911,
   1.38113484, 1.36510263, 1.34684231, 1.32645737, 1.30428919, 1.28093193,
   1.25716624, 1.2338251 , 1.21164415, 1.19115146, 1.17262743, 1.15613257,
   1.14157399, 1.12877538, 1.11752978],
 [ 1.15309736, 1.14477013, 1.13491766, 1.12315589, 1.10898686, 1.09177509,
   1.07075066, 1.04510849, 1.01435844, 0.97908706, 0.94164754, 0.90526786,
   0.87205452, 0.84255903, 0.81665271, 0.79411606, 0.77470839, 0.75811497,
   0.74396254, 0.73187241, 0.72150002],
 [ 0.60105104, 0.59441111, 0.58672706, 0.57778366, 0.56731661, 0.55500398,
   0.54046207, 0.52325871, 0.50297542, 0.47937859, 0.45274726, 0.424218  ,
   0.39568874, 0.36905741, 0.34546058, 0.32517729, 0.30797393, 0.29343202,
   0.28111938, 0.27065234, 0.26170893]]
measureGC
[ 1.        , 0.90434783, 0.80869565, 0.71304348, 0.6173913 , 0.52173913,
  0.42608696, 0.27826087, 0.1826087 , 0.03478261]
measureAPL
[ 1.        , 1.01534184, 1.05889977, 1.19666518, 1.27104563, 1.36063824,
  1.34547913, 1.29496375, 1.72599527, 0.55370274]

Simulated
Tq
[[ 1.7948225 , 1.78814719, 1.78171479, 1.77561319, 1.76990492, 1.76462367,
   1.75977596, 1.75534647, 1.75130495, 1.74761268, 1.74422784, 1.74110921,
   1.73821848, 1.73552151, 1.73298886, 1.73059582, 1.72832217, 1.72615171,
   1.72407183, 1.72207286, 1.72014752],
 [ 1.80095929, 1.79434663, 1.78774665, 1.78123196, 1.77486002, 1.76866905,
   1.76267829, 1.75689146, 1.75130185, 1.7458974 , 1.74066474, 1.73559191,
   1.7306697 , 1.72589206, 1.72125589, 1.71676039, 1.71240637, 1.70819547,
   1.70412955, 1.70021006, 1.69643777],
 [ 1.9056094 , 1.89152717, 1.8761811 , 1.85970707, 1.8423829 , 1.8246201 ,
   1.80690062, 1.78967614, 1.77328248, 1.75791144, 1.74363621, 1.73045683,
   1.71833741, 1.70722693, 1.69706765, 1.68779768, 1.67935196, 1.6716635 ,
   1.66466502, 1.65829073, 1.65247784],
 [ 1.75523555, 1.73817588, 1.71861389, 1.69627058, 1.6710372 , 1.64316183,
   1.61343705, 1.58321128, 1.55406063, 1.52724864, 1.50337628, 1.4824419 ,
   1.46412842, 1.44804809, 1.43385647, 1.42127701, 1.41009064, 1.4001194 ,
   1.39121368, 1.3832442 , 1.37609739],
 [ 1.94265702, 1.9288246 , 1.91257363, 1.89360041, 1.87175167, 1.84717529,
   1.82047544, 1.79276899, 1.76551536, 1.74010698, 1.71743498, 1.69771889,
   1.68066098, 1.66573362, 1.65240509, 1.64024818, 1.62896396, 1.61836535,
   1.60834799, 1.59886187, 1.58988805],
 [ 1.87879897, 1.86470617, 1.84763655, 1.82680889, 1.80126465, 1.76993071,
   1.7319131 , 1.68728956, 1.63835932, 1.58985085, 1.54635839, 1.50968924,
   1.47928208, 1.45380335, 1.43199825, 1.41290381, 1.39584281, 1.38036907,
   1.36620668, 1.35319312, 1.34123137],
 [ 1.69695194, 1.68958821, 1.68027994, 1.66851936, 1.65366794, 1.63493803,
   1.61144839, 1.58253936, 1.54855631, 1.51167873, 1.47549233, 1.44312951,
   1.41594822, 1.39380849, 1.3759351 , 1.36147204, 1.34968201, 1.33997972,
   1.33191397, 1.32514041, 1.31939654],
 [ 1.37175892, 1.36420033, 1.35496498, 1.34362737, 1.32964251, 1.3123065 ,
   1.29071866, 1.26380889, 1.23061762, 1.19111843, 1.14734768, 1.10326245,
   1.0626567 , 1.02756505, 0.99840847, 0.97468462, 0.95551187, 0.93996948,
   0.9272582 , 0.91674201, 0.90793462],
 [ 0.77111047, 0.77119346, 0.77112988, 0.77086983, 0.77034599, 0.76946485,
   0.76809605, 0.76606833, 0.76319158, 0.75931914, 0.75442076, 0.74860427,
   0.74208367, 0.7351453 , 0.72811719, 0.72131705, 0.71499176, 0.70928515,
   0.70424575, 0.69985634, 0.69606427],
 [        nan,        nan,        nan,        nan,        nan,        nan,
          nan,        nan,        nan,        nan,        nan,        nan,
          nan,        nan,        nan,        nan,        nan,        nan,
          nan,        nan,        nan]]
measureGC
[ 1.        , 0.90434783, 0.80869565, 0.71304348, 0.6173913 , 0.52173913,
  0.42608696, 0.28695652, 0.09565217, 0.02608696]
measureAPL
[ 1.        , 1.01964216, 1.05919958, 1.19119569, 1.22191379, 1.34758216,
  1.60605246, 2.00486403, 1.57062682, 0.5019083 ]