PercentOfNodes
[ 0. , 0.1, 0.2, 0.3, 0.4, 0.5, 0.6, 0.7, 0.8, 0.9]

RandomAttack
Tq
[[ 2.94801056, 2.96395227, 2.98244339, 3.00396761, 3.02928988, 3.05958885,
   3.09572597, 3.13731602, 3.17902095, 3.19498162, 3.13234544, 2.96938993,
   2.73290666, 2.47025619, 2.2208536 , 2.03922966, 1.91255052, 1.8208372 ,
   1.75168702, 1.697805  , 1.65471477],
 [ 2.83314291, 2.83533169, 2.83773121, 2.84031265, 2.84283924, 2.84493427,
   2.84598349, 2.84402864, 2.83371129, 2.79655458, 2.68292348, 2.48521059,
   2.24841676, 2.01028594, 1.79782605, 1.65004281, 1.547583  , 1.47306971,
   1.41657987, 1.37225407, 1.33650099],
 [ 2.79282366, 2.79593261, 2.79920738, 2.80270648, 2.80640694, 2.8100107 ,
   2.81284142, 2.81388528, 2.80955508, 2.78451667, 2.69532169, 2.49816415,
   2.24526762, 1.97898444, 1.74637954, 1.59187433, 1.4864143 , 1.41045614,
   1.35344807, 1.30919613, 1.2738626 ],
 [ 2.51433132, 2.52687655, 2.54131854, 2.55846265, 2.57952751, 2.60610429,
   2.63963167, 2.68082257, 2.73118126, 2.78197785, 2.76716117, 2.6116874 ,
   2.37850939, 2.10479411, 1.8560044 , 1.69023154, 1.57800267, 1.49767727,
   1.43764725, 1.39127398, 1.35447468],
 [ 2.60403966, 2.61128104, 2.61941697, 2.62852039, 2.6388142 , 2.65085199,
   2.66553785, 2.68366347, 2.70360908, 2.71612185, 2.67529774, 2.50929867,
   2.28268719, 1.98975838, 1.73277277, 1.5664765 , 1.45401948, 1.37333709,
   1.31297607, 1.26635734, 1.22940198],
 [ 2.59247304, 2.589962  , 2.58691724, 2.58317001, 2.57839126, 2.57183532,
   2.56181897, 2.54520965, 2.51711566, 2.46600975, 2.35608501, 2.17123172,
   1.95593863, 1.67156835, 1.43161536, 1.28025708, 1.17898093, 1.10639436,
   1.05197493, 1.00982457, 0.97631796],
 [ 2.60904971, 2.6150034 , 2.62180546, 2.62962034, 2.63851713, 2.6482361 ,
   2.65798152, 2.66668753, 2.67338334, 2.67152457, 2.62229108, 2.48804327,
   2.2888228 , 1.9693811 , 1.69850462, 1.52789036, 1.41396454, 1.33261595,
   1.27182291, 1.22485486, 1.18760317],
 [ 2.21091765, 2.21210094, 2.21320601, 2.21422438, 2.21516739, 2.21609577,
   2.2171803 , 2.21877234, 2.22096558, 2.21884969, 2.18977831, 2.11305013,
   1.95486093, 1.70791102, 1.52963379, 1.42115377, 1.34815732, 1.29485914,
   1.25404918, 1.22182916, 1.19579754],
 [ 0.85045588, 0.85857587, 0.86847945, 0.88080149, 0.89644085, 0.91662197,
   0.94284193, 0.97641654, 1.01704517, 1.05993459, 1.09313659, 1.10064989,
   1.07500009, 1.02803969, 0.97957036, 0.93968593, 0.90923699, 0.88624739,
   0.86874653, 0.85528266, 0.84483556],
 [ 0.5209269 , 0.51761414, 0.51372437, 0.50913672, 0.5037127 , 0.4973029 ,
   0.48976271, 0.48098068, 0.47092086, 0.45967261, 0.44748895, 0.43478567,
   0.42208239, 0.40989873, 0.39865048, 0.38859067, 0.37980863, 0.37226844,
   0.36585865, 0.36043462, 0.35584697]]
measureGC
[ 1.     , 0.5075 , 0.20275, 0.13125, 0.0825 , 0.06175, 0.041  , 0.01   ,
  0.002  , 0.001  ]
measureAPL
[ 1.        , 0.90453287, 0.67007044, 0.64629405, 0.56701849, 0.42790125,
  0.4014438 , 0.23378656, 0.11383486, 0.04387511]

Degree
Tq
[[ 3.12148601, 3.12433845, 3.12735522, 3.13036451, 3.13316014, 3.13545785,
   3.13615639, 3.13234021, 3.11656101, 3.06825401, 2.95323527, 2.76011011,
   2.51686076, 2.26549338, 2.03392961, 1.86589105, 1.74854358, 1.66342085,
   1.59907479, 1.54877883, 1.50841606],
 [ 0.7560393 , 0.75353927, 0.75044143, 0.74660627, 0.74186903, 0.73604243,
   0.72892708, 0.72033565, 0.71013859, 0.69833505, 0.68513384, 0.67100107,
   0.65662557, 0.64277676, 0.63008786, 0.61890116, 0.60927912, 0.60111404,
   0.59422896, 0.58843522, 0.58355768],
 [        nan,        nan,        nan,        nan,        nan,        nan,
          nan,        nan,        nan,        nan,        nan,        nan,
          nan,        nan,        nan,        nan,        nan,        nan,
          nan,        nan,        nan],
 [        nan,        nan,        nan,        nan,        nan,        nan,
          nan,        nan,        nan,        nan,        nan,        nan,
          nan,        nan,        nan,        nan,        nan,        nan,
          nan,        nan,        nan],
 [        nan,        nan,        nan,        nan,        nan,        nan,
          nan,        nan,        nan,        nan,        nan,        nan,
          nan,        nan,        nan,        nan,        nan,        nan,
          nan,        nan,        nan],
 [        nan,        nan,        nan,        nan,        nan,        nan,
          nan,        nan,        nan,        nan,        nan,        nan,
          nan,        nan,        nan,        nan,        nan,        nan,
          nan,        nan,        nan],
 [        nan,        nan,        nan,        nan,        nan,        nan,
          nan,        nan,        nan,        nan,        nan,        nan,
          nan,        nan,        nan,        nan,        nan,        nan,
          nan,        nan,        nan],
 [        nan,        nan,        nan,        nan,        nan,        nan,
          nan,        nan,        nan,        nan,        nan,        nan,
          nan,        nan,        nan,        nan,        nan,        nan,
          nan,        nan,        nan],
 [        nan,        nan,        nan,        nan,        nan,        nan,
          nan,        nan,        nan,        nan,        nan,        nan,
          nan,        nan,        nan,        nan,        nan,        nan,
          nan,        nan,        nan],
 [        nan,        nan,        nan,        nan,        nan,        nan,
          nan,        nan,        nan,        nan,        nan,        nan,
          nan,        nan,        nan,        nan,        nan,        nan,
          nan,        nan,        nan]]
measureGC
[  1.00000000e+00,  1.75000000e-03,  5.00000000e-04,  5.00000000e-04,
   2.50000000e-04,  2.50000000e-04,  2.50000000e-04,  2.50000000e-04,
   2.50000000e-04,  2.50000000e-04]
measureAPL
[ 1.        , 0.13116415, 0.04439967, 0.08427829, 0.08427829, 0.08427829,
  0.08427829, 0.08427829, 0.08427829, 0.08427829]

Centrality
Tq
[[ 2.82437229, 2.84643633, 2.87242277, 2.9030955 , 2.93967739, 2.98406428,
   3.03803953, 3.10235921, 3.17245829, 3.21985973, 3.18382848, 3.03801586,
   2.8086412 , 2.54115458, 2.27758616, 2.08563152, 1.95257512, 1.85678834,
   1.78489182, 1.72906437, 1.68454504],
 [ 3.4556185 , 3.45675181, 3.45773587, 3.45836567, 3.4582223 , 3.45649285,
   3.45169535, 3.44112988, 3.41983888, 3.37903966, 3.30159145, 3.15777507,
   2.93612549, 2.66125347, 2.38615677, 2.18673159, 2.04880601, 1.94974112,
   1.87557041, 1.81812238, 1.77242035],
 [ 3.50193087, 3.5047782 , 3.50768766, 3.51053398, 3.51308033, 3.51486509,
   3.51492937, 3.51117779, 3.4991752 , 3.47048393, 3.40882461, 3.28418442,
   3.07524865, 2.78846989, 2.489615  , 2.27438745, 2.12643659, 2.02075135,
   1.94204373, 1.88140003, 1.83340561],
 [ 3.60405799, 3.60334188, 3.60213757, 3.60022558, 3.59726792, 3.59272413,
   3.58568625, 3.57453099, 3.5561133 , 3.52370797, 3.46194372, 3.34052954,
   3.13518617, 2.84375028, 2.54292222, 2.32914842, 2.18280462, 2.07847632,
   2.00085584, 1.94105207, 1.89368945],
 [ 3.63128366, 3.62936878, 3.62678156, 3.62321893, 3.61821135, 3.61101494,
   3.6004062 , 3.58423414, 3.55830205, 3.51398412, 3.43562241, 3.29836838,
   3.08199542, 2.77482172, 2.46312433, 2.24449299, 2.09486121, 1.9879716 ,
   1.90827799, 1.84678062, 1.79802308],
 [ 3.7071667 , 3.70597379, 3.7042686 , 3.70183762, 3.69835936, 3.69333702,
   3.68597686, 3.67494901, 3.65784904, 3.62972181, 3.57832986, 3.47375572,
   3.27877451, 2.965545  , 2.64426359, 2.42178138, 2.27106644, 2.16424094,
   2.08508527, 2.02428938, 1.97624791],
 [ 3.35414357, 3.36607075, 3.37984191, 3.39594428, 3.41504168, 3.43803638,
   3.46611085, 3.500595  , 3.54197646, 3.58594943, 3.61531064, 3.59319515,
   3.45943307, 3.12626644, 2.76671146, 2.52681089, 2.36842382, 2.25838326,
   2.17823397, 2.11756173, 2.07020821],
 [ 3.84580175, 3.84438814, 3.84252993, 3.84007157, 3.83678347, 3.83231003,
   3.82606621, 3.81701998, 3.80320961, 3.78055991, 3.73926442, 3.65283016,
   3.46685677, 3.09963925, 2.73219511, 2.49017174, 2.32988371, 2.2174969 ,
   2.13465995, 2.07114705, 2.02093331],
 [ 3.76786777, 3.77531217, 3.78355736, 3.79270764, 3.80285599, 3.81403232,
   3.82605762, 3.8381309 , 3.84771852, 3.84804984, 3.82365601, 3.74357729,
   3.53923792, 3.06952821, 2.63934004, 2.36867512, 2.19225995, 2.07017557,
   1.98146594, 1.91449782, 1.86239841],
 [ 3.95315081, 3.95179971, 3.95014693, 3.94813256, 3.94568984, 3.9427414 ,
   3.93917792, 3.9347719 , 3.92887836, 3.91952989, 3.90124499, 3.85609158,
   3.64068336, 3.00280797, 2.51051257, 2.22713864, 2.04900448, 1.92702439,
   1.83843123, 1.77125715, 1.71858996]]
measureGC
[ 1. , 0.9, 0.8, 0.7, 0.6, 0.5, 0.4, 0.3, 0.2, 0.1]
measureAPL
[ 1.        , 0.89022903, 0.81102708, 0.73902982, 0.66665385, 0.60275211,
  0.55379961, 0.47010365, 0.40635019, 0.31102016]

Genetic
Tq
[[ 3.03048193, 3.04129625, 3.05372554, 3.06799156, 3.08447189, 3.10376187,
   3.12591815, 3.14947941, 3.16822165, 3.1586768 , 3.07498756, 2.89901304,
   2.65849958, 2.39583642, 2.14522817, 1.96322253, 1.8365111 , 1.74487496,
   1.67580463, 1.62196332, 1.57887675],
 [ 2.7645976 , 2.76661859, 2.76837456, 2.76969443, 2.77030154, 2.76972789,
   2.76711392, 2.7607002 , 2.74651709, 2.71486525, 2.64547697, 2.51730766,
   2.34230676, 2.14333735, 1.9446292 , 1.79181877, 1.68262806, 1.60297831,
   1.54287317, 1.49607823, 1.45868285],
 [ 2.42185204, 2.42961213, 2.43817059, 2.44764856, 2.45821793, 2.47005488,
   2.48305481, 2.4960312 , 2.50530042, 2.5015834 , 2.46304388, 2.36139242,
   2.20365582, 2.00570365, 1.8075516 , 1.66093422, 1.55830438, 1.48430347,
   1.42891344, 1.38606662, 1.35200493],
 [ 2.34548194, 2.35245229, 2.36008334, 2.36847398, 2.37775269, 2.38802133,
   2.39911637, 2.40997383, 2.41735497, 2.4124649 , 2.3734597 , 2.27298883,
   2.12055579, 1.93520523, 1.75090259, 1.61179572, 1.51312958, 1.44156133,
   1.38786669, 1.34629001, 1.3132163 ],
 [ 2.09420955, 2.1068176 , 2.12120348, 2.13776879, 2.15718987, 2.18063828,
   2.20991091, 2.2469748 , 2.2916312 , 2.33494318, 2.34140404, 2.26949659,
   2.12896235, 1.92626962, 1.72207689, 1.57289446, 1.46858133, 1.39353499,
   1.33767862, 1.29475754, 1.2608347 ],
 [ 1.64198066, 1.63793137, 1.63300442, 1.62687149, 1.61904598, 1.60880078,
   1.59500748, 1.57574223, 1.54724046, 1.50185834, 1.4296196 , 1.32934802,
   1.20630404, 1.06486436, 0.94641799, 0.8664369 , 0.81143744, 0.77125535,
   0.74053188, 0.71630011, 0.69674781],
 [ 1.58386461, 1.5827879 , 1.58120519, 1.57891819, 1.5756725 , 1.57114144,
   1.56487351, 1.55608621, 1.54285808, 1.51987777, 1.47719231, 1.40595033,
   1.30028894, 1.16931893, 1.05409762, 0.97081729, 0.91157427, 0.8680367 ,
   0.83492347, 0.8089958 , 0.78820067],
 [ 1.49800744, 1.49607863, 1.49354489, 1.49019677, 1.48573391, 1.47971234,
   1.47145362, 1.45988641, 1.44327374, 1.41874633, 1.38119684, 1.32051146,
   1.22540994, 1.11238617, 1.01704551, 0.94791985, 0.89840511, 0.86196161,
   0.83424413, 0.81252328, 0.79507058],
 [ 1.47708608, 1.48586764, 1.49561857, 1.5063257 , 1.5178531 , 1.52983162,
   1.54145071, 1.55105435, 1.55535849, 1.54805928, 1.51815   , 1.45139635,
   1.34382961, 1.22066388, 1.11759203, 1.04657187, 1.00157696, 0.97375889,
   0.95652178, 0.94569293, 0.93875934],
 [ 0.99931714, 1.00164829, 1.00423138, 1.00709716, 1.01025049, 1.01361448,
   1.016906  , 1.01939158, 1.01949721, 1.01442745, 1.00043284, 0.97480773,
   0.93933445, 0.90083057, 0.86605395, 0.83773767, 0.81560769, 0.79846058,
   0.78512941, 0.77469949, 0.76648762]]
measureGC
[ 1.     , 0.1865 , 0.07875, 0.06625, 0.039  , 0.0115 , 0.007  , 0.0035 ,
  0.0025 , 0.0015 ]
measureAPL
[ 1.        , 0.72704341, 0.58642784, 0.56473709, 0.42202867, 0.30387775,
  0.25364268, 0.1727296 , 0.16822743, 0.00930082]

Simulated
Tq
[[ 2.95987311, 2.97535869, 2.99328994, 3.01411668, 3.03854227, 3.06764488,
   3.10216428, 3.14159699, 3.1807625 , 3.19490787, 3.1316515 , 2.9682977 ,
   2.73142601, 2.46688385, 2.21490997, 2.03193993, 1.90464475, 1.81268436,
   1.74344824, 1.68953527, 1.64642594],
 [ 2.04525786, 2.0502985 , 2.05534946, 2.06015579, 2.06425134, 2.06681987,
   2.06646762, 2.06085223, 2.04622087, 2.01749711, 1.97029384, 1.90262117,
   1.80910496, 1.68651661, 1.5611158 , 1.45981151, 1.38450559, 1.32853871,
   1.28603111, 1.25294905, 1.22661477],
 [ 2.0739161 , 2.08296993, 2.09303219, 2.10420529, 2.11660113, 2.1303661 ,
   2.14574706, 2.16322777, 2.18368979, 2.20780422, 2.22993677, 2.21775379,
   2.10208592, 1.88693326, 1.69992078, 1.57274104, 1.48704695, 1.42707426,
   1.38327317, 1.35007199, 1.32412813],
 [ 1.71823976, 1.71942266, 1.72055344, 1.72156465, 1.72230285, 1.72243038,
   1.72123936, 1.71734105, 1.70825516, 1.69003386, 1.65651733, 1.59620965,
   1.49328622, 1.35691514, 1.23083238, 1.13778755, 1.07266781, 1.02606016,
   0.99145512, 0.96489183, 0.94393366],
 [ 1.69702108, 1.6979696 , 1.69888832, 1.69971085, 1.70027672, 1.70022301,
   1.69877973, 1.6944362 , 1.68453414, 1.66501379, 1.62989782, 1.56800079,
   1.46370263, 1.32780033, 1.20565031, 1.11787001, 1.05738542, 1.01433506,
   0.98232706, 0.95762678, 0.93800496],
 [ 1.35166685, 1.34873895, 1.34516096, 1.34070859, 1.33504755, 1.32766398,
   1.31775204, 1.30406465, 1.28482155, 1.25783606, 1.22034534, 1.16722114,
   1.09292966, 1.00683229, 0.9307317 , 0.87292956, 0.83033478, 0.79835456,
   0.77363257, 0.75400309, 0.73807446],
 [ 1.39971973, 1.39909351, 1.39820175, 1.39694542, 1.3951665 , 1.39258269,
   1.3886358 , 1.38217341, 1.37092811, 1.35100429, 1.31654724, 1.25920565,
   1.17250095, 1.06938222, 0.97699832, 0.90591006, 0.85311188, 0.81352423,
   0.783186  , 0.75938687, 0.74031549],
 [ 1.01115857, 1.01777202, 1.02586074, 1.03600233, 1.04907484, 1.06640884,
   1.08994073, 1.12213081, 1.16485311, 1.21566191, 1.26154977, 1.27920452,
   1.25463422, 1.2044299 , 1.15518819, 1.11678328, 1.08815171, 1.06650639,
   1.04978502, 1.03666204, 1.02626323],
 [        nan,        nan,        nan,        nan,        nan,        nan,
          nan,        nan,        nan,        nan,        nan,        nan,
          nan,        nan,        nan,        nan,        nan,        nan,
          nan,        nan,        nan],
 [        nan,        nan,        nan,        nan,        nan,        nan,
          nan,        nan,        nan,        nan,        nan,        nan,
          nan,        nan,        nan,        nan,        nan,        nan,
          nan,        nan,        nan]]
measureGC
[  1.00000000e+00,  2.82500000e-02,  7.75000000e-03,  5.50000000e-03,
   5.25000000e-03,  3.75000000e-03,  3.50000000e-03,  2.25000000e-03,
   7.50000000e-04,  5.00000000e-04]
measureAPL
[ 1.        , 0.48004803, 0.29366247, 0.25435179, 0.23173821, 0.17647075,
  0.14681809, 0.06601874, 0.02070597, 0.08443213]