PercentOfNodes
[ 0. , 0.1, 0.2, 0.3, 0.4, 0.5, 0.6, 0.7, 0.8, 0.9]

RandomAttack
Tq
[[ 2.94385662, 2.96001561, 2.97875584, 3.00056776, 3.02623225, 3.05695351,
   3.0936233 , 3.13590124, 3.17834098, 3.19439312, 3.13107103, 2.96716672,
   2.73052493, 2.46775908, 2.21646537, 2.03264425, 1.90429413, 1.81138533,
   1.74136205, 1.68682958, 1.64325093],
 [ 3.08120397, 3.07971753, 3.0776269 , 3.07476538, 3.07082214, 3.0651368 ,
   3.056532  , 3.04311204, 3.01998869, 2.97271173, 2.86848344, 2.67827014,
   2.42805107, 2.16748598, 1.93085018, 1.76369053, 1.64839536, 1.56522321,
   1.50251485, 1.45358258, 1.41438804],
 [ 2.88899877, 2.89954741, 2.91157059, 2.92522961, 2.94092148, 2.95941832,
   2.98129203, 3.00499352, 3.0245736 , 3.02427964, 2.9709657 , 2.82479968,
   2.60071289, 2.33278723, 2.07448319, 1.89148504, 1.76574291, 1.67569882,
   1.60832165, 1.55606708, 1.51440963],
 [ 2.32814408, 2.33508107, 2.3431743 , 2.35283111, 2.36450115, 2.37847981,
   2.39463754, 2.41270814, 2.43223125, 2.44140766, 2.40037412, 2.27639844,
   2.0882678 , 1.84510809, 1.62998428, 1.48535125, 1.3867609 , 1.31595867,
   1.26288702, 1.22174579, 1.18896604],
 [ 2.37632109, 2.38101057, 2.38642389, 2.3925973 , 2.3993934 , 2.40640106,
   2.41303029, 2.41875736, 2.42173718, 2.41032086, 2.35576586, 2.23672081,
   2.06210296, 1.81741618, 1.60005219, 1.45353539, 1.35345041, 1.28153605,
   1.22765235, 1.18593353, 1.1527653 ],
 [ 2.03462547, 2.05162162, 2.0719245 , 2.09636423, 2.12590042, 2.16159555,
   2.20478407, 2.25789606, 2.32554337, 2.40752525, 2.46708068, 2.44404641,
   2.32205817, 2.08770977, 1.86171979, 1.70526309, 1.59832154, 1.5221177 ,
   1.46559591, 1.42226864, 1.38815199],
 [ 2.06812249, 2.07252545, 2.07752994, 2.0831157 , 2.08914068, 2.09531899,
   2.10132998, 2.10713933, 2.1130183 , 2.11478947, 2.08892005, 2.00989215,
   1.86997625, 1.66220267, 1.47396722, 1.34325652, 1.25310579, 1.18825013,
   1.1396662 , 1.10205411, 1.07215409],
 [ 1.83582288, 1.84164582, 1.84778492, 1.85429799, 1.86138065, 1.8695091 ,
   1.87970335, 1.89386582, 1.91389117, 1.93287104, 1.92087198, 1.85274195,
   1.71072135, 1.49830497, 1.32444634, 1.20799488, 1.12821663, 1.07135582,
   1.02922931, 0.99689546, 0.97132302],
 [ 1.62012377, 1.61980903, 1.6194511 , 1.6190507 , 1.61861732, 1.61817714,
   1.61777845, 1.61744749, 1.61682292, 1.61328301, 1.59600799, 1.53862587,
   1.41429755, 1.26387064, 1.15299315, 1.08296768, 1.03708256, 1.00476336,
   0.98058203, 0.96169127, 0.94648471],
 [ 1.2892028 , 1.28593354, 1.28194322, 1.27697063, 1.27062099, 1.26228193,
   1.25098636, 1.23521023, 1.21266787, 1.18047056, 1.13668175, 1.08398104,
   1.03128032, 0.98749152, 0.9552942 , 0.93275185, 0.91697572, 0.90568015,
   0.89734109, 0.89099145, 0.88601885]]
measureGC
[ 1.     , 0.55075, 0.36975, 0.0535 , 0.03825, 0.03025, 0.0195 , 0.01125,
  0.003  , 0.00125]
measureAPL
[ 1.        , 0.81297869, 0.74515821, 0.49181906, 0.42457791, 0.39440216,
  0.32386045, 0.27537001, 0.15184424, 0.06750647]

Degree
Tq
[[ 3.03567828, 3.04638342, 3.05867244, 3.07275836, 3.08901862, 3.10804105,
   3.12985874, 3.15300959, 3.17110738, 3.16011935, 3.07516171, 2.89891513,
   2.65842438, 2.39658211, 2.14813577, 1.96776343, 1.84230131, 1.75161723,
   1.68329081, 1.6300539 , 1.58746738],
 [ 0.60412956, 0.60085086, 0.59698546, 0.59243138, 0.58708654, 0.58086336,
   0.57371137, 0.56564544, 0.55677189, 0.54729875, 0.53751821, 0.52776271,
   0.51835223, 0.50955277, 0.50155272, 0.49445483, 0.48828161, 0.48299238,
   0.47850596, 0.47472208, 0.47153732],
 [        nan,        nan,        nan,        nan,        nan,        nan,
          nan,        nan,        nan,        nan,        nan,        nan,
          nan,        nan,        nan,        nan,        nan,        nan,
          nan,        nan,        nan],
 [        nan,        nan,        nan,        nan,        nan,        nan,
          nan,        nan,        nan,        nan,        nan,        nan,
          nan,        nan,        nan,        nan,        nan,        nan,
          nan,        nan,        nan],
 [        nan,        nan,        nan,        nan,        nan,        nan,
          nan,        nan,        nan,        nan,        nan,        nan,
          nan,        nan,        nan,        nan,        nan,        nan,
          nan,        nan,        nan],
 [        nan,        nan,        nan,        nan,        nan,        nan,
          nan,        nan,        nan,        nan,        nan,        nan,
          nan,        nan,        nan,        nan,        nan,        nan,
          nan,        nan,        nan],
 [        nan,        nan,        nan,        nan,        nan,        nan,
          nan,        nan,        nan,        nan,        nan,        nan,
          nan,        nan,        nan,        nan,        nan,        nan,
          nan,        nan,        nan],
 [        nan,        nan,        nan,        nan,        nan,        nan,
          nan,        nan,        nan,        nan,        nan,        nan,
          nan,        nan,        nan,        nan,        nan,        nan,
          nan,        nan,        nan],
 [        nan,        nan,        nan,        nan,        nan,        nan,
          nan,        nan,        nan,        nan,        nan,        nan,
          nan,        nan,        nan,        nan,        nan,        nan,
          nan,        nan,        nan],
 [        nan,        nan,        nan,        nan,        nan,        nan,
          nan,        nan,        nan,        nan,        nan,        nan,
          nan,        nan,        nan,        nan,        nan,        nan,
          nan,        nan,        nan]]
measureGC
[  1.00000000e+00,  1.50000000e-03,  5.00000000e-04,  5.00000000e-04,
   2.50000000e-04,  2.50000000e-04,  2.50000000e-04,  2.50000000e-04,
   2.50000000e-04,  2.50000000e-04]
measureAPL
[ 1.        , 0.1315913 , 0.04519092, 0.08409276, 0.08409276, 0.08409276,
  0.08409276, 0.08409276, 0.08409276, 0.08409276]

Centrality
Tq
[[ 3.02417291, 3.03525775, 3.04800634, 3.06265125, 3.07960152, 3.09950769,
   3.12247743, 3.14711485, 3.16710761, 3.15821876, 3.07423978, 2.89807612,
   2.65831756, 2.39882411, 2.15319087, 1.97415739, 1.84929012, 1.75890026,
   1.69072587, 1.63756934, 1.59502418],
 [ 2.37899191, 2.39258875, 2.40796667, 2.4254164 , 2.44534209, 2.46827056,
   2.49481215, 2.52537108, 2.55784979, 2.58140725, 2.56881628, 2.4912889 ,
   2.34958976, 2.15835531, 1.95783127, 1.80525608, 1.69838826, 1.62196551,
   1.56531198, 1.52183194, 1.48745596],
 [ 1.75352558, 1.75740609, 1.76173201, 1.76661784, 1.77230227, 1.77920426,
   1.78781298, 1.79794855, 1.80655329, 1.80270637, 1.76623034, 1.69004881,
   1.58378012, 1.45459219, 1.32871289, 1.23061566, 1.15894118, 1.10598273,
   1.06576612, 1.0343526 , 1.0091907 ],
 [ 1.52595229, 1.52583237, 1.52535404, 1.5243897 , 1.5227731 , 1.52026324,
   1.51643088, 1.51033978, 1.49985176, 1.48079618, 1.44721652, 1.39328554,
   1.31615656, 1.2230756 , 1.13475035, 1.0645378 , 1.01186045, 0.97226998,
   0.94194369, 0.91819639, 0.89920657],
 [ 0.96656349, 0.96401815, 0.96075458, 0.95655302, 0.95112708, 0.9441106 ,
   0.93505108, 0.92342303, 0.90868573, 0.89041464, 0.86851706, 0.84348655,
   0.816555  , 0.78954101, 0.76430965, 0.7421088 , 0.72332103, 0.70771961,
   0.6948291 , 0.68414785, 0.67523738],
 [ 0.53049364, 0.52774879, 0.52452584, 0.52072464, 0.51623045, 0.51091947,
   0.50467189, 0.49739535, 0.48906007, 0.47974009, 0.46964506, 0.45911948,
   0.44859391, 0.43849888, 0.4291789 , 0.42084362, 0.41356708, 0.40731949,
   0.40200852, 0.39751433, 0.39371313],
 [        nan,        nan,        nan,        nan,        nan,        nan,
          nan,        nan,        nan,        nan,        nan,        nan,
          nan,        nan,        nan,        nan,        nan,        nan,
          nan,        nan,        nan],
 [        nan,        nan,        nan,        nan,        nan,        nan,
          nan,        nan,        nan,        nan,        nan,        nan,
          nan,        nan,        nan,        nan,        nan,        nan,
          nan,        nan,        nan],
 [        nan,        nan,        nan,        nan,        nan,        nan,
          nan,        nan,        nan,        nan,        nan,        nan,
          nan,        nan,        nan,        nan,        nan,        nan,
          nan,        nan,        nan],
 [        nan,        nan,        nan,        nan,        nan,        nan,
          nan,        nan,        nan,        nan,        nan,        nan,
          nan,        nan,        nan,        nan,        nan,        nan,
          nan,        nan,        nan]]
measureGC
[  1.00000000e+00,  9.87500000e-02,  2.65000000e-02,  7.00000000e-03,
   3.00000000e-03,  1.00000000e-03,  5.00000000e-04,  2.50000000e-04,
   2.50000000e-04,  2.50000000e-04]
measureAPL
[ 1.        , 0.60231467, 0.47821805, 0.32774318, 0.20060463, 0.0713247 ,
  0.02431131, 0.08369467, 0.08369467, 0.08369467]

Genetic
Tq
[[ 2.81544278, 2.83774353, 2.86404046, 2.89509682, 2.93215553, 2.97714021,
   3.03183251, 3.09700267, 3.16826379, 3.21769125, 3.18330383, 3.03823536,
   2.80985814, 2.5482925 , 2.29406209, 2.10733634, 1.97732831, 1.88344995,
   1.81282117, 1.7579064 , 1.71409215],
 [ 2.68016783, 2.70270934, 2.72969829, 2.76216873, 2.80111657, 2.847474  ,
   2.9020638 , 2.96407883, 3.02705926, 3.06869135, 3.04472962, 2.91824713,
   2.70477918, 2.45043202, 2.20265214, 2.02486154, 1.90214252, 1.81386167,
   1.74761803, 1.69615555, 1.65506854],
 [ 2.52041761, 2.54173926, 2.56702122, 2.5970925 , 2.63294984, 2.67616954,
   2.72934015, 2.79468151, 2.87051967, 2.94175019, 2.96287078, 2.87239887,
   2.66339837, 2.39481099, 2.13487602, 1.95348138, 1.82985996, 1.74176104,
   1.67614172, 1.62541032, 1.58502069]]
measureGC
[ 1.     , 0.5995 , 0.35575]
measureAPL
[ 1.        , 0.96805219, 0.80053252]

Simulated
Tq
[[ 3.09637848, 3.10253544, 3.10944177, 3.11708674, 3.12550178, 3.13474262,
   3.14415474, 3.15139878, 3.14946454, 3.11664526, 3.01473323, 2.82935719,
   2.58725414, 2.33037263, 2.09121547, 1.91777448, 1.79679324, 1.70911199,
   1.64288758, 1.59117583, 1.54972743],
 [ 2.23758353, 2.23676019, 2.2354797 , 2.23350474, 2.23043976, 2.22570312,
   2.21834873, 2.20630005, 2.18443305, 2.13751843, 2.0429431 , 1.90275463,
   1.73668446, 1.55766163, 1.39665001, 1.28226529, 1.20195068, 1.14289441,
   1.09767409, 1.06194789, 1.03301922],
 [ 1.76201988, 1.75837634, 1.75378129, 1.74791049, 1.74029164, 1.73021487,
   1.7165675 , 1.69751544, 1.66993394, 1.62882683, 1.56851162, 1.48702672,
   1.38442788, 1.26373418, 1.15221215, 1.06762653, 1.00594353, 0.96007225,
   0.92497076, 0.89738956, 0.87521621],
 [ 1.42645411, 1.43340757, 1.44118994, 1.44992073, 1.45977213, 1.47100008,
   1.48390907, 1.49848861, 1.51311517, 1.5220855 , 1.51461552, 1.47962014,
   1.4129209 , 1.32329896, 1.23663692, 1.16918385, 1.1195725 , 1.08261115,
   1.05432957, 1.03213019, 1.01431779],
 [ 1.47572529, 1.48110676, 1.48705966, 1.49362042, 1.50083441, 1.50878687,
   1.51761921, 1.52734068, 1.53679031, 1.54087188, 1.52848798, 1.48784846,
   1.41502581, 1.32047981, 1.23190656, 1.16440449, 1.11515846, 1.07845771,
   1.05024568, 1.02796075, 1.00996139],
 [ 1.42994585, 1.43041835, 1.43063048, 1.43048418, 1.42984036, 1.42848673,
   1.42606156, 1.42185879, 1.41432167, 1.39983906, 1.3707015 , 1.31485237,
   1.22667951, 1.12635073, 1.04183   , 0.97968226, 0.93474563, 0.90151291,
   0.876242  , 0.85654272, 0.84086216],
 [ 1.78661537, 1.78454149, 1.78200694, 1.77883956, 1.7747704 , 1.76935786,
   1.76183492, 1.75078898, 1.73348432, 1.70454176, 1.65435113, 1.57239878,
   1.46631197, 1.36900906, 1.29998084, 1.25515801, 1.22568588, 1.20540709,
   1.19076657, 1.17974718, 1.17116662],
 [ 0.76368644, 0.76046625, 0.75663252, 0.75201912, 0.74640594, 0.73950211,
   0.73092988, 0.72022271, 0.70687446, 0.69051296, 0.67126401, 0.65015735,
   0.6290507 , 0.60980175, 0.59344025, 0.580092  , 0.56938483, 0.5608126 ,
   0.55390877, 0.54829559, 0.54368219],
 [ 0.77247315, 0.76871109, 0.764215  , 0.75878083, 0.75213653, 0.74392058,
   0.733661  , 0.72077224, 0.70461608, 0.68471917, 0.66122931, 0.63542493,
   0.60962056, 0.5861307 , 0.56623378, 0.55007763, 0.53718887, 0.52692929,
   0.51871334, 0.51206904, 0.50663486],
 [        nan,        nan,        nan,        nan,        nan,        nan,
          nan,        nan,        nan,        nan,        nan,        nan,
          nan,        nan,        nan,        nan,        nan,        nan,
          nan,        nan,        nan]]
measureGC
[  1.00000000e+00,  1.03000000e-01,  1.20000000e-02,  7.00000000e-03,
   6.75000000e-03,  2.75000000e-03,  1.75000000e-03,  1.25000000e-03,
   1.25000000e-03,  7.50000000e-04]
measureAPL
[ 1.        , 0.66015401, 0.3443393 , 0.26423509, 0.23678978, 0.1612302 ,
  0.11457843, 0.06751563, 0.0384065 , 0.08385699]