PercentOfNodes
[ 0. , 0.1, 0.2, 0.3, 0.4, 0.5, 0.6, 0.7, 0.8, 0.9]

Centrality
Tq
[[ 3.59550275, 3.58773063, 3.58001286, 3.57234092, 3.56468551, 3.55701031,
   3.54928515, 3.54149488, 3.53364282, 3.52574912, 3.51784494, 3.50996487,
   3.50213973, 3.4943917 , 3.48673207, 3.47916139, 3.47167129, 3.46424745,
   3.45687342, 3.44953494, 3.44222439],
 [ 3.66599566, 3.64109641, 3.61197237, 3.57782059, 3.53770176, 3.49150183,
   3.44365213, 3.40380269, 3.37542167, 3.35562969, 3.34061459, 3.32795233,
   3.3166872 , 3.30641143, 3.29691023, 3.28804906, 3.27973378, 3.2718943 ,
   3.26447661, 3.25743842, 3.25074622],
 [ 3.59734039, 3.5719279 , 3.54039903, 3.50135512, 3.45373594, 3.39806076,
   3.33885376, 3.28522369, 3.24434099, 3.21549553, 3.19433245, 3.17754539,
   3.1633589 , 3.1508759 , 3.1396234 , 3.12933183, 3.11983386, 3.11101663,
   3.10279817, 3.09511506, 3.08791568],
 [ 3.27748069, 3.26417823, 3.24781529, 3.22758047, 3.20228151, 3.17039198,
   3.13087133, 3.08660303, 3.04527446, 3.00974206, 2.98006975, 2.9567565 ,
   2.93766199, 2.9212843 , 2.9068151 , 2.89379232, 2.88192663, 2.87102201,
   2.86093731, 2.85156627, 2.84282637],
 [ 2.87007466, 2.86741302, 2.86363234, 2.85825979, 2.8511517 , 2.84284707,
   2.83453441, 2.82866016, 2.82664945, 2.81716477, 2.79422389, 2.7701288 ,
   2.7493315 , 2.73152562, 2.71595656, 2.70206405, 2.68946959, 2.67791575,
   2.66722372, 2.65726703, 2.64795494],
 [ 2.5675891 , 2.56511389, 2.5618992 , 2.55767373, 2.55220067, 2.54538259,
   2.53740163, 2.5289114 , 2.51945199, 2.50235854, 2.47240949, 2.43986215,
   2.41140565, 2.3871625 , 2.36601649, 2.34706708, 2.32972345, 2.31361726,
   2.29852937, 2.28434005, 2.2709927 ],
 [ 2.13128437, 2.12804628, 2.12389273, 2.11859925, 2.11190966, 2.10354222,
   2.09314517, 2.08005906, 2.0627966 , 2.03908946, 2.00840956, 1.97450151,
   1.94211384, 1.91337953, 1.88838956, 1.8665709 , 1.84731122, 1.83012169,
   1.81464516, 1.80062647, 1.78787965],
 [ 1.63431522, 1.63062099, 1.6254681 , 1.61826026, 1.60817263, 1.59413382,
   1.57492126, 1.54950895, 1.51780105, 1.48154953, 1.44441196, 1.41017234,
   1.38074295, 1.35613201, 1.33553397, 1.3180826 , 1.30308788, 1.29004292,
   1.27857777, 1.26841686, 1.25934948],
 [ 1.20335455, 1.19738483, 1.19008333, 1.18110316, 1.17002317, 1.15635686,
   1.13959593, 1.1193218 , 1.09541249, 1.0683067 , 1.03915999, 1.00967962,
   0.98161222, 0.95618071, 0.93386736, 0.91459382, 0.89801832, 0.88373916,
   0.87138362, 0.86063326, 0.85122458],
 [ 0.72416371, 0.72135298, 0.71807418, 0.71423553, 0.70973214, 0.7044492 ,
   0.69826999, 0.69109195, 0.68285437, 0.67357904, 0.66341671, 0.65267517,
   0.64179248, 0.63124065, 0.62140453, 0.61250801, 0.60461577, 0.5976819 ,
   0.59160484, 0.58626726, 0.58155782]]
measureGC
[ 1.    , 0.9   , 0.8   , 0.7   , 0.599 , 0.492 , 0.3662, 0.1   , 0.0162,
  0.0032]
measureAPL
[ 1.        , 1.08030181, 1.24638559, 1.46026511, 1.83008139, 2.55384114,
  4.58256549, 5.51986661, 1.79223218, 0.47088167]