PercentOfNodes
[ 0. , 0.1, 0.2, 0.3, 0.4, 0.5, 0.6, 0.7, 0.8, 0.9]

Centrality
Tq
[[ 3.50502569, 3.51362407, 3.522791  , 3.53201237, 3.54110886, 3.55089179,
   3.56328412, 3.58112216, 3.60745968, 3.62014229, 3.51052195, 3.12743552,
   2.67117693, 2.30817214, 2.07911341, 1.92915266, 1.82273266, 1.74271017,
   1.68010845, 1.62972436, 1.58829248],
 [ 2.69691918, 2.7022128 , 2.70840446, 2.71553106, 2.72365886, 2.7333197 ,
   2.74593807, 2.76277854, 2.78237475, 2.79283664, 2.73555854, 2.59372114,
   2.43854691, 2.29535026, 2.16915063, 2.06337171, 1.97806244, 1.910208  ,
   1.85600763, 1.81216279, 1.77615691],
 [ 1.99051431, 1.99388708, 1.99712971, 1.99996531, 2.0019057 , 2.00210457,
   1.99913877, 1.99072038, 1.97347736, 1.94368498, 1.90043358, 1.84807134,
   1.79285471, 1.73915217, 1.68928157, 1.64439263, 1.60490421, 1.57070012,
   1.54131624, 1.51613448, 1.49452445],
 [ 1.48849758, 1.48600908, 1.48281555, 1.47864874, 1.47309726, 1.46551674,
   1.45488834, 1.43960284, 1.41720156, 1.38447013, 1.33884937, 1.28061385,
   1.21219396, 1.13793524, 1.06742343, 1.00899167, 0.96370814, 0.92899131,
   0.90203258, 0.88068613, 0.86344347],
 [ 0.88093673, 0.8781953 , 0.87476069, 0.8704471 , 0.86501932, 0.85818633,
   0.84960285, 0.8388893 , 0.82568617, 0.80976005, 0.79116287, 0.77039741,
   0.74847656, 0.72675485, 0.70653311, 0.68865978, 0.67341034, 0.66064654,
   0.65004106, 0.64122956, 0.63388055],
 [        nan,        nan,        nan,        nan,        nan,        nan,
          nan,        nan,        nan,        nan,        nan,        nan,
          nan,        nan,        nan,        nan,        nan,        nan,
          nan,        nan,        nan],
 [        nan,        nan,        nan,        nan,        nan,        nan,
          nan,        nan,        nan,        nan,        nan,        nan,
          nan,        nan,        nan,        nan,        nan,        nan,
          nan,        nan,        nan],
 [        nan,        nan,        nan,        nan,        nan,        nan,
          nan,        nan,        nan,        nan,        nan,        nan,
          nan,        nan,        nan,        nan,        nan,        nan,
          nan,        nan,        nan],
 [        nan,        nan,        nan,        nan,        nan,        nan,
          nan,        nan,        nan,        nan,        nan,        nan,
          nan,        nan,        nan,        nan,        nan,        nan,
          nan,        nan,        nan],
 [        nan,        nan,        nan,        nan,        nan,        nan,
          nan,        nan,        nan,        nan,        nan,        nan,
          nan,        nan,        nan,        nan,        nan,        nan,
          nan,        nan,        nan]]
measureGC
[  1.00000000e+00,  5.22108844e-01,  2.05102041e-01,  1.32653061e-02,
   3.06122449e-03,  6.80272109e-04,  6.80272109e-04,  3.40136054e-04,
   3.40136054e-04,  3.40136054e-04]
measureAPL
[ 1.        , 1.80381988, 3.89017976, 1.17580736, 0.34541661, 0.10250776,
  0.20501553, 0.20501553, 0.20501553, 0.20501553]