PercentOfNodes
[ 0. , 0.1, 0.2, 0.3, 0.4, 0.5, 0.6, 0.7, 0.8, 0.9]

RandomAttack
Tq
[[ 3.73485107, 3.71734954, 3.69660938, 3.67186229, 3.64206974, 3.60566307,
   3.56000632, 3.50160746, 3.43105089, 3.35812334, 3.29423756, 3.24172271,
   3.19766545, 3.15936224, 3.12496086, 3.09322588, 3.06335992, 3.03490396,
   3.00767403, 2.9816949 , 2.95711251],
 [ 3.53753918, 3.53288607, 3.52690941, 3.51869403, 3.50656289, 3.48833492,
   3.46301348, 3.43232183, 3.39699188, 3.34870002, 3.28967364, 3.23542769,
   3.18938538, 3.14944521, 3.11373598, 3.08103241, 3.05056789, 3.0219021 ,
   2.99483431, 2.96932617, 2.94542403],
 [ 3.27706123, 3.28060111, 3.28368098, 3.28647907, 3.28953809, 3.29361018,
   3.29957225, 3.30761796, 3.31273809, 3.30212943, 3.26053784, 3.20940793,
   3.16264194, 3.1210334 , 3.08348574, 3.04910637, 3.01733337, 2.98785974,
   2.9605468 , 2.9353421 , 2.91221266],
 [ 3.26933154, 3.26257123, 3.25426464, 3.24363949, 3.22939024, 3.20969046,
   3.18271789, 3.14706542, 3.09950523, 3.03231438, 2.95067527, 2.87722876,
   2.81821497, 2.76960869, 2.72801926, 2.69142308, 2.65864916, 2.62901744,
   2.60211939, 2.57768519, 2.55550693],
 [ 2.67724744, 2.68687766, 2.69856905, 2.71258454, 2.72887666, 2.74767324,
   2.77147278, 2.80603067, 2.85528891, 2.91707229, 2.92228189, 2.86242913,
   2.80299065, 2.75228109, 2.70866939, 2.67038299, 2.63624536, 2.60553446,
   2.57780507, 2.55275851, 2.5301608 ],
 [ 2.50705366, 2.52196129, 2.53981821, 2.56161975, 2.58860564, 2.6218988 ,
   2.66237393, 2.71188822, 2.76997519, 2.81921214, 2.82133227, 2.78136363,
   2.73181639, 2.68533918, 2.6440305 , 2.60735039, 2.57438044, 2.54440263,
   2.51699879, 2.49198197, 2.46927161],
 [ 2.32109827, 2.33265727, 2.34589794, 2.36131642, 2.37963525, 2.40172802,
   2.42845578, 2.46043421, 2.49593521, 2.52390284, 2.52295927, 2.49079626,
   2.44630194, 2.40190197, 2.36153127, 2.32562343, 2.29364045, 2.26497471,
   2.23918648, 2.2159933 , 2.19519316],
 [ 1.8735756 , 1.8852115 , 1.89885534, 1.91492942, 1.93391942, 1.95635731,
   1.98265621, 2.01246615, 2.04275929, 2.06434239, 2.06429703, 2.04127465,
   2.00618844, 1.96875301, 1.93354472, 1.90189151, 1.87380239, 1.84893614,
   1.82693468, 1.80748321, 1.79029777],
 [ 1.61762718, 1.61363811, 1.60854125, 1.60200462, 1.59359371, 1.58275687,
   1.5688365 , 1.55113865, 1.52909359, 1.5024958 , 1.47173262, 1.43787267,
   1.40252839, 1.36750038, 1.33434585, 1.3040977 , 1.27723026, 1.25378307,
   1.23352377, 1.21608784, 1.20107611],
 [ 0.76394223, 0.76091925, 0.75729081, 0.75297033, 0.74788575, 0.74199935,
   0.73533348, 0.72799706, 0.72020108, 0.71224663, 0.70447542, 0.69719536,
   0.69061451, 0.6848151 , 0.67977284, 0.67539992, 0.67158688, 0.66823047,
   0.66524645, 0.6625718 , 0.66016142]]
measureGC
[ 1.        , 0.89959637, 0.79667003, 0.69374369, 0.58930373, 0.47880928,
  0.36074672, 0.21695257, 0.06306761, 0.00706357]
measureAPL
[   1.        , 591.25150228, 549.82249163, 507.34327273, 464.57558708,
  416.3400572 , 375.60759241, 293.65249169,  81.60914286,   4.31632653]

Degree
Tq
[[ 3.73525335, 3.71767805, 3.69684552, 3.67197731, 3.64202726, 3.6054318 ,
   3.55959748, 3.5011642 , 3.4308369 , 3.3583243 , 3.29469916, 3.24218242,
   3.19800414, 3.1595636 , 3.12504858, 3.09324216, 3.06336399, 3.03497288,
   3.00789698, 2.98215981, 2.95789025],
 [ 3.48727714, 3.47806699, 3.46681662, 3.45309537, 3.43623049, 3.41500904,
   3.38715578, 3.34938712, 3.29975582, 3.2412682 , 3.18382151, 3.13588751,
   3.09795853, 3.06766451, 3.04292915, 3.02230557, 3.00479675, 2.98969983,
   2.97650735, 2.96484523, 2.95443277],
 [ 2.9860008 , 2.98546856, 2.98410018, 2.98191823, 2.979179  , 2.97610416,
   2.97205132, 2.96537071, 2.95345459, 2.92635866, 2.88241832, 2.83754346,
   2.79940685, 2.76814446, 2.74241606, 2.72096581, 2.70282148, 2.68725852,
   2.67374058, 2.66186902, 2.65134436],
 [ 2.48509073, 2.48681657, 2.48854938, 2.49024282, 2.491832  , 2.49317017,
   2.49384651, 2.49280379, 2.48708612, 2.46964938, 2.43535375, 2.39412483,
   2.35649711, 2.32495768, 2.29886355, 2.27707938, 2.25861602, 2.24272171,
   2.22884857, 2.2166006 , 2.20568912],
 [ 1.02792457, 1.02931758, 1.03082611, 1.03247212, 1.03427699, 1.03623595,
   1.03825008, 1.03999746, 1.04078724, 1.03957849, 1.03537648, 1.02784973,
   1.01759823, 1.00580846, 0.99367264, 0.9820332 , 0.97133887, 0.96175289,
   0.95327421, 0.94582273, 0.93928849],
 [ 0.5697525 , 0.56890021, 0.56776033, 0.56625147, 0.56427831, 0.56173641,
   0.55852351, 0.55455946, 0.54981487, 0.54434257, 0.53829891, 0.53193907,
   0.52557923, 0.51953558, 0.51406328, 0.50931869, 0.50535464, 0.50214174,
   0.49959984, 0.49762668, 0.49611782],
 [        nan,        nan,        nan,        nan,        nan,        nan,
          nan,        nan,        nan,        nan,        nan,        nan,
          nan,        nan,        nan,        nan,        nan,        nan,
          nan,        nan,        nan],
 [        nan,        nan,        nan,        nan,        nan,        nan,
          nan,        nan,        nan,        nan,        nan,        nan,
          nan,        nan,        nan,        nan,        nan,        nan,
          nan,        nan,        nan],
 [        nan,        nan,        nan,        nan,        nan,        nan,
          nan,        nan,        nan,        nan,        nan,        nan,
          nan,        nan,        nan,        nan,        nan,        nan,
          nan,        nan,        nan],
 [        nan,        nan,        nan,        nan,        nan,        nan,
          nan,        nan,        nan,        nan,        nan,        nan,
          nan,        nan,        nan,        nan,        nan,        nan,
          nan,        nan,        nan]]
measureGC
[  1.00000000e+00,  8.95055499e-01,  7.86074672e-01,  6.31685166e-01,
   3.68314834e-02,  2.52270434e-03,  1.00908174e-03,  5.04540868e-04,
   5.04540868e-04,  5.04540868e-04]
measureAPL
[  1.00000000e+00,  5.85158540e+02,  6.48116576e+02,  8.22927017e+02,
   5.79469178e+01,  5.00000000e-01,  6.25000000e-02,  0.00000000e+00,
   0.00000000e+00,  0.00000000e+00]

Centrality
Tq
[[ 3.69874555, 3.69126709, 3.68265732, 3.67290617, 3.6620398 , 3.64981845,
   3.6346961 , 3.61297509, 3.58250208, 3.54248896, 3.49582688, 3.45141471,
   3.41191232, 3.37662024, 3.34441024, 3.31434002, 3.28573369, 3.25818256,
   3.23153354, 3.20585229, 3.18134521],
 [ 3.70470958, 3.68343254, 3.6597022 , 3.63364366, 3.6056016 , 3.57604141,
   3.54535784, 3.51376391, 3.48137384, 3.44837874, 3.41513908, 3.38212336,
   3.34975378, 3.31827881, 3.28774894, 3.25808584, 3.22919051, 3.20104067,
   3.17374347, 3.14752535, 3.12266649],
 [ 3.55254351, 3.53636601, 3.51905778, 3.50063872, 3.48112556, 3.4605164 ,
   3.43877919, 3.41585365, 3.39167401, 3.36621139, 3.33952213, 3.31177902,
   3.28326382, 3.25431954, 3.22528954, 3.19648042, 3.16816398, 3.14060115,
   3.11405777, 3.08879454, 3.06503618],
 [ 3.47654943, 3.4594912 , 3.44124517, 3.42193704, 3.40171711, 3.38072132,
   3.35902833, 3.33663225, 3.31344746, 3.28934895, 3.26423474, 3.23808583,
   3.21099835, 3.18317474, 3.15488547, 3.1264321 , 3.09813437, 3.07033474,
   3.04339429, 3.01766346, 2.99343696],
 [ 3.38615776, 3.36979539, 3.35231762, 3.33386463, 3.31460003, 3.29466563,
   3.27413246, 3.25296989, 3.23105005, 3.20818869, 3.1842075 , 3.15899503,
   3.132545  , 3.1049626 , 3.07644895, 3.04728803, 3.01785019, 2.98859618,
   2.96004916, 2.93272417, 2.90704352],
 [ 3.26995632, 3.25477644, 3.23874754, 3.22200705, 3.20468242, 3.1868499 ,
   3.16850434, 3.14955079, 3.12981847, 3.10909092, 3.08714441, 3.06378985,
   3.03891664, 3.01253788, 2.98483244, 2.95617074, 2.92710208, 2.89828668,
   2.87038413, 2.84394184, 2.81932837],
 [ 3.17500205, 3.16068946, 3.14509755, 3.12825376, 3.11023938, 3.09117096,
   3.07116151, 3.0502786 , 3.02852009, 3.00581518, 2.9820426 , 2.95705588,
   2.93071684, 2.90295066, 2.87383284, 2.8436859 , 2.81311815, 2.78293828,
   2.75396458, 2.72683718, 2.70192852],
 [ 3.01623426, 3.00378993, 2.98992108, 2.97455201, 2.95767712, 2.93938971,
   2.91988063, 2.8993884 , 2.87811103, 2.85611632, 2.83328758, 2.80932183,
   2.78378522, 2.75623716, 2.72643669, 2.69459131, 2.66149666, 2.62838999,
   2.59655512, 2.56695295, 2.54008539],
 [ 2.89302735, 2.8782689 , 2.86070692, 2.83982496, 2.81541508, 2.78783334,
   2.75797316, 2.72709501, 2.69689392, 2.66845169, 2.64104917, 2.61326175,
   2.58388557, 2.55214969, 2.517893  , 2.48176573, 2.4451633 , 2.40974437,
   2.37684113, 2.34717163, 2.32090215],
 [ 2.49127297, 2.48211742, 2.47119814, 2.45818077, 2.44277236, 2.42480493,
   2.40427095, 2.38126113, 2.35595827, 2.32880321, 2.30038301, 2.27093233,
   2.24013662, 2.20740921, 2.17236286, 2.13531777, 2.0975639 , 2.06097204,
   2.02716687, 1.99701569, 1.97067827]]
measureGC
[ 1.        , 0.90010091, 0.80020182, 0.70030272, 0.60040363, 0.50050454,
  0.40060545, 0.30070636, 0.20080727, 0.10090817]
measureAPL
[   1.        , 483.1134389 , 423.79342686, 367.59275937, 313.55987395,
  259.86668347, 207.46536524, 154.91736577, 102.94158291,  51.649375  ]

Genetic
Tq
[[ 3.64564577, 3.6229109 , 3.59583275, 3.56326776, 3.52369221, 3.4750108 ,
   3.41420176, 3.33765853, 3.24686961, 3.15744219, 3.08559841, 3.0297949 ,
   2.98410233, 2.94489674, 2.91002072, 2.8780909 , 2.84821412, 2.81986004,
   2.79279018, 2.76699044, 2.74258314],
 [ 3.63708913, 3.62378148, 3.60729715, 3.58719209, 3.56302249, 3.53430545,
   3.50011011, 3.45774612, 3.40374444, 3.34185421, 3.28248304, 3.2310904 ,
   3.18702338, 3.14838018, 3.11357446, 3.08145   , 3.05122847, 3.02246412,
   2.99499552, 2.96887116, 2.94424823],
 [ 3.5058106 , 3.50146569, 3.49529475, 3.48625747, 3.473131  , 3.45489941,
   3.43097433, 3.40051025, 3.36083495, 3.31039431, 3.2559594 , 3.20564049,
   3.16131676, 3.12189489, 3.08603405, 3.05269532, 3.02118639, 2.99114787,
   2.96251028, 2.93540396, 2.91003516],
 [ 3.1852792 , 3.18631887, 3.18713173, 3.18746584, 3.186912  , 3.18466344,
   3.17972261, 3.17211904, 3.16042273, 3.13384919, 3.08407865, 3.02767836,
   2.97690913, 2.93247727, 2.89282507, 2.85660018, 2.82296061, 2.79151126,
   2.76216257, 2.73497209, 2.71001253],
 [ 3.02613803, 3.02627089, 3.02545192, 3.02346902, 3.02036119, 3.01645183,
   3.01193811, 3.00550383, 2.99342111, 2.96811883, 2.91897083, 2.8579419 ,
   2.80072139, 2.7506511 , 2.70672056, 2.6675475 , 2.63215867, 2.59998804,
   2.5707308 , 2.54420413, 2.52025404],
 [ 2.85087608, 2.84493189, 2.83752675, 2.82810911, 2.81596576, 2.80025519,
   2.7798878 , 2.75287235, 2.71547854, 2.66282811, 2.59526095, 2.52606035,
   2.4646128 , 2.411616  , 2.36556498, 2.32505766, 2.28910505, 2.25704809,
   2.22843205, 2.2029066 , 2.18016463],
 [ 2.44886832, 2.45531713, 2.46230189, 2.46983824, 2.47795392, 2.48666435,
   2.49577204, 2.50448129, 2.51030368, 2.50579274, 2.4800412 , 2.43557678,
   2.38614054, 2.33935908, 2.2970416 , 2.25911047, 2.22515372, 2.19481024,
   2.1677917 , 2.14382893, 2.12263832],
 [ 1.89750292, 1.90318058, 1.9094622 , 1.91643249, 1.92418469, 1.93280121,
   1.94228   , 1.95228794, 1.96143021, 1.96573314, 1.95845794, 1.93637677,
   1.90447659, 1.86967508, 1.83598716, 1.80503903, 1.77734824, 1.75294592,
   1.73162544, 1.71306726, 1.69691632],
 [ 1.49321827, 1.49308638, 1.49234436, 1.4907239 , 1.48783507, 1.48311179,
   1.47575119, 1.46468297, 1.4486625 , 1.42663894, 1.39844111, 1.36535341,
   1.32984382, 1.29451095, 1.26124713, 1.23110774, 1.20451694, 1.18146963,
   1.16169379, 1.14478893, 1.13032676],
 [ 0.71743751, 0.7160525 , 0.71419788, 0.71175102, 0.70857289, 0.70451743,
   0.69944963, 0.69327363, 0.68596872, 0.67762685, 0.66848296, 0.65892673,
   0.64947255, 0.64065985, 0.63290693, 0.62641011, 0.62115288, 0.61698926,
   0.61372852, 0.61118639, 0.60920592]]
measureGC
[ 1.        , 0.89858729, 0.79818365, 0.69525732, 0.58425832, 0.46972755,
  0.35368315, 0.20686176, 0.06004036, 0.00403633]
measureAPL
[   1.        , 588.69976739, 550.04189995, 514.86097864, 465.2578337 ,
  425.13702624, 369.9227634 , 314.22090592,  83.99759904,   1.41071429]

Simulated
Tq
[[ 3.70699764, 3.69931876, 3.69042412, 3.68024289, 3.66871357, 3.65550081,
   3.63900611, 3.61564724, 3.58354926, 3.54244988, 3.49542066, 3.45089741,
   3.41133105, 3.37594138, 3.34356392, 3.31324579, 3.28432131, 3.2564103 ,
   3.22940069, 3.20340003, 3.17864464],
 [ 3.59437688, 3.58875612, 3.58103068, 3.56995796, 3.55393956, 3.53163254,
   3.50260919, 3.46690809, 3.42222061, 3.36532346, 3.30453236, 3.25040217,
   3.20412917, 3.16378526, 3.12776805, 3.09502918, 3.06489532, 3.03693949,
   3.01090494, 2.98665298, 2.96411774],
 [ 3.41808374, 3.40526291, 3.38928115, 3.36943011, 3.34483283, 3.31426017,
   3.27559775, 3.22475545, 3.15692732, 3.07524684, 2.99661035, 2.93219354,
   2.87961395, 2.83514425, 2.79643608, 2.76208212, 2.73121453, 2.70327642,
   2.67789301, 2.65479552, 2.63377458],
 [ 3.19767333, 3.19047092, 3.18137768, 3.16965184, 3.15444549, 3.13483407,
   3.10958951, 3.07626545, 3.03050856, 2.96909431, 2.89769492, 2.83071628,
   2.77373608, 2.72554495, 2.68398328, 2.64747024, 2.61499952, 2.58591375,
   2.5597429 , 2.53612304, 2.51476121],
 [ 2.74408829, 2.75024817, 2.75703438, 2.76446083, 2.77276043, 2.78256521,
   2.79456841, 2.8081394 , 2.8190932 , 2.81322361, 2.77421147, 2.71745466,
   2.66166272, 2.61170039, 2.56732138, 2.5275212 , 2.4915446 , 2.45895352,
   2.42949615, 2.40298808, 2.379245  ],
 [ 2.31023654, 2.31950797, 2.33015055, 2.34245732, 2.356866  , 2.37403375,
   2.39470062, 2.41923712, 2.44583514, 2.46375118, 2.45200391, 2.41088206,
   2.36012939, 2.30996943, 2.26288567, 2.21927404, 2.17922097, 2.14281768,
   2.11012803, 2.08111385, 2.05559626],
 [ 1.76187152, 1.77031604, 1.78005054, 1.7913345 , 1.80447665, 1.81979268,
   1.83743189, 1.85686894, 1.87575386, 1.88830936, 1.88621912, 1.86606922,
   1.83404571, 1.79876847, 1.76519232, 1.7349848 , 1.70832538, 1.68492129,
   1.66439182, 1.64637854, 1.63056298],
 [ 1.0458568 , 1.04527694, 1.04418099, 1.04235825, 1.03951719, 1.03526457,
   1.02909471, 1.02040794, 1.00857608, 0.99304375, 0.97345175, 0.94986646,
   0.92315852, 0.89518231, 0.86824552, 0.84412234, 0.82355395, 0.80647233,
   0.79243125, 0.78089752, 0.77138072],
 [ 0.75943678, 0.75600296, 0.7519081 , 0.74697073, 0.74094939, 0.73352368,
   0.72427577, 0.71268762, 0.69819504, 0.68038032, 0.65937665, 0.63631935,
   0.61326206, 0.59225838, 0.57444367, 0.55995108, 0.54836293, 0.53911502,
   0.53168931, 0.52566798, 0.5207306 ],
 [        nan,        nan,        nan,        nan,        nan,        nan,
          nan,        nan,        nan,        nan,        nan,        nan,
          nan,        nan,        nan,        nan,        nan,        nan,
          nan,        nan,        nan]]
measureGC
[ 1.        , 0.89858729, 0.79414733, 0.68567104, 0.56004036, 0.40968718,
  0.24419778, 0.01160444, 0.0025227 , 0.00151362]
measureAPL
[  1.00000000e+00,  5.28504281e+02,  5.07121982e+02,  4.90796450e+02,
   4.66508896e+02,  4.27316656e+02,  4.01264979e+02,  6.65217391e+00,
   4.50000000e-01,  1.66666667e-01]