PercentOfNodes
[ 0. , 0.1, 0.2, 0.3, 0.4, 0.5, 0.6, 0.7, 0.8, 0.9]

Centrality
Tq
[[ 3.14960204, 3.16220719, 3.17710922, 3.19426868, 3.21335374, 3.23479159,
   3.26087825, 3.29270967, 3.32590547, 3.37999633, 3.42709003, 3.09286679,
   2.73481105, 2.31795432, 1.98413783, 1.77940392, 1.64510162, 1.54952212,
   1.47737748, 1.42069068, 1.3748807 ],
 [ 2.25167206, 2.26417848, 2.27923878, 2.29756246, 2.32016   , 2.34893197,
   2.38726569, 2.44027379, 2.51689064, 2.61658031, 2.6394372 , 2.53663466,
   2.41459651, 2.29460932, 2.1818655 , 2.08621519, 2.01015306, 1.95025742,
   1.90248047, 1.86368799, 1.8316503 ],
 [ 1.44813427, 1.44283975, 1.43644293, 1.42860378, 1.4187962 , 1.40616012,
   1.38926374, 1.36580395, 1.33227251, 1.28353221, 1.21342212, 1.12177951,
   1.01713373, 0.90139214, 0.81023583, 0.7513743 , 0.71209594, 0.68435413,
   0.66382392, 0.64804774, 0.63554628],
 [ 0.91464891, 0.91665021, 0.91875919, 0.92091126, 0.92297505, 0.92470534,
   0.92566965, 0.92514117, 0.92197327, 0.91457049, 0.90124642, 0.88116582,
   0.85536912, 0.82681674, 0.79900823, 0.77431718, 0.75354331, 0.73648945,
   0.72259173, 0.71125088, 0.70194829],
 [        nan,        nan,        nan,        nan,        nan,        nan,
          nan,        nan,        nan,        nan,        nan,        nan,
          nan,        nan,        nan,        nan,        nan,        nan,
          nan,        nan,        nan],
 [        nan,        nan,        nan,        nan,        nan,        nan,
          nan,        nan,        nan,        nan,        nan,        nan,
          nan,        nan,        nan,        nan,        nan,        nan,
          nan,        nan,        nan],
 [        nan,        nan,        nan,        nan,        nan,        nan,
          nan,        nan,        nan,        nan,        nan,        nan,
          nan,        nan,        nan,        nan,        nan,        nan,
          nan,        nan,        nan],
 [        nan,        nan,        nan,        nan,        nan,        nan,
          nan,        nan,        nan,        nan,        nan,        nan,
          nan,        nan,        nan,        nan,        nan,        nan,
          nan,        nan,        nan],
 [        nan,        nan,        nan,        nan,        nan,        nan,
          nan,        nan,        nan,        nan,        nan,        nan,
          nan,        nan,        nan,        nan,        nan,        nan,
          nan,        nan,        nan],
 [        nan,        nan,        nan,        nan,        nan,        nan,
          nan,        nan,        nan,        nan,        nan,        nan,
          nan,        nan,        nan,        nan,        nan,        nan,
          nan,        nan,        nan]]
measureGC
[  1.00000000e+00,  4.31461811e-01,  1.94739504e-02,  2.52908447e-03,
   5.05816894e-04,  2.52908447e-04,  2.52908447e-04,  2.52908447e-04,
   2.52908447e-04,  2.52908447e-04]
measureAPL
[ 1.        , 1.93874087, 1.57834893, 0.34273712, 0.04580218, 0.18655382,
  0.18655382, 0.18655382, 0.18655382, 0.18655382]