PercentOfNodes
[ 0. , 0.1, 0.2, 0.3, 0.4, 0.5, 0.6, 0.7, 0.8, 0.9]

RandomAttack
Tq
[[ 2.95416057, 2.96422333, 2.9755962 , 2.98841207, 3.00291998, 3.01929463,
   3.03678992, 3.05245999, 3.05824798, 3.03663927, 2.95817132, 2.79420614,
   2.56344437, 2.30782905, 2.06945883, 1.89973951, 1.7823388 , 1.69768446,
   1.63401883, 1.58449564, 1.54492818],
 [ 2.60793253, 2.62057963, 2.63542036, 2.65303931, 2.67403517, 2.6990396 ,
   2.72908296, 2.76560141, 2.80738396, 2.84417047, 2.83074691, 2.69456556,
   2.46381736, 2.19090244, 1.94746184, 1.78235551, 1.66964035, 1.58894235,
   1.52866177, 1.48202566, 1.44489902],
 [ 2.75221579, 2.75448703, 2.75701737, 2.75969862, 2.76222149, 2.76409607,
   2.7646847 , 2.76217563, 2.75007211, 2.71126434, 2.61404861, 2.43385935,
   2.20598894, 1.95491709, 1.73697875, 1.58915765, 1.48795989, 1.41525398,
   1.3607555 , 1.31846085, 1.28469013],
 [ 2.76038474, 2.76376954, 2.76762213, 2.77200499, 2.77683297, 2.78170944,
   2.78590681, 2.78848559, 2.78640517, 2.76546138, 2.69091213, 2.52998756,
   2.31287458, 2.04965784, 1.81633678, 1.65867432, 1.55154567, 1.47509676,
   1.41808816, 1.37402369, 1.33896185],
 [ 2.53480427, 2.54359769, 2.55350075, 2.56478113, 2.57771789, 2.59252762,
   2.60931841, 2.62835398, 2.65089371, 2.67690232, 2.67745816, 2.57705272,
   2.36506231, 2.05703843, 1.81644026, 1.66347903, 1.56086121, 1.48786927,
   1.43347162, 1.39149214, 1.35820679],
 [ 2.25317617, 2.2700953 , 2.28959907, 2.31213171, 2.33826029, 2.36888429,
   2.4057711 , 2.45247359, 2.51411339, 2.58765261, 2.63685627, 2.59592816,
   2.43981592, 2.18287301, 1.96921267, 1.82451883, 1.72488826, 1.65369587,
   1.6008248 , 1.5602296 , 1.52818938],
 [ 2.26095779, 2.26119269, 2.26106069, 2.26034346, 2.25874726, 2.2558956 ,
   2.25130079, 2.24420113, 2.23255689, 2.20826248, 2.14935778, 2.0341001 ,
   1.86355864, 1.64647541, 1.48456291, 1.37886727, 1.30581408, 1.25270426,
   1.21250943, 1.18109377, 1.15590439],
 [ 1.97860787, 1.98322468, 1.98814531, 1.99340466, 1.99909908, 2.00545426,
   2.01293461, 2.02229617, 2.03368481, 2.04118572, 2.02308735, 1.95332576,
   1.81627975, 1.62647209, 1.47883502, 1.38013935, 1.31146376, 1.26152781,
   1.22386237, 1.19457743, 1.17123201],
 [ 1.06289435, 1.06179851, 1.0603138 , 1.05830551, 1.05558112, 1.05185339,
   1.04667306, 1.03931309, 1.02861633, 1.01299101, 0.9911946 , 0.96449548,
   0.93779637, 0.91599996, 0.90037464, 0.88967788, 0.88231791, 0.87713758,
   0.87340985, 0.87068546, 0.86867717],
 [        nan,        nan,        nan,        nan,        nan,        nan,
          nan,        nan,        nan,        nan,        nan,        nan,
          nan,        nan,        nan,        nan,        nan,        nan,
          nan,        nan,        nan]]
measureGC
[ 1.    , 0.3745, 0.2895, 0.2175, 0.0995, 0.0735, 0.0405, 0.0265, 0.003 ,
  0.001 ]
measureAPL
[  1.00000000e+00,  1.31788218e+02,  9.37795769e+01,  6.47353448e+01,
   2.39874372e+01,  1.66505102e+01,  8.16512346e+00,  5.08490566e+00,
   2.91666667e-01,  3.12500000e-02]

Degree
Tq
[[ 2.99579426, 3.00130243, 3.00731854, 3.01377026, 3.02061077, 3.02760216,
   3.03352171, 3.03499609, 3.02387618, 2.98345968, 2.88677452, 2.7101807 ,
   2.47608416, 2.2272132 , 2.00031478, 1.83831588, 1.72574223, 1.64422708,
   1.58270642, 1.53471757, 1.49628644],
 [ 0.81950525, 0.8161974 , 0.81223431, 0.80746425, 0.8017062 , 0.79475239,
   0.78637953, 0.77637534, 0.76458963, 0.75101778, 0.73590524, 0.71981884,
   0.70360852, 0.68821387, 0.67436255, 0.66238075, 0.65225006, 0.64377254,
   0.63669711, 0.6307818 , 0.6258161 ],
 [        nan,        nan,        nan,        nan,        nan,        nan,
          nan,        nan,        nan,        nan,        nan,        nan,
          nan,        nan,        nan,        nan,        nan,        nan,
          nan,        nan,        nan],
 [        nan,        nan,        nan,        nan,        nan,        nan,
          nan,        nan,        nan,        nan,        nan,        nan,
          nan,        nan,        nan,        nan,        nan,        nan,
          nan,        nan,        nan],
 [        nan,        nan,        nan,        nan,        nan,        nan,
          nan,        nan,        nan,        nan,        nan,        nan,
          nan,        nan,        nan,        nan,        nan,        nan,
          nan,        nan,        nan],
 [        nan,        nan,        nan,        nan,        nan,        nan,
          nan,        nan,        nan,        nan,        nan,        nan,
          nan,        nan,        nan,        nan,        nan,        nan,
          nan,        nan,        nan],
 [        nan,        nan,        nan,        nan,        nan,        nan,
          nan,        nan,        nan,        nan,        nan,        nan,
          nan,        nan,        nan,        nan,        nan,        nan,
          nan,        nan,        nan],
 [        nan,        nan,        nan,        nan,        nan,        nan,
          nan,        nan,        nan,        nan,        nan,        nan,
          nan,        nan,        nan,        nan,        nan,        nan,
          nan,        nan,        nan],
 [        nan,        nan,        nan,        nan,        nan,        nan,
          nan,        nan,        nan,        nan,        nan,        nan,
          nan,        nan,        nan,        nan,        nan,        nan,
          nan,        nan,        nan],
 [        nan,        nan,        nan,        nan,        nan,        nan,
          nan,        nan,        nan,        nan,        nan,        nan,
          nan,        nan,        nan,        nan,        nan,        nan,
          nan,        nan,        nan]]
measureGC
[  1.00000000e+00,  4.00000000e-03,  1.00000000e-03,  5.00000000e-04,
   5.00000000e-04,  5.00000000e-04,  5.00000000e-04,  5.00000000e-04,
   5.00000000e-04,  5.00000000e-04]
measureAPL
[ 1.        , 0.52941176, 0.02941176, 0.        , 0.        , 0.        ,
  0.        , 0.        , 0.        , 0.        ]

Centrality
Tq
[[ 2.98288493, 2.98900229, 2.99575738, 3.0031146 , 3.0110916 , 3.01954069,
   3.02729392, 3.03089876, 3.02179599, 2.98264909, 2.88646865, 2.71009422,
   2.47550143, 2.22398375, 1.99290482, 1.82818456, 1.71391016, 1.63124   ,
   1.56889151, 1.5202889 , 1.48139089],
 [ 3.02535658, 3.04380247, 3.06504952, 3.08940117, 3.11706226, 3.14809032,
   3.18225358, 3.2186085 , 3.25472476, 3.28416643, 3.28622458, 3.21281233,
   3.03319091, 2.76779403, 2.49396523, 2.29733733, 2.16261833, 2.0666137 ,
   1.99527832, 1.9404508 , 1.89715246],
 [ 3.0403731 , 3.05470774, 3.07118976, 3.09034966, 3.11288389, 3.13966953,
   3.17171718, 3.21000965, 3.25512106, 3.30562507, 3.34985765, 3.3430883 ,
   3.22176197, 2.95949891, 2.66478473, 2.45660205, 2.31669258, 2.21866647,
   2.14692009, 2.09250862, 2.05004959],
 [ 3.30045246, 3.31113889, 3.32300961, 3.33621019, 3.35090533, 3.36727757,
   3.38550203, 3.40562346, 3.4270263 , 3.44609944, 3.44773844, 3.3915383 ,
   3.23325883, 2.94701131, 2.63958301, 2.42525203, 2.28150355, 2.18067801,
   2.10673729, 2.05053286, 2.00655601],
 [ 2.98966268, 3.00215117, 3.01667474, 3.0338123 , 3.05437181, 3.07950071,
   3.11085649, 3.15086122, 3.20298928, 3.27146192, 3.35636506, 3.42809798,
   3.39038845, 3.13191183, 2.81809963, 2.60347485, 2.46334711, 2.36754875,
   2.29890389, 2.24777325, 2.20847886],
 [ 3.6219082 , 3.62279342, 3.62327649, 3.62302129, 3.6215105 , 3.61796356,
   3.6111902 , 3.59926801, 3.57874629, 3.54262164, 3.47573137, 3.35088493,
   3.14273938, 2.8098798 , 2.49160921, 2.27833338, 2.13511367, 2.03363038,
   1.95828768, 1.9002995 , 1.8543899 ],
 [ 3.67689349, 3.67621379, 3.67521887, 3.67376532, 3.67161782, 3.66837417,
   3.66331512, 3.6550798 , 3.64089056, 3.614513  , 3.56101503, 3.45096778,
   3.24401892, 2.86509921, 2.51352679, 2.28552943, 2.13516842, 2.0302244 ,
   1.95335642, 1.89483968, 1.8488851 ],
 [ 3.63321983, 3.63118287, 3.62844109, 3.62474084, 3.61969761, 3.61269553,
   3.60268247, 3.58772698, 3.56400311, 3.52337844, 3.44875693, 3.31719475,
   3.09308368, 2.67404771, 2.30855391, 2.07746034, 1.92544835, 1.81923758,
   1.74140555, 1.68219882, 1.63579346],
 [ 3.95616309, 3.95476743, 3.95305912, 3.95094109, 3.94827026, 3.94482285,
   3.94021916, 3.93373979, 3.92382202, 3.9065858 , 3.87239844, 3.80368593,
   3.60151189, 3.0683149 , 2.62642546, 2.36337678, 2.19711255, 2.08369948,
   2.00168351, 1.93967525, 1.89114502],
 [ 4.07148529, 4.07733935, 4.08383488, 4.09106341, 4.09913775, 4.10820197,
   4.11844121, 4.1300716 , 4.14323212, 4.15748417, 4.16938437, 4.15261211,
   3.85397063, 3.03297055, 2.5106945 , 2.23827343, 2.07653425, 1.97074694,
   1.89697622, 1.84309469, 1.80228636]]
measureGC
[ 1. , 0.9, 0.8, 0.7, 0.6, 0.5, 0.4, 0.3, 0.2, 0.1]
measureAPL
[   1.        , 399.43559259, 327.04304167, 265.0757619 , 211.14788889,
  161.9128    , 118.20033333,  79.13933333,  44.757     ,  17.87666667]

Genetic
Tq
[[ 3.00011221, 3.00534207, 3.0110343 , 3.0171024 , 3.02347031, 3.02986288,
   3.03503297, 3.03561372, 3.02363024, 2.98275561, 2.8862273 , 2.71045606,
   2.4768578 , 2.22488622, 1.99292465, 1.82772415, 1.71311484, 1.6302044 ,
   1.56768244, 1.51895004, 1.47995119],
 [ 2.52232594, 2.53737218, 2.55509624, 2.57601629, 2.60067287, 2.62989107,
   2.66490406, 2.70529791, 2.74373255, 2.76120509, 2.72175635, 2.58510053,
   2.36236894, 2.10487699, 1.88585923, 1.73866829, 1.63752081, 1.5644373 ,
   1.50936982, 1.46644299, 1.43205461],
 [ 2.38248295, 2.39489191, 2.40900307, 2.42520269, 2.444279  , 2.46767774,
   2.49751128, 2.53586958, 2.58541426, 2.64911157, 2.67264655, 2.55653717,
   2.32963849, 2.05746923, 1.83403601, 1.68701581, 1.58611721, 1.51326605,
   1.4585175 , 1.41598801, 1.38201584],
 [ 2.04218499, 2.05903351, 2.07898659, 2.10296922, 2.1323897 , 2.16938995,
   2.21695342, 2.27891259, 2.36226819, 2.47499916, 2.56294571, 2.50644183,
   2.32396167, 2.09447524, 1.90048654, 1.76734005, 1.67434816, 1.60670369,
   1.55561766, 1.51578515, 1.48388434],
 [ 1.75738671, 1.76095229, 1.76459647, 1.76824965, 1.77179631, 1.77507098,
   1.7778989 , 1.78019709, 1.7818058 , 1.7796701 , 1.75817231, 1.69482589,
   1.58183366, 1.43363624, 1.30992792, 1.22467615, 1.16516616, 1.12185187,
   1.08910629, 1.06355438, 1.04309251],
 [ 1.64926778, 1.65257186, 1.65604271, 1.65967254, 1.66342932, 1.66723489,
   1.67094251, 1.67429495, 1.67654947, 1.67423624, 1.65587569, 1.60602671,
   1.5197446 , 1.41099498, 1.31471367, 1.24368222, 1.19213079, 1.15373257,
   1.1242931 , 1.10113677, 1.08251977],
 [ 1.42961281, 1.42816606, 1.42620626, 1.42350996, 1.41975429, 1.41447123,
   1.40695608, 1.39604638, 1.37962987, 1.35410154, 1.31530402, 1.26042643,
   1.18698822, 1.10162518, 1.02455666, 0.96535515, 0.9213481 , 0.88810834,
   0.862383  , 0.8420096 , 0.82554483],
 [ 1.23824945, 1.24315547, 1.24888761, 1.25571404, 1.264044  , 1.27449817,
   1.28794785, 1.3053117 , 1.32648488, 1.34730414, 1.35557906, 1.33583325,
   1.28290661, 1.20928721, 1.13790035, 1.0809494 , 1.03814916, 1.00592177,
   0.98118179, 0.96177808, 0.94626126],
 [ 0.77302171, 0.77264126, 0.77201151, 0.77102956, 0.76955347, 0.76738966,
   0.76428055, 0.75990135, 0.7538909 , 0.74596733, 0.73617558, 0.72516865,
   0.71416171, 0.70436996, 0.69644639, 0.69043594, 0.68605674, 0.68294763,
   0.68078382, 0.67930773, 0.67832578],
 [ 0.59026842, 0.58943636, 0.58834689, 0.58693269, 0.58511504, 0.582807  ,
   0.57992152, 0.57638667, 0.57216954, 0.56730597, 0.56192569, 0.55625537,
   0.55058504, 0.54520477, 0.54034119, 0.53612407, 0.53258921, 0.52970373,
   0.5273957 , 0.52557804, 0.52416384]]
measureGC
[ 1.    , 0.3805, 0.221 , 0.165 , 0.0245, 0.021 , 0.014 , 0.0115, 0.003 ,
  0.003 ]
measureAPL
[   1.        , 136.76200046,  64.53273889,  47.60998217,   5.07082833,
    4.42997199,   2.62815126,   2.12276215,   0.31372549,   0.34313725]

Simulated
Tq
[[ 2.73354078, 2.75510945, 2.78068653, 2.81129107, 2.84827204, 2.8930393 ,
   2.94608645, 3.00566633, 3.06414983, 3.10212962, 3.08264255, 2.9608225 ,
   2.74630474, 2.48848018, 2.23908347, 2.05918191, 1.934606  , 1.84486198,
   1.77750146, 1.72525317, 1.68364567],
 [ 2.11701537, 2.12947037, 2.14390782, 2.16070075, 2.1802329 , 2.20300472,
   2.23011012, 2.26429279, 2.31054147, 2.36614358, 2.38802067, 2.31919367,
   2.15856459, 1.93189852, 1.74632356, 1.6225163 , 1.53709769, 1.47548745,
   1.42931729, 1.39360766, 1.36525796],
 [ 1.30952702, 1.3140431 , 1.31904595, 1.32456228, 1.33058243, 1.33701623,
   1.34359854, 1.34968579, 1.35386046, 1.3533742 , 1.34394476, 1.32104152,
   1.28331107, 1.23587244, 1.18821677, 1.14727373, 1.1147565 , 1.08958757,
   1.07010103, 1.05484645, 1.042728  ],
 [ 1.2012472 , 1.19861205, 1.19532929, 1.19118874, 1.18589142, 1.17900711,
   1.16991789, 1.15775919, 1.14139722, 1.11951182, 1.09085224, 1.05479223,
   1.01254072, 0.9682748 , 0.92734798, 0.8927788 , 0.86478139, 0.84233137,
   0.82423788, 0.80949946, 0.79734935],
 [ 1.15169161, 1.14880531, 1.14525299, 1.14085985, 1.13540081, 1.12858   ,
   1.11999101, 1.10903613, 1.09477587, 1.07573718, 1.04996525, 1.01592416,
   0.97459511, 0.93135015, 0.89301365, 0.86259562, 0.83944529, 0.82182724,
   0.8081989 , 0.79744445, 0.78879641],
 [ 0.91177458, 0.908098  , 0.9037038 , 0.89840583, 0.89195998, 0.8840469 ,
   0.87425481, 0.86207281, 0.84691943, 0.82825079, 0.805799  , 0.77993887,
   0.75202464, 0.72427256, 0.69885713, 0.67695255, 0.65868269, 0.64362622,
   0.6312224 , 0.6209507 , 0.61238039],
 [ 0.88061102, 0.87949119, 0.87795824, 0.87587567, 0.87306232, 0.86928179,
   0.86423575, 0.85757125, 0.84892048, 0.83799677, 0.82475573, 0.80958102,
   0.79338634, 0.7774573 , 0.76297633, 0.75059205, 0.74039361, 0.73214846,
   0.72552255, 0.72019385, 0.71589086],
 [ 1.28374859, 1.27993445, 1.27527907, 1.26947772, 1.2620698 , 1.2523409 ,
   1.23916273, 1.22075725, 1.19445784, 1.1568943 , 1.10580736, 1.04432319,
   0.98283903, 0.93175209, 0.89418855, 0.86788914, 0.84948366, 0.83630549,
   0.82657659, 0.81916867, 0.81336731],
 [ 1.28229413, 1.27833469, 1.27350197, 1.26747961, 1.25978949, 1.24968996,
   1.23600977, 1.21690313, 1.18960183, 1.1506073 , 1.09757419, 1.03374777,
   0.96992135, 0.91688824, 0.87789371, 0.85059242, 0.83148577, 0.81780558,
   0.80770605, 0.80001593, 0.79399357],
 [ 0.40947375, 0.40947375, 0.40947375, 0.40947375, 0.40947375, 0.40947375,
   0.40947375, 0.40947375, 0.40947375, 0.40947375, 0.40947375, 0.40947375,
   0.40947375, 0.40947375, 0.40947375, 0.40947375, 0.40947375, 0.40947375,
   0.40947375, 0.40947375, 0.40947375]]
measureGC
[ 1.    , 0.067 , 0.016 , 0.0095, 0.0065, 0.005 , 0.0045, 0.0025, 0.0025,
  0.0015]
measureAPL
[  1.        , 15.36040386,  3.91911765,  1.85139319,  0.99547511,
   0.72352941,  0.64052288,  0.18823529,  0.18823529,  0.07843137]