PercentOfNodes
[ 0. , 0.1, 0.2, 0.3, 0.4, 0.5, 0.6, 0.7, 0.8, 0.9]

RandomAttack
Tq
[[  5.56828063e+00,  5.56695222e+00,  5.56526755e+00,  5.56312526e+00,
    5.56039126e+00,  5.55688619e+00,  5.55236459e+00,  5.54647258e+00,
    5.53863118e+00,  5.52757104e+00,  5.50843786e+00,  5.44388473e+00,
    4.99741118e+00,  4.04691361e+00,  3.53198119e+00,  3.26560296e+00,
    3.10049030e+00,  2.98599987e+00,  2.90072402e+00,  2.83405254e+00,
    2.78011707e+00],
 [  2.71024749e+00,  2.71036175e+00,  2.71040010e+00,  2.71032260e+00,
    2.71006586e+00,  2.70952483e+00,  2.70851515e+00,  2.70668677e+00,
    2.70329034e+00,  2.69634341e+00,  2.67810258e+00,  2.59801075e+00,
    2.13873834e+00,  1.33290756e+00,  8.95113224e-01,  6.70986364e-01,
    5.36637436e-01,  4.47111755e-01,  3.83173310e-01,  3.35223131e-01,
    2.97931213e-01],
 [  1.16206595e+00,  1.15998530e+00,  1.15743614e+00,  1.15424769e+00,
    1.15015355e+00,  1.14471386e+00,  1.13715079e+00,  1.12597482e+00,
    1.10808371e+00,  1.07655387e+00,  1.01589233e+00,  8.98497585e-01,
    7.13042589e-01,  5.19826341e-01,  3.79805486e-01,  2.90980766e-01,
    2.33867106e-01,  1.95062279e-01,  1.67210056e-01,  1.46297904e-01,
    1.30029968e-01],
 [  7.63054001e-01,  7.59426077e-01,  7.55006175e-01,  7.49505949e-01,
    7.42483319e-01,  7.33236004e-01,  7.20611408e-01,  7.02675714e-01,
    6.76198878e-01,  6.36143065e-01,  5.76328353e-01,  4.94205501e-01,
    3.99219862e-01,  3.10608269e-01,  2.41125991e-01,  1.91272158e-01,
    1.56212199e-01,  1.31157918e-01,  1.12719398e-01,  9.87158282e-02,
    8.77682341e-02],
 [  6.95450089e-01,  6.91413492e-01,  6.86502156e-01,  6.80401536e-01,
    6.72635228e-01,  6.62461177e-01,  6.48698233e-01,  6.29454666e-01,
    6.01786227e-01,  5.61587682e-01,  5.04789558e-01,  4.31465594e-01,
    3.50563186e-01,  2.76226040e-01,  2.17200524e-01,  1.73869878e-01,
    1.42757841e-01,  1.20194225e-01,  1.03435288e-01,  9.06402776e-02,
    8.06093559e-02],
 [  6.12462074e-01,  6.07956426e-01,  6.02479809e-01,  5.95691849e-01,
    5.87088623e-01,  5.75911707e-01,  5.61013479e-01,  5.40687389e-01,
    5.12557075e-01,  4.73858770e-01,  4.22811390e-01,  3.61346191e-01,
    2.96699553e-01,  2.37954909e-01,  1.90422685e-01,  1.54448645e-01,
    1.27867857e-01,  1.08167153e-01,  9.33190943e-02,  8.18794052e-02,
    7.28630759e-02],
 [  4.33253511e-01,  4.27328143e-01,  4.20199808e-01,  4.11509697e-01,
    4.00779624e-01,  3.87388529e-01,  3.70574718e-01,  3.49511614e-01,
    3.23534433e-01,  2.92576228e-01,  2.57694553e-01,  2.21242803e-01,
    1.86226695e-01,  1.55130795e-01,  1.29153788e-01,  1.08290165e-01,
    9.18594746e-02,  7.89839708e-02,  6.88476976e-02,  6.07861574e-02,
    5.42909567e-02],
 [  2.89931915e-01,  2.82871298e-01,  2.74622768e-01,  2.64963860e-01,
    2.53664449e-01,  2.40521572e-01,  2.25418824e-01,  2.08408434e-01,
    1.89794868e-01,  1.70174008e-01,  1.50376409e-01,  1.31304883e-01,
    1.13730397e-01,  9.81462776e-02,  8.47367150e-02,  7.34392489e-02,
    6.40428382e-02,  5.62748152e-02,  4.98585883e-02,  4.45438230e-02,
    4.01178037e-02],
 [  1.54198475e-01,  1.47483871e-01,  1.40211915e-01,  1.32415262e-01,
    1.24161543e-01,  1.15556589e-01,  1.06742253e-01,  9.78874760e-02,
    8.91731070e-02,  8.07732497e-02,  7.28374185e-02,  6.54776393e-02,
    5.87628339e-02,  5.27203784e-02,  4.73428316e-02,  4.25971331e-02,
    3.84339265e-02,  3.47955311e-02,  3.16219546e-02,  2.88549520e-02,
    2.64404517e-02],
 [  3.52772796e-03,  3.45730932e-03,  3.38855010e-03,  3.32141494e-03,
    3.25586879e-03,  3.19187697e-03,  3.12940517e-03,  3.06841951e-03,
    3.00888652e-03,  2.95077319e-03,  2.89404698e-03,  2.83867581e-03,
    2.78462812e-03,  2.73187284e-03,  2.68037940e-03,  2.63011780e-03,
    2.58105851e-03,  2.53317258e-03,  2.48643158e-03,  2.44080762e-03,
    2.39627337e-03]]
measureGC
[ 1.   , 0.864, 0.607, 0.433, 0.353, 0.274, 0.18 , 0.108, 0.053, 0.006]
measureAPL
[ 1.        , 0.99972422, 0.99850092, 0.99876248, 0.99778089, 0.99615569,
  0.9946613 , 0.99235655, 0.98630083, 0.47616513]

Degree
Tq
[[ 5.56851065, 5.56720726, 5.56555241, 5.56344549, 5.56075301, 5.55729562,
   5.55282639, 5.54698613, 5.53918027, 5.52808934, 5.50863415, 5.44178401,
   4.98176972, 4.03051809, 3.52173355, 3.25814339, 3.09431473, 2.98038073,
   2.895291  , 2.82862726, 2.77462714],
 [        nan,        nan,        nan,        nan,        nan,        nan,
          nan,        nan,        nan,        nan,        nan,        nan,
          nan,        nan,        nan,        nan,        nan,        nan,
          nan,        nan,        nan],
 [        nan,        nan,        nan,        nan,        nan,        nan,
          nan,        nan,        nan,        nan,        nan,        nan,
          nan,        nan,        nan,        nan,        nan,        nan,
          nan,        nan,        nan],
 [        nan,        nan,        nan,        nan,        nan,        nan,
          nan,        nan,        nan,        nan,        nan,        nan,
          nan,        nan,        nan,        nan,        nan,        nan,
          nan,        nan,        nan],
 [        nan,        nan,        nan,        nan,        nan,        nan,
          nan,        nan,        nan,        nan,        nan,        nan,
          nan,        nan,        nan,        nan,        nan,        nan,
          nan,        nan,        nan],
 [        nan,        nan,        nan,        nan,        nan,        nan,
          nan,        nan,        nan,        nan,        nan,        nan,
          nan,        nan,        nan,        nan,        nan,        nan,
          nan,        nan,        nan],
 [        nan,        nan,        nan,        nan,        nan,        nan,
          nan,        nan,        nan,        nan,        nan,        nan,
          nan,        nan,        nan,        nan,        nan,        nan,
          nan,        nan,        nan],
 [        nan,        nan,        nan,        nan,        nan,        nan,
          nan,        nan,        nan,        nan,        nan,        nan,
          nan,        nan,        nan,        nan,        nan,        nan,
          nan,        nan,        nan],
 [        nan,        nan,        nan,        nan,        nan,        nan,
          nan,        nan,        nan,        nan,        nan,        nan,
          nan,        nan,        nan,        nan,        nan,        nan,
          nan,        nan,        nan],
 [        nan,        nan,        nan,        nan,        nan,        nan,
          nan,        nan,        nan,        nan,        nan,        nan,
          nan,        nan,        nan,        nan,        nan,        nan,
          nan,        nan,        nan]]
measureGC
[ 1.   , 0.001, 0.001, 0.001, 0.001, 0.001, 0.001, 0.001, 0.001, 0.001]
measureAPL
[ 1.       , 0.3461275, 0.3461275, 0.3461275, 0.3461275, 0.3461275,
  0.3461275, 0.3461275, 0.3461275, 0.3461275]

Centrality
Tq
[[ 5.56801789, 5.5666679 , 5.56495835, 5.56278724, 5.56001978, 5.55647583,
   5.55190924, 5.5459657 , 5.53806663, 5.52694544, 5.50775907, 5.44320123,
   4.99647707, 4.04398969, 3.52833211, 3.26150774, 3.09603813, 2.9812708 ,
   2.89579597, 2.82899715, 2.77499552],
 [        nan,        nan,        nan,        nan,        nan,        nan,
          nan,        nan,        nan,        nan,        nan,        nan,
          nan,        nan,        nan,        nan,        nan,        nan,
          nan,        nan,        nan],
 [        nan,        nan,        nan,        nan,        nan,        nan,
          nan,        nan,        nan,        nan,        nan,        nan,
          nan,        nan,        nan,        nan,        nan,        nan,
          nan,        nan,        nan],
 [        nan,        nan,        nan,        nan,        nan,        nan,
          nan,        nan,        nan,        nan,        nan,        nan,
          nan,        nan,        nan,        nan,        nan,        nan,
          nan,        nan,        nan],
 [        nan,        nan,        nan,        nan,        nan,        nan,
          nan,        nan,        nan,        nan,        nan,        nan,
          nan,        nan,        nan,        nan,        nan,        nan,
          nan,        nan,        nan],
 [        nan,        nan,        nan,        nan,        nan,        nan,
          nan,        nan,        nan,        nan,        nan,        nan,
          nan,        nan,        nan,        nan,        nan,        nan,
          nan,        nan,        nan],
 [        nan,        nan,        nan,        nan,        nan,        nan,
          nan,        nan,        nan,        nan,        nan,        nan,
          nan,        nan,        nan,        nan,        nan,        nan,
          nan,        nan,        nan],
 [        nan,        nan,        nan,        nan,        nan,        nan,
          nan,        nan,        nan,        nan,        nan,        nan,
          nan,        nan,        nan,        nan,        nan,        nan,
          nan,        nan,        nan],
 [        nan,        nan,        nan,        nan,        nan,        nan,
          nan,        nan,        nan,        nan,        nan,        nan,
          nan,        nan,        nan,        nan,        nan,        nan,
          nan,        nan,        nan],
 [        nan,        nan,        nan,        nan,        nan,        nan,
          nan,        nan,        nan,        nan,        nan,        nan,
          nan,        nan,        nan,        nan,        nan,        nan,
          nan,        nan,        nan]]
measureGC
[ 1.   , 0.001, 0.001, 0.001, 0.001, 0.001, 0.001, 0.001, 0.001, 0.001]
measureAPL
[ 1.        , 0.34624641, 0.34624641, 0.34624641, 0.34624641, 0.34624641,
  0.34624641, 0.34624641, 0.34624641, 0.34624641]