PercentOfNodes
[ 0. , 0.1, 0.2, 0.3, 0.4, 0.5, 0.6, 0.7, 0.8, 0.9]

RandomAttack
Tq
[[ 1.62419869, 1.61272112, 1.59900093, 1.58252798, 1.56266816, 1.53862079,
   1.50935909, 1.47360001, 1.43001184, 1.3777002 , 1.31494375, 1.2355375 ,
   1.13338962, 1.0191382 , 0.91665877, 0.83738706, 0.77871301, 0.73482713,
   0.70112485, 0.67453397, 0.65305273],
 [ 0.79743206, 0.79060797, 0.78269542, 0.77341098, 0.76238453, 0.74913321,
   0.73301957, 0.71315612, 0.68815902, 0.65564394, 0.61174922, 0.55233139,
   0.47827833, 0.40021664, 0.33136895, 0.27740241, 0.23703324, 0.20686368,
   0.18387757, 0.16592445, 0.15156022],
 [ 0.70570316, 0.7004186 , 0.69421332, 0.68682944, 0.67791526, 0.66698197,
   0.65332929, 0.63591079, 0.6131018 , 0.58240953, 0.54056542, 0.48528123,
   0.41928803, 0.35181128, 0.29245364, 0.24519602, 0.209164  , 0.18182433,
   0.16078962, 0.14427346, 0.13103123],
 [ 0.64563752, 0.6406906 , 0.63483169, 0.62781139, 0.61929148, 0.60880394,
   0.59568488, 0.57896896, 0.55724213, 0.52853419, 0.4906043 , 0.44233118,
   0.38615774, 0.32870808, 0.27707584, 0.23480979, 0.20182165, 0.17638732,
   0.1566194 , 0.14099669, 0.12841364],
 [ 0.62577474, 0.62017357, 0.61350454, 0.60547186, 0.59566798, 0.58352388,
   0.56824087, 0.54871222, 0.52348813, 0.49095495, 0.45004899, 0.40161254,
   0.34938622, 0.29888331, 0.25458927, 0.2183013 , 0.18961165, 0.16715252,
   0.14946261, 0.13533076, 0.12384777],
 [ 0.59431488, 0.58872033, 0.58217535, 0.5744261 , 0.56512654, 0.5538019 ,
   0.53980346, 0.52226579, 0.50010929, 0.47219932, 0.43783182, 0.39754628,
   0.3537166 , 0.31007153, 0.2701608 , 0.2360175 , 0.2079932 , 0.18541086,
   0.16724935, 0.15252935, 0.14044901],
 [ 0.41222915, 0.40476737, 0.39619691, 0.38632187, 0.37493466, 0.3618375 ,
   0.34687944, 0.33001009, 0.31134248, 0.29120359, 0.2701405 , 0.24885788,
   0.22809609, 0.20849643, 0.19050798, 0.17436101, 0.16009586, 0.14761873,
   0.13675943, 0.12731706, 0.11909009],
 [ 0.20388398, 0.19942153, 0.19471164, 0.18976058, 0.18458166, 0.17919589,
   0.17363229, 0.1679273 , 0.16212352, 0.15626782, 0.15040909, 0.14459592,
   0.1388743 , 0.13328579, 0.12786602, 0.12264378, 0.1176407 , 0.1128714 ,
   0.1083441 , 0.10406143, 0.10002136],
 [ 0.20683743, 0.20286497, 0.19874614, 0.19448935, 0.19010576, 0.18560929,
   0.18101659, 0.17634679, 0.17162118, 0.16686273, 0.16209547, 0.15734382,
   0.15263185, 0.14798254, 0.14341715, 0.13895465, 0.13461131, 0.13040048,
   0.12633252, 0.12241488, 0.11865229],
 [ 0.09926884, 0.09648985, 0.0936354 , 0.09071641, 0.08774535, 0.08473599,
   0.0817031 , 0.07866197, 0.07562809, 0.0726166 , 0.06964199, 0.06671773,
   0.06385597, 0.06106742, 0.05836118, 0.05574476, 0.05322408, 0.05080357,
   0.04848622, 0.04627374, 0.04416669]]
measureGC
[ 1.        , 0.73529412, 0.61764706, 0.52941176, 0.44117647, 0.38235294,
  0.26470588, 0.17647059, 0.14705882, 0.08823529]
measureAPL
[ 1.        , 0.990641  , 1.1218926 , 0.91881953, 0.81123544, 0.91409147,
  0.80201895, 0.52008653, 0.51693449, 0.31520396]

Degree
Tq
[[ 1.616809  , 1.60624459, 1.59352125, 1.57812183, 1.55938908, 1.53647281,
   1.50826202, 1.4733645 , 1.4303751 , 1.37849764, 1.31638985, 1.23823624,
   1.13762052, 1.024055  , 0.921204  , 0.84118925, 0.78177363, 0.73725934,
   0.70306088, 0.67609162, 0.65432668],
 [ 0.4459875 , 0.44162479, 0.43650712, 0.43040546, 0.42300161, 0.41385908,
   0.40238988, 0.38782326, 0.36920709, 0.34553834, 0.31620187, 0.28178878,
   0.24474295, 0.20874502, 0.17691468, 0.15059569, 0.12959558, 0.11302426,
   0.09989656, 0.08937717, 0.08082566],
 [ 0.03821656, 0.03747463, 0.03673656, 0.0360032 , 0.03527537, 0.03455386,
   0.03383944, 0.03313283, 0.03243472, 0.03174576, 0.03106654, 0.03039761,
   0.02973947, 0.02909258, 0.02845731, 0.02783403, 0.02722301, 0.02662452,
   0.02603874, 0.02546581, 0.02490585],
 [ 0.01587918, 0.01551321, 0.0151549 , 0.01480433, 0.01446159, 0.0141267 ,
   0.01379969, 0.01348055, 0.01316928, 0.01286583, 0.01257015, 0.01228217,
   0.01200179, 0.01172893, 0.01146347, 0.0112053 , 0.01095428, 0.01071028,
   0.01047316, 0.01024277, 0.01001896],
 [        nan,        nan,        nan,        nan,        nan,        nan,
          nan,        nan,        nan,        nan,        nan,        nan,
          nan,        nan,        nan,        nan,        nan,        nan,
          nan,        nan,        nan],
 [        nan,        nan,        nan,        nan,        nan,        nan,
          nan,        nan,        nan,        nan,        nan,        nan,
          nan,        nan,        nan,        nan,        nan,        nan,
          nan,        nan,        nan],
 [        nan,        nan,        nan,        nan,        nan,        nan,
          nan,        nan,        nan,        nan,        nan,        nan,
          nan,        nan,        nan,        nan,        nan,        nan,
          nan,        nan,        nan],
 [        nan,        nan,        nan,        nan,        nan,        nan,
          nan,        nan,        nan,        nan,        nan,        nan,
          nan,        nan,        nan,        nan,        nan,        nan,
          nan,        nan,        nan],
 [        nan,        nan,        nan,        nan,        nan,        nan,
          nan,        nan,        nan,        nan,        nan,        nan,
          nan,        nan,        nan,        nan,        nan,        nan,
          nan,        nan,        nan],
 [        nan,        nan,        nan,        nan,        nan,        nan,
          nan,        nan,        nan,        nan,        nan,        nan,
          nan,        nan,        nan,        nan,        nan,        nan,
          nan,        nan,        nan]]
measureGC
[ 1.        , 0.58823529, 0.14705882, 0.11764706, 0.05882353, 0.02941176,
  0.02941176, 0.02941176, 0.02941176, 0.02941176]
measureAPL
[ 1.        , 1.23538318, 0.41319031, 0.51907032, 0.1962654 , 0.30989273,
  0.30989273, 0.30989273, 0.30989273, 0.30989273]

Centrality
Tq
[[ 1.62460154, 1.6132286 , 1.59961053, 1.58322746, 1.5634305 , 1.53939871,
   1.51008081, 1.47417146, 1.43034606, 1.37782691, 1.31520565, 1.23685688,
   1.13736612, 1.02651118, 0.92598162, 0.84691027, 0.78758139, 0.74279996,
   0.7082149 , 0.68083675, 0.65868055],
 [ 0.6863985 , 0.68251871, 0.67796022, 0.6725335 , 0.66596731, 0.65786236,
   0.64760924, 0.63423558, 0.61612431, 0.59056286, 0.55339114, 0.50025975,
   0.43197624, 0.35906949, 0.29442493, 0.24357858, 0.20545605, 0.17694395,
   0.15524526, 0.13834902, 0.12489283],
 [ 0.10098341, 0.09890368, 0.09673846, 0.0944894 , 0.09215961, 0.0897539 ,
   0.08727889, 0.08474315, 0.08215717, 0.07953317, 0.0768849 , 0.07422723,
   0.07157563, 0.06894568, 0.06635249, 0.06381015, 0.06133135, 0.05892697,
   0.0566059 , 0.05437498, 0.05223896],
 [ 0.08895363, 0.0858369 , 0.08263867, 0.07937522, 0.07606565, 0.0727315 ,
   0.06939611, 0.06608384, 0.06281909, 0.05962527, 0.05652383, 0.05353343,
   0.0506693 , 0.04794289, 0.04536187, 0.04293026, 0.04064882, 0.03851557,
   0.03652633, 0.03467523, 0.03295526],
 [ 0.03741804, 0.03632378, 0.03524998, 0.03419787, 0.03316857, 0.03216303,
   0.03118209, 0.03022643, 0.02929662, 0.02839308, 0.02751608, 0.02666581,
   0.02584229, 0.02504548, 0.0242752 , 0.02353119, 0.02281311, 0.02212054,
   0.021453  , 0.02080995, 0.0201908 ],
 [        nan,        nan,        nan,        nan,        nan,        nan,
          nan,        nan,        nan,        nan,        nan,        nan,
          nan,        nan,        nan,        nan,        nan,        nan,
          nan,        nan,        nan],
 [        nan,        nan,        nan,        nan,        nan,        nan,
          nan,        nan,        nan,        nan,        nan,        nan,
          nan,        nan,        nan,        nan,        nan,        nan,
          nan,        nan,        nan],
 [        nan,        nan,        nan,        nan,        nan,        nan,
          nan,        nan,        nan,        nan,        nan,        nan,
          nan,        nan,        nan,        nan,        nan,        nan,
          nan,        nan,        nan],
 [        nan,        nan,        nan,        nan,        nan,        nan,
          nan,        nan,        nan,        nan,        nan,        nan,
          nan,        nan,        nan,        nan,        nan,        nan,
          nan,        nan,        nan],
 [        nan,        nan,        nan,        nan,        nan,        nan,
          nan,        nan,        nan,        nan,        nan,        nan,
          nan,        nan,        nan,        nan,        nan,        nan,
          nan,        nan,        nan]]
measureGC
[ 1.        , 0.70588235, 0.23529412, 0.23529412, 0.14705882, 0.05882353,
  0.02941176, 0.02941176, 0.02941176, 0.02941176]
measureAPL
[ 1.        , 1.37395915, 0.82653822, 0.80679157, 0.34133489, 0.06206089,
  0.31030445, 0.31030445, 0.31030445, 0.31030445]