# Undirected graph (each unordered pair of nodes is saved once): Results/Robustness/networkScaleFree2000Nremoved-0.08percent.txt
# Nodes: 1200 Edges: 720
# NodeId	NodeId
0	1
0	6
0	80
0	179
0	182
0	351
0	431
0	759
0	1345
0	1457
0	1717
0	1760
0	1785
0	1825
1	3
1	4
1	17
1	24
1	25
1	27
1	28
1	31
1	35
1	53
1	74
1	81
1	114
1	116
1	164
1	180
1	186
1	207
1	209
1	217
1	224
1	226
1	246
1	258
1	292
1	293
1	295
1	298
1	384
1	399
1	405
1	408
1	411
1	466
1	617
1	652
1	674
1	740
1	760
1	799
1	835
1	857
1	945
1	1025
1	1100
1	1108
1	1120
1	1154
1	1161
1	1168
1	1215
1	1233
1	1373
1	1473
1	1548
1	1553
1	1590
1	1649
1	1748
1	1759
1	1823
1	1842
1	1954
6	26
6	134
6	154
6	238
6	320
6	1774
6	1957
80	253
80	376
80	586
80	927
80	1476
179	205
179	318
351	746
351	1450
431	616
431	850
431	1240
431	1826
3	636
4	12
4	15
4	78
4	102
4	113
4	199
4	212
4	259
4	313
4	387
4	394
4	471
4	594
4	653
4	668
4	675
4	683
4	719
4	735
4	790
4	1024
4	1052
4	1092
4	1116
4	1209
4	1394
4	1443
4	1488
4	1531
4	1620
4	1633
4	1740
4	1744
4	1757
4	1961
17	230
17	507
17	524
17	842
17	1020
17	1261
24	188
24	765
24	1369
24	1519
24	1827
25	152
25	157
25	195
25	267
25	329
25	364
25	414
25	629
25	858
25	1007
25	1145
25	1348
25	1384
25	1391
25	1532
31	269
74	153
74	454
81	125
81	1574
116	306
116	693
116	1558
164	379
164	558
180	403
217	713
226	406
226	826
246	343
246	988
258	441
293	702
293	1121
293	1454
295	932
408	1237
466	1404
466	1421
466	1611
466	1782
857	1146
1025	1437
1154	1402
1649	1765
1823	1872
5	7
5	49
5	1304
5	1459
5	1555
37	65
37	257
37	529
37	1230
37	1960
66	618
66	704
66	1248
73	123
73	127
73	176
73	250
73	309
73	600
73	623
73	658
73	863
73	909
73	1386
73	1427
73	1983
84	177
84	219
84	323
84	375
84	494
84	1018
85	580
85	1644
126	496
187	924
350	1325
350	1857
392	1021
392	1351
392	1503
392	1779
392	1914
392	1956
690	749
690	1593
914	1540
78	83
78	285
78	476
78	1249
78	1468
102	218
102	1469
113	234
212	447
313	696
313	840
313	1232
394	1395
471	1477
668	993
1052	1828
7	58
7	1775
49	146
49	377
1459	1677
26	36
26	404
134	1378
154	1585
238	299
238	936
10	33
10	46
10	87
10	198
10	210
10	236
10	264
10	287
10	449
10	564
10	649
10	1068
10	1412
10	1492
10	1626
10	1753
10	1982
183	1174
183	1729
87	139
87	532
87	694
87	1866
198	1783
287	1891
449	500
449	955
449	1416
1492	1635
16	30
16	128
16	137
16	143
16	200
16	272
16	463
16	742
16	975
16	978
16	1019
16	1184
16	1592
16	1868
16	1964
38	107
38	780
38	1580
38	1662
38	1839
40	91
40	166
40	251
40	482
40	637
40	731
40	1324
40	1869
79	338
79	893
79	1088
170	787
30	48
30	104
30	243
30	436
30	621
128	371
128	438
128	1015
128	1129
137	1228
143	427
143	432
143	551
143	698
143	1176
143	1264
272	1699
842	1771
50	1745
115	307
115	424
115	510
115	522
115	1407
115	1680
110	327
110	1040
213	1222
1096	1461
1096	1589
1112	1898
149	1749
1093	1357
296	1359
296	1887
297	625
297	1033
341	1235
341	1998
429	444
429	495
429	1904
188	864
188	1741
157	390
157	670
157	1841
195	374
195	633
364	902
364	1648
414	1905
404	526
404	723
43	89
43	135
43	168
43	352
43	370
43	606
43	1072
43	1171
43	1435
43	1718
43	1814
75	130
75	185
75	439
75	484
75	1462
273	304
479	1294
48	1332
104	161
436	771
95	144
95	537
95	1299
184	197
184	440
184	705
184	1700
215	331
215	743
215	1922
556	1885
65	192
65	316
65	753
65	1085
65	1617
257	1693
107	315
107	504
107	578
107	866
107	1069
91	498
91	1030
251	303
482	483
482	1573
482	1641
637	854
54	875
54	1330
54	1377
54	1736
89	190
89	468
89	942
89	1990
135	874
168	514
168	1393
370	453
370	904
370	984
370	1225
606	941
62	131
62	415
62	485
62	509
62	1484
62	1733
92	573
118	357
118	970
121	872
121	995
121	1045
121	1726
121	1792
121	1808
121	1999
142	165
142	173
142	271
142	562
142	958
142	1506
150	1793
220	1923
456	853
456	976
456	1107
456	1326
1064	1265
146	619
146	1282
146	1317
60	1231
97	206
97	843
131	1128
509	583
509	641
509	732
509	951
509	997
509	1086
509	1131
509	1400
509	1725
1617	1618
704	877
430	1638
430	1689
805	987
127	1408
250	254
250	692
1386	1812
130	506
185	1374
439	738
83	105
83	550
83	644
83	766
83	1949
338	1805
105	1398
323	820
323	1002
375	492
375	784
375	845
375	1291
580	1286
139	265
139	333
139	1692
532	934
458	1790
468	1149
468	1191
468	1764
129	378
129	512
129	1323
659	1575
498	812
144	288
218	581
242	1865
161	947
504	1535
234	278
234	434
234	568
234	1090
306	396
306	691
306	1478
1080	1727
687	935
1962	1968
245	684
322	437
322	1087
1363	1950
496	862
371	622
1129	1483
326	342
326	517
326	1142
326	1425
1181	1647
171	511
1204	1660
1204	1830
265	335
265	571
265	1260
191	716
231	395
231	1091
300	446
300	757
173	283
173	789
173	860
958	1054
958	1451
1506	1591
427	660
288	1582
249	465
249	614
249	1135
489	730
169	1524
169	1892
545	1296
1143	1743
1143	1746
175	839
175	1048
175	1447
175	1976
947	1147
363	1159
1371	1576
216	592
420	423
420	876
514	813
347	669
347	1094
197	1545
197	1754
1374	1971
633	939
633	940
1545	1843
1783	1903
331	1012
331	1538
592	632
557	922
406	1711
395	681
395	991
395	1227
278	671
278	802
278	1137
278	1216
278	1297
434	1314
684	1065
988	1290
261	703
261	1420
359	591
359	1651
946	1038
946	1549
614	1258
1135	1203
692	895
1420	1912
335	1272
571	1933
1260	1863
1260	1996
474	1303
521	949
1278	1318
665	1042
809	928
625	1041
475	1924
475	1966
1478	1489
1478	1986
437	1273
1002	1572
342	969
1012	1193
1012	1955
452	1099
452	1413
746	1350
746	1684
428	1975
591	1510
591	1794
1159	1901
1380	1762
1021	1836
1395	1791
1395	1974
681	699
461	764
461	1056
620	1113
723	1308
723	1353
1307	1560
640	1424
640	1627
640	1930
1480	1767
660	989
660	1287
616	1001
648	882
648	1185
1104	1722
853	1907
1107	1130
1326	1514
1149	1497
974	1267
730	871
730	1852
900	1156
583	589
641	920
641	1969
997	1616
1086	1196
1131	1172
813	971
1691	1943
941	1342
821	1017
1258	1367
1258	1846
1185	1530
989	1084
989	1217
966	1309
993	1169
1026	1165
699	1187
935	1050
1491	1594
1346	1440
1615	1737
1029	1518
963	1935
1549	1844
1054	1055
1267	1813
1193	1858
1265	1742
1746	1952
1925	1939
1560	1873
1556	1802
