# Undirected graph (each unordered pair of nodes is saved once): Results/Robustness/networkScaleFree8000removed-0.08percent.txt
# Nodes: 4800 Edges: 2920
# NodeId	NodeId
1	3
1	5
1	6
1	9
1	10
1	19
1	20
1	23
1	25
1	28
1	36
1	37
1	38
1	39
1	43
1	45
1	77
1	79
1	84
1	117
1	158
1	182
1	238
1	249
1	264
1	283
1	315
1	333
1	358
1	375
1	398
1	399
1	404
1	407
1	425
1	455
1	472
1	482
1	502
1	537
1	539
1	554
1	562
1	611
1	613
1	625
1	651
1	655
1	700
1	762
1	782
1	783
1	792
1	808
1	812
1	886
1	900
1	906
1	976
1	1055
1	1079
1	1103
1	1115
1	1154
1	1175
1	1211
1	1238
1	1240
1	1263
1	1317
1	1358
1	1372
1	1392
1	1490
1	1602
1	1630
1	1705
1	1749
1	1782
1	1810
1	1848
1	1867
1	1879
1	1886
1	1889
1	1903
1	1996
1	2116
1	2127
1	2161
1	2242
1	2244
1	2340
1	2407
1	2500
1	2607
1	2619
1	2627
1	2865
1	2917
1	2965
1	3040
1	3041
1	3048
1	3049
1	3060
1	3093
1	3175
1	3321
1	3342
1	3449
1	3488
1	3510
1	3634
1	3653
1	3708
1	3735
1	3832
1	3953
1	3995
1	4110
1	4185
1	4213
1	4239
1	4255
1	4313
1	4657
1	4708
1	4913
1	4970
1	5010
1	5123
1	5170
1	5213
1	5229
1	5361
1	5391
1	5411
1	5515
1	5591
1	5646
1	5671
1	5841
1	5919
1	5944
1	6132
1	6235
1	6239
1	6379
1	6529
1	6589
1	6627
1	6629
1	6680
1	6721
1	6727
1	6792
1	7027
1	7033
1	7136
1	7153
1	7253
1	7299
1	7407
1	7458
1	7550
1	7584
1	7621
1	7780
1	7807
1	7979
2467	4452
4168	5579
3	65
3	661
3	1027
3	2067
3	2889
3	3001
3	3441
3	3736
3	3829
3	4062
3	4641
3	6220
3	6714
5	14
5	179
5	485
5	1210
5	1461
5	2962
5	4526
5	4530
5	5556
6	99
6	177
6	200
6	418
6	445
6	574
6	757
6	1141
6	1157
6	1205
6	1307
6	1334
6	1620
6	1926
6	2008
6	2544
6	2566
6	2824
6	3640
6	4310
6	4335
6	4693
6	5546
6	6050
6	6059
6	7174
9	22
9	47
9	120
9	169
9	235
9	357
9	607
9	702
9	719
9	916
9	925
9	1241
9	1486
9	1606
9	1735
9	2731
9	3128
9	3633
9	4219
9	4648
9	5104
9	5393
9	5625
9	7991
10	107
10	423
10	643
10	896
10	1333
10	1381
10	1657
10	2196
10	3282
10	5415
19	52
19	88
19	308
19	1305
19	1549
19	2073
19	2181
19	2266
19	2739
19	3238
19	3252
19	4244
19	4822
19	7364
20	3080
20	3555
20	5319
20	7971
23	2392
25	35
25	53
25	166
25	302
25	517
25	550
25	686
25	773
25	814
25	878
25	1061
25	1245
25	1351
25	1388
25	1939
25	2640
25	3036
25	3970
25	4334
25	5221
25	7492
28	31
28	772
28	1082
28	1129
28	1646
28	2608
36	70
36	80
36	162
36	174
36	394
36	480
36	600
36	618
36	628
36	684
36	969
36	1228
36	1909
36	2360
36	2536
36	2588
36	4178
36	4301
36	4464
36	4555
36	4586
36	4613
36	5310
36	5371
36	5829
36	6457
36	6761
36	7078
36	7109
36	7631
36	7721
37	180
37	731
37	5430
37	6160
38	355
38	933
38	1162
38	1359
38	1730
38	2993
38	4405
38	6170
38	7933
39	5821
43	44
43	61
43	311
43	2202
43	2610
43	3788
43	5181
43	6630
45	106
45	286
45	1036
45	4787
45	6145
77	2128
77	2359
79	296
79	500
79	621
79	1469
79	2175
79	2221
79	2367
79	2387
79	2411
79	3141
79	3276
79	6991
84	756
84	1024
84	1093
84	3028
84	5142
117	295
117	458
117	1493
117	1525
117	1687
117	1795
117	5218
158	413
182	961
238	804
249	2822
315	4280
358	361
358	2131
358	2699
358	3750
358	6825
375	914
375	1555
398	2093
398	5036
398	7763
399	2501
399	2978
399	7323
404	855
404	3733
404	3855
404	4616
407	2045
425	2135
425	3701
455	3513
482	929
482	2423
482	3610
482	7634
537	5180
554	2187
554	2594
554	3571
554	3840
554	6165
554	7730
562	4184
562	4190
611	3461
611	7890
613	5145
625	5871
625	7120
625	7395
625	7512
651	835
762	2300
782	4539
782	6894
783	1565
783	4942
783	5860
783	7233
783	7885
808	4202
906	6048
1055	1708
1055	5846
1079	2821
1079	3857
1079	4002
1079	4174
1103	4372
1115	1224
1154	4368
1154	5593
1154	6687
1175	2545
1175	2693
1238	6087
1240	5971
1263	4009
1317	7762
1490	3515
1490	5780
1602	6095
1705	2469
1782	2327
1782	2497
1848	2083
1848	7382
1879	4431
2127	6387
2242	5510
2244	4488
2627	5685
2627	7742
2917	3658
2917	4450
2917	4859
3040	6555
3049	4610
3060	7315
3321	3656
3342	5035
3342	5874
3342	7542
4255	6666
4255	7519
7	69
7	145
7	154
7	187
7	240
7	246
7	328
7	570
7	579
7	833
7	841
7	987
7	1094
7	1165
7	1209
7	1277
7	1327
7	1330
7	1364
7	1658
7	1834
7	2026
7	2041
7	2458
7	2919
7	3171
7	3549
7	3942
7	4126
7	4285
7	4477
7	4860
7	5039
7	5724
7	6237
7	6273
7	6348
7	6497
7	7392
7	7561
75	861
75	2174
75	4508
75	5876
75	6173
75	7984
213	309
213	921
817	1888
817	4131
817	5602
3626	4210
3626	4492
65	1075
661	983
661	5983
661	7431
661	7449
661	7891
1027	3244
2889	5254
2889	5939
3001	4159
3736	6168
4062	4395
11	46
11	78
11	297
11	374
11	880
11	903
11	948
11	1145
11	1397
11	2410
11	3417
11	3922
11	4151
11	4166
11	4282
11	5047
11	5495
11	5896
11	6967
11	7133
11	7508
12	54
12	67
12	112
12	151
12	648
12	2521
12	3364
12	5249
51	4470
51	7698
58	728
58	823
58	1072
58	1101
58	1524
58	3243
62	96
62	104
62	153
62	250
62	252
62	336
62	410
62	439
62	697
62	713
62	877
62	1625
62	2354
62	2842
62	3017
62	3574
62	6016
62	6707
190	243
190	277
190	1087
190	2125
190	3339
190	3983
190	4974
190	5541
190	6724
512	761
512	2687
512	2982
512	3814
512	5704
512	5898
512	6985
512	7008
715	2159
715	5479
715	5787
715	6982
715	7003
715	7411
2379	5559
3291	5465
14	63
14	98
14	133
14	176
14	251
14	299
14	345
14	632
14	683
14	809
14	811
14	858
14	874
14	1214
14	1234
14	1425
14	2342
14	2674
14	2682
14	2938
14	3103
14	3766
14	4012
14	4626
14	4813
14	4963
14	5883
14	7220
14	7677
14	7817
14	7900
485	1262
485	3261
1210	3425
99	568
99	830
99	940
99	1368
99	1456
99	1913
99	2857
99	3386
99	3711
99	5454
99	5791
177	6518
177	7928
200	4082
200	6712
200	6890
200	6903
200	7497
445	1347
445	1714
445	2090
445	2488
445	4392
445	6861
574	5461
574	7265
757	1488
757	3569
757	5004
1141	2644
1141	5713
1157	4733
1157	5717
1205	7757
1307	2568
1307	3044
1307	3457
1307	7946
1334	6913
2008	5125
2008	6086
2008	6679
2544	6914
69	73
69	265
69	565
69	1421
69	1851
69	4094
69	4248
154	4896
187	334
187	3356
187	3759
240	6143
240	7896
246	255
246	1212
246	3699
246	3948
246	3958
246	4449
246	4608
328	4251
328	5911
570	578
570	1223
570	1274
570	1301
570	1896
570	2896
570	3166
570	3250
570	6515
570	7123
833	1116
987	3302
1165	1242
1165	4196
1277	1428
1277	1452
1277	2252
1277	4257
1277	4340
1277	4793
1277	5356
1277	7799
1327	6897
1330	4042
1364	4101
1364	5914
1364	5960
1364	7199
1658	2145
1834	3068
1834	6882
2041	5796
2458	3597
2919	5200
3942	4182
183	541
183	4807
183	5902
206	303
206	706
5772	7479
5772	7912
22	343
22	630
22	4595
120	526
120	2122
120	4148
120	6192
169	559
169	1130
235	4735
235	4977
607	1928
607	4049
719	1095
719	1631
916	6947
925	6552
1241	3468
1486	3894
1486	4106
3128	4384
5393	7146
5625	5732
5625	6778
107	186
107	2395
107	3332
107	4060
107	4756
107	7787
423	493
643	1668
1333	1375
1333	3181
1333	3270
1333	3657
1333	3861
1333	6623
1333	6640
1333	7170
1333	7648
1381	2111
1381	3000
1381	4183
1381	6090
1657	4763
46	457
46	596
46	711
46	1944
46	2050
46	2543
46	3006
46	3886
46	4575
46	4792
46	5523
46	6124
46	7692
78	364
78	435
78	4318
374	1564
374	2422
374	4803
948	4377
1397	4132
1397	7098
54	219
54	780
54	1192
54	1569
54	2398
54	3090
54	3375
54	4220
54	6817
67	130
67	2222
67	2433
67	2525
67	3240
67	4439
67	5242
67	5565
67	5826
67	6598
151	291
151	722
648	1438
2521	4773
63	267
133	2383
133	2733
133	4165
176	629
176	2436
176	2810
251	2580
251	4687
299	2365
299	3176
345	2246
345	4682
632	5209
632	7607
683	1170
683	3889
683	4558
683	6446
809	3662
858	4622
1214	5114
2342	5692
103	4211
119	741
119	2001
119	4574
119	4983
119	5582
331	2470
426	1423
426	1580
426	2509
426	2979
478	498
478	974
478	1971
478	4969
478	4975
478	7010
478	7326
478	7788
604	3679
604	5526
604	6437
637	726
934	1414
934	1617
934	1797
934	3129
934	4019
934	7676
1185	6006
1259	4775
1259	6738
1259	7836
1722	4618
1722	6257
2446	6120
2983	5199
91	93
91	110
91	160
91	271
91	372
91	422
91	723
91	862
91	1018
91	1041
91	1069
91	1779
91	2708
91	3173
91	3228
91	3841
91	4022
91	4122
91	4535
91	4797
91	4924
91	4932
91	5885
91	6244
91	6382
91	6403
91	6475
91	6503
2364	3117
2990	6857
27	40
27	60
27	64
27	66
27	161
27	172
27	202
27	408
27	473
27	518
27	551
27	663
27	674
27	746
27	1084
27	1332
27	1546
27	1610
27	1884
27	1956
27	2042
27	2304
27	2511
27	2612
27	3112
27	3370
27	5008
27	5226
27	5297
27	5436
27	5533
27	6033
27	7338
27	7653
27	7678
27	7732
716	1244
50	227
50	411
50	636
50	705
50	764
50	1233
50	2140
50	6881
50	7548
259	6183
259	7583
349	3628
349	5337
349	5654
349	7095
662	990
662	7026
1446	6039
2503	6426
52	122
52	2766
88	105
88	173
88	257
88	359
88	1445
88	1788
88	2070
88	2519
88	3629
88	3751
88	4309
88	4906
88	5669
88	5735
88	5952
88	7141
88	7948
308	489
308	2574
308	2615
1549	4938
2073	2388
2073	7308
2181	2249
2181	6584
2266	3654
4244	7092
4822	7897
115	1164
115	1808
115	4077
115	6465
115	7291
204	649
204	851
204	1355
204	1440
204	1762
204	4720
204	5445
204	7088
210	319
210	1146
484	2929
623	1662
623	2126
6378	7053
7276	7413
343	6885
4595	4629
388	451
388	456
388	1037
388	1418
388	2113
388	2706
388	2895
388	4169
388	6093
388	6190
388	6532
388	6734
388	7646
743	1640
743	3422
743	4383
743	4722
743	5688
743	6458
743	7617
35	6576
35	6617
35	6788
53	348
53	567
53	656
53	4026
166	3337
166	7536
517	3365
517	4259
517	5383
517	5531
517	6329
550	2273
1351	4454
2640	3722
1156	2870
1156	6211
1156	6918
1622	5273
2328	2856
40	140
40	1213
40	7691
60	74
60	920
60	1178
60	1255
60	1619
60	2591
60	3058
60	3797
60	4954
60	6130
60	6454
60	7810
64	2335
64	3881
66	90
66	774
66	1850
66	2103
161	218
161	1402
161	1768
161	1822
161	2334
161	4495
161	4819
172	1252
202	606
202	1357
202	2880
202	2903
202	5160
202	5537
202	7261
518	1482
518	1693
663	749
663	3661
663	5111
663	7525
674	2217
674	5191
746	7589
1084	4780
1084	5232
1884	2043
1884	7310
2511	2723
2612	3392
5008	5639
31	42
31	59
31	121
31	136
31	149
31	155
31	170
31	1173
31	1176
31	1403
31	1598
31	2344
31	2906
31	3088
31	3591
31	3895
31	3982
31	4486
31	5072
31	5217
31	5329
31	6035
31	6372
1646	2358
2608	4324
2608	5400
159	366
159	3079
159	3547
232	942
232	1647
232	7619
405	1208
405	2450
755	1254
755	3219
128	4161
128	6539
129	354
129	698
129	999
129	2120
129	2284
129	2556
129	2956
129	4524
129	4570
129	4869
129	5422
660	1877
660	2688
660	3187
660	4206
660	4827
660	5615
660	5873
660	7747
1030	3393
3559	4931
42	6073
59	2839
59	6384
59	7875
121	4843
136	282
136	329
136	387
136	532
136	1474
136	1632
136	2007
136	2210
136	2603
136	5285
136	7048
136	7213
155	7379
170	226
170	1201
170	1589
170	1744
170	1786
170	2271
170	2290
170	2490
170	2753
170	5130
170	5206
170	6504
1598	2645
5329	7610
6372	7362
33	1112
261	499
261	4724
1080	1404
1080	1776
1080	5305
1080	6744
1080	6904
5101	7522
1112	3768
503	895
1473	2838
5015	6015
70	873
70	1291
70	1480
70	2168
80	81
80	3474
80	3589
80	7936
162	3399
174	400
174	511
174	1758
174	3606
174	6871
480	654
480	1948
480	2579
618	2648
618	2675
628	7029
628	7189
684	970
684	1679
684	2752
969	3226
969	4065
969	4844
969	6356
969	7065
1228	1904
4301	5500
4301	6268
180	1249
180	1930
180	2622
180	4972
180	6345
180	7235
5430	6052
355	1578
355	1740
355	3465
355	7401
933	2066
933	2927
933	4594
933	6718
2993	3263
5821	6684
140	156
140	1098
140	2331
140	6219
140	7455
140	7643
745	1295
745	1348
1959	4175
2729	5054
44	560
61	109
61	285
61	352
61	558
61	839
61	5656
61	5804
61	5805
61	6322
61	6392
61	7268
61	7393
61	7671
311	1434
311	3482
311	4993
106	3106
286	848
286	1700
286	1793
286	3411
286	3774
286	5147
457	3974
3886	4198
469	1789
469	2149
469	3026
108	1125
108	3285
108	5473
108	6320
278	362
301	650
301	899
301	1003
301	2039
301	6025
301	6121
322	397
322	675
322	1073
322	1759
322	2763
322	4294
322	5678
322	6802
322	6937
452	575
796	1595
796	6352
978	1498
981	1594
1042	1045
1042	4789
1042	4838
1042	6702
1042	7164
1654	5867
1754	5568
1754	6416
1754	7125
1754	7129
1946	7306
2957	4669
2957	7657
3548	3732
3548	5385
3548	7700
3862	5844
6691	7459
705	6759
764	6058
6881	7478
122	1588
122	2791
122	3114
122	3836
348	6117
656	912
656	2037
219	254
219	379
219	409
219	538
219	985
219	1202
219	1982
219	5886
171	555
171	659
171	766
171	1641
171	4472
171	5687
171	6579
763	1033
1542	1760
1542	2582
1542	6278
427	2553
427	5788
427	7535
1728	6167
4550	7145
728	4408
728	7257
823	960
823	2653
823	5151
1101	1341
3243	7433
1178	5843
2591	6434
3797	5927
3797	7736
109	2817
109	4172
109	6069
109	6860
109	6898
285	4902
558	2514
558	3791
558	4086
558	6781
5656	5882
96	2632
104	393
104	2508
104	6573
153	3811
153	5980
250	5714
250	6055
252	2350
252	2506
252	3899
252	5749
252	7593
336	2481
336	6540
439	488
439	4107
439	7226
697	6233
713	2767
713	3095
713	4909
713	6484
1625	2287
2354	2445
2842	3295
2842	3712
3574	4075
1075	1820
90	826
90	3609
90	3849
90	5711
774	2282
774	3463
774	7533
2103	2805
130	323
130	4156
2222	7717
3240	3631
3240	4100
3240	6314
3240	7380
5565	6631
73	4229
265	6046
1851	2080
1851	2749
1851	3586
1851	5957
1851	6444
873	3779
873	5169
1291	1847
1291	2563
1291	3029
1291	3283
1291	6934
861	6729
102	708
102	952
102	1329
102	1825
102	2570
102	2578
102	3577
376	2079
1713	3873
1713	6657
2128	7658
2359	5728
435	531
621	1288
2411	3074
3141	4041
3141	7564
81	101
81	222
81	313
81	412
81	1584
81	2456
81	3670
81	4134
81	6271
101	114
101	5516
222	270
222	306
222	389
222	465
222	563
222	720
222	1319
222	1676
222	1709
222	1757
222	1813
222	1814
222	1821
222	2189
222	2790
222	3118
222	3126
222	3361
222	3384
222	3490
222	3660
222	3927
222	4000
222	4329
222	5721
222	5845
222	5942
222	6250
222	7167
313	1663
313	2593
313	3424
412	795
412	3434
412	3502
412	5382
1584	2908
1584	3962
3670	5136
320	645
320	673
320	3124
320	7903
105	768
105	4901
257	6745
359	7057
1788	3278
1788	6810
3751	4097
2260	4786
3849	5774
93	626
93	1661
93	2605
93	3140
93	5975
93	6502
93	7705
110	7819
160	224
160	1804
160	2528
422	633
723	909
723	5481
862	927
862	4194
862	5220
862	6977
1069	2153
1069	5751
1779	7398
4535	4572
5885	7135
486	4247
228	490
228	1261
228	2461
228	4303
228	4947
380	448
380	3778
380	6432
665	1293
665	6335
2955	3053
1264	1774
568	801
568	876
568	1899
1913	3871
1913	4399
1913	5937
1913	6070
1913	6782
3711	6063
3711	6955
114	1562
114	2033
114	2972
114	7609
708	1088
708	7869
1329	2264
1329	3202
1329	4391
1329	6142
1825	5295
768	1859
186	262
186	5437
2395	2443
2395	3908
2395	4142
2395	4374
2395	7428
1520	1997
1520	3052
1520	7514
184	3257
184	3739
184	5932
184	6501
184	7672
415	7410
1808	7726
295	2916
1493	2721
1493	4661
1493	5238
1525	5771
1687	2891
1687	3172
741	946
741	2439
741	2757
741	3747
741	7500
4574	7855
4148	4410
1588	6217
2791	3456
580	2281
580	4308
580	7944
866	3697
866	7292
2801	3821
2801	6737
4262	5856
354	6408
698	1878
698	4611
2120	7046
2120	7894
2956	6193
323	3021
323	6194
4165	5362
4165	6249
4165	6411
351	751
351	1091
351	1961
351	3328
351	3815
351	5268
351	5353
351	5620
351	5936
329	4762
329	5149
387	1416
387	3280
387	3853
1632	7486
2007	4096
4772	6034
926	3893
926	6146
926	7234
156	3929
156	5341
1098	3397
1098	7838
2331	4073
857	7322
1726	2004
1726	3162
241	657
241	4362
709	6568
3677	5365
157	1938
535	954
535	2279
535	2353
535	5143
535	5718
535	6653
535	7798
4606	5442
5745	6586
5745	6651
211	813
1508	4067
2686	7772
291	3470
515	561
525	3851
4315	5739
3811	5570
3811	7504
4896	5116
3929	4517
413	2418
366	3776
3547	7695
224	6135
1804	3087
2528	2952
1402	2204
2334	3427
2334	6509
894	2121
894	3838
1570	6974
1911	2796
3872	6563
3337	7058
3337	7651
863	1736
863	2899
863	7770
1325	7649
559	1522
226	4150
1201	6393
1589	3827
1744	2363
1744	3344
1744	6057
1786	7283
2290	5056
555	1236
555	4254
766	1732
766	4926
766	5943
4472	6363
1758	2540
1758	5399
3606	3682
223	829
223	3354
629	4840
629	7022
2436	5045
268	2295
268	2495
268	2826
1571	3445
1571	6453
1249	1322
1249	2230
1249	2444
1249	2961
1249	3218
1249	3485
1249	4702
1249	5107
1249	6122
1249	7349
961	2970
961	5178
541	1389
541	1563
3257	7703
3249	3643
262	1099
5437	7019
334	1426
334	3544
334	4578
334	5034
334	5126
3759	7287
3759	7684
770	5667
243	771
243	6801
1087	3767
443	2316
312	3214
967	2319
967	3906
1086	3412
4082	6822
4082	6869
4082	7628
6903	7540
4118	4791
1357	2371
5160	6742
1762	3078
1762	3765
1762	6564
707	7743
581	2758
1146	1593
1146	2771
813	1128
236	3607
239	462
239	1624
239	1815
239	6265
239	7516
239	7925
247	750
247	3550
272	831
272	6060
419	2055
419	2527
419	4105
419	4826
419	5128
419	5964
968	7585
1193	6157
1193	6169
1427	1435
1427	3289
1427	5252
1556	1897
1556	3542
1556	6077
2013	2818
2013	5534
2013	7667
4782	5648
4782	7014
4782	7465
6975	7198
309	2356
921	1532
921	7688
1561	1836
1561	3678
1561	5471
1561	7468
1561	7754
2056	2499
2780	3613
3366	7185
497	3758
797	846
2376	5857
2402	6667
254	436
254	542
254	1379
254	1840
254	2193
254	6500
379	584
409	433
409	3492
409	6241
538	1501
538	3180
538	5011
538	6473
985	7659
1202	2455
1982	6923
3096	5905
306	1048
306	1439
306	1487
306	1511
306	1611
306	2170
306	2725
306	3647
306	3764
306	5777
389	395
389	3990
389	4238
563	3684
720	892
720	7086
1813	2958
2189	3960
2189	3992
2189	5928
2790	3935
2790	7999
4329	6037
5845	5996
490	2829
490	6886
2461	4505
2461	7183
2461	7752
4947	5934
292	5726
1816	2208
1816	2346
1816	4218
2750	3805
2031	3769
4138	4226
1647	1783
653	1933
653	2830
653	6542
777	2778
777	3917
2213	2337
2213	6071
2213	7823
3514	4711
804	869
804	6082
462	888
462	1874
462	2515
462	4292
462	4764
462	5345
462	7188
657	2313
657	2475
657	2936
771	5389
867	5006
867	6806
504	1947
504	5779
504	7580
6174	7208
2822	5614
2580	5999
2580	6895
3899	7704
5749	6602
436	729
436	5084
542	688
1379	2569
879	2562
879	4528
879	6358
1512	1581
1512	2840
1512	3531
2165	5618
2165	7848
499	5993
831	950
831	3554
466	788
466	4195
466	5256
466	6921
5926	7365
362	446
362	1110
362	2550
362	6366
6683	6686
848	6333
3411	3782
3411	4670
3411	5508
3411	5816
3411	6000
3411	7460
5147	6281
1835	6833
1841	3781
2897	7475
1283	3070
378	441
1577	4637
1534	5235
899	3426
1003	2200
1003	4556
1048	5102
2170	5167
2615	4916
827	6450
828	1849
828	2720
828	2910
828	6203
828	7242
2438	6439
4188	5162
673	937
673	3438
397	543
1759	2147
1759	2473
1759	2734
1759	4958
1759	5953
4294	7922
3021	6711
6194	7083
1085	3718
1085	3858
1085	6269
3567	6103
1022	6323
1216	7473
386	2690
386	5543
1807	3695
406	1476
5911	7318
1362	4341
2740	3224
2470	5909
5034	5895
5034	7611
816	2747
816	4325
816	7030
521	676
521	965
521	4516
521	5561
521	7683
931	1513
931	5113
3664	7675
2484	6400
2484	6547
3925	4879
3902	4003
3902	6786
5654	7330
2699	5947
1110	1805
1110	2270
1110	2474
1110	3108
1110	3251
1110	3796
1110	3996
1110	4342
1110	5304
1110	5339
2550	7482
1206	6952
853	1618
853	1790
3019	5027
3394	6020
420	4242
520	1981
520	5807
520	7172
602	4137
602	6040
4204	7124
4803	7102
914	4276
914	4715
914	7072
1555	5374
584	3486
1010	1159
1010	2096
1010	5920
2792	3346
2792	5070
5543	6419
5543	7453
451	875
456	821
456	2141
456	5744
1037	1731
1037	7238
2706	3761
2706	6668
2895	4498
395	1527
395	4854
897	4997
471	7161
854	3625
854	3749
854	4021
918	1937
918	3632
918	7480
543	4090
2093	4812
2093	5912
2501	3665
2501	5550
1142	2251
1142	3688
1142	4108
1142	4298
1142	6230
6292	6906
477	1077
4650	6752
1208	1655
1208	3004
1208	6855
2450	4072
2450	6406
2450	6804
433	3210
433	7626
2418	3526
2418	5663
603	3230
442	1299
442	6370
2527	7113
447	2289
447	3720
1479	2094
1479	5060
493	710
493	824
493	947
493	1248
493	1966
493	3064
493	3803
493	7840
725	3401
725	7237
1423	1751
1580	5207
474	1247
474	1742
474	2207
474	7387
474	7506
2633	4271
735	1960
1279	1483
1279	2968
531	2516
531	4496
531	6110
729	3892
729	5621
729	7176
488	5300
959	1034
2090	2492
703	5552
703	5699
1065	6420
6064	6832
575	2191
1311	2143
1311	4534
3513	4375
2449	2709
1366	3390
2021	3010
5157	7546
4292	6838
1769	4934
2825	3478
2825	4040
608	670
608	1554
608	1898
608	2776
608	3233
608	7061
608	7273
788	1001
1247	2764
1247	4250
1742	7868
1077	1695
1077	1743
1077	3954
1077	4584
1077	5825
1077	7203
498	3918
974	7931
654	724
654	882
654	3557
654	4684
654	5127
654	5913
654	7827
1262	2197
1262	2773
1262	3976
1262	6091
1262	6919
1262	7814
3261	4056
2829	3374
710	6517
824	3131
824	7080
947	7638
1248	2628
3064	6212
3064	6285
3064	6916
3918	4366
895	1509
895	1986
895	4264
895	5945
895	6041
1787	5316
761	1422
761	2468
2982	4925
3365	4333
3365	6870
3365	7884
1482	2098
1482	2705
1482	7009
1693	7197
1950	4723
1950	5583
1950	5666
1981	6944
676	2465
594	1354
594	4520
890	4441
890	6101
890	7590
1533	3341
3497	6222
5013	7801
2353	5489
2353	7785
546	902
546	1912
546	2060
1563	3793
622	2324
1882	7327
902	1697
902	5608
971	1458
971	2024
971	2139
971	2636
971	3558
971	5770
971	7711
4326	6746
1302	3949
1302	4023
1302	7118
1360	3860
1360	4227
1360	5910
1336	1545
1336	1988
2187	3258
1236	7889
801	1100
876	5632
578	5491
615	2638
615	5967
1032	3120
2084	6308
793	2557
975	2549
1050	2085
1151	1560
1151	2486
1151	3620
2454	2680
2454	6242
5958	6221
6040	7245
3230	3568
1554	1839
1554	6710
2776	2820
776	805
776	2989
776	3635
3033	4874
3461	6767
2020	5574
2648	3744
6051	6383
1288	1682
1288	3641
1662	5241
1662	6581
2126	2746
2126	5998
726	1674
726	1908
726	2253
726	3763
6253	6997
1668	7150
951	2009
1438	6854
1933	1987
2830	4994
4684	6645
5913	6526
2475	3618
2475	4565
2475	5702
2936	6748
5873	6213
983	1869
983	1917
990	5970
3438	4912
2217	3789
1515	2137
1515	2531
4513	4776
1755	3014
898	4933
898	5811
1170	4561
3889	5230
970	6336
1665	2701
2390	6634
2421	5694
4523	4978
4523	6987
1088	3323
1088	5879
2767	4045
2767	4353
3095	6750
5479	5840
1244	3178
1244	3637
2022	5245
1095	2089
1095	2435
1095	3199
1095	3236
892	5884
3910	6127
909	2900
2253	4876
2253	4923
2253	4949
7176	7972
1254	2788
1254	3403
2300	3185
2300	6109
2300	6756
805	6002
2778	3724
3917	4406
2032	6609
4539	6664
1565	3400
2557	2922
2557	7629
846	2076
846	2224
846	7341
1677	2368
1677	3121
1677	3431
1677	6418
3580	7586
869	1040
869	2047
869	5017
1128	3207
1888	4643
2653	5173
3131	4705
3131	5320
3554	5005
1116	1235
1116	1591
1116	1643
1116	2044
3458	6878
2076	3783
2076	5838
1250	2124
1250	3503
1250	6232
1618	3191
1618	5766
1790	3225
2649	2894
2745	7452
6883	7627
3479	3650
3479	4939
3479	6763
927	3416
5220	6187
1736	5148
1396	1398
1396	3863
1040	6153
3779	5655
1509	6901
4264	4437
6041	7034
4997	5294
1697	2485
1794	5965
982	5498
4715	7436
1415	2512
2066	3945
2066	5605
2927	3790
2927	6014
2927	6318
2927	6831
2927	7367
2927	7940
2927	7959
1617	3932
1797	2933
3129	3920
3129	4964
3129	6567
7676	7729
1443	1868
1443	3039
1720	5665
1353	2789
1464	1980
1345	2003
1672	1696
1901	7440
1901	7645
1901	7960
2970	4581
2970	4589
1053	1203
1053	1320
3030	4639
2416	3396
3226	5528
7065	7173
2139	5325
1498	3627
2867	6984
5486	6996
5020	7620
1062	1587
1062	5447
5327	5434
4556	6460
1275	1287
1275	3455
1601	6430
1601	7496
7600	7640
3393	6764
1731	2211
1731	4432
1731	6599
1258	1343
1258	5973
1045	2966
1729	3197
5102	7738
1203	6477
1203	7520
3865	5260
2153	2854
1820	7112
1695	2235
1743	2442
1743	3752
4002	7314
4174	4921
4780	6892
5232	5900
3858	4268
3858	5560
1634	3812
2089	5210
2435	3016
3236	4785
1648	5769
1122	1180
1341	1777
1341	1860
2269	5414
4372	7539
2000	3363
1805	3909
1805	4357
3251	7813
3996	4562
5432	5477
5432	7976
3768	7255
1235	3966
1591	2133
1591	3222
1591	5988
1643	1791
1643	6585
1374	3878
1374	7463
3914	7258
3914	7313
1174	4436
1560	6689
5593	6507
4436	4842
1718	6321
2112	2807
3425	3898
5808	6036
2628	4504
1322	2419
2444	4433
1343	7759
2197	3237
4009	6407
4009	6697
1774	1953
1774	3444
1395	4260
1344	1552
1724	5188
1287	3730
3455	4295
3455	4911
1428	5334
2968	5880
2968	6262
3070	6896
1778	7632
3563	6296
3949	5309
2568	3122
2568	3709
6417	7317
2419	4664
2061	2849
3270	5555
1860	2999
2003	7162
2789	5641
4227	5475
4227	7716
3317	5390
3317	5753
6877	7068
2111	2177
3000	3529
3000	4656
3311	6674
2597	5548
1557	5458
2512	5388
1435	2986
3289	7748
4304	5083
1868	6171
3039	5236
2761	3950
1567	1929
1826	3721
2530	2742
2530	4739
1980	5790
2838	3770
2838	4176
3335	3915
3335	3951
2094	2117
5060	5727
1502	2375
2220	3576
2220	4221
2220	5897
2672	7474
4016	7594
2171	5707
1581	2223
1581	3602
2716	6218
1997	6762
3052	4390
1880	2156
1880	3406
1887	2071
1887	7215
1760	3508
1760	3934
2582	5907
2582	7103
2115	6226
1839	7018
1897	5137
1897	6199
1836	4163
3793	3850
3400	7252
4637	6693
2223	4088
2908	4878
2133	3182
2133	4129
3222	3483
2645	6505
2645	7042
3525	5040
5273	7728
2287	6494
2598	2901
2775	4411
5769	6440
1885	2659
1885	3896
1885	6795
4425	4512
3161	5466
2891	3241
2891	6148
2130	6614
2485	6685
2469	4624
3273	3408
3273	5706
3273	6912
6257	7686
3162	7768
3162	7794
4432	7637
2442	2874
2442	3290
3344	7826
4863	7644
3014	6949
2147	3924
5953	6474
3934	4053
3934	4655
3934	5990
2078	2694
2078	5331
3598	6360
2497	6956
2958	5346
2346	3847
2346	5645
2346	5712
3721	7332
3068	3085
3068	7210
4163	5340
4163	7021
3781	5538
5957	6421
2288	5081
2288	6960
2288	7227
2851	3472
5435	6785
6796	7910
2507	6994
4208	6661
2156	2719
7310	7994
2659	3501
3896	5065
2596	5240
3616	4814
3616	7097
5851	6849
3163	5681
3163	6258
3871	4927
2940	6424
2589	5733
4723	5284
3284	6799
7505	7556
3532	4728
3532	7104
5125	7824
2818	6097
5574	6553
3010	6485
4314	6078
4314	6582
4314	7567
2400	2886
2400	6970
2849	4428
3945	4025
2694	4536
6948	7081
2492	7893
4812	6699
7046	7830
4173	6496
2301	5469
2654	2785
3960	6755
3169	3440
5542	5997
3576	3578
5897	6908
2572	2814
2572	7669
4488	4944
4451	4917
4923	7045
4203	5763
4727	7015
6494	6572
5108	7831
2743	3160
2743	4468
2856	6557
4073	5901
2443	3430
3908	6245
2886	2931
2886	6100
3074	5835
3476	4052
3447	5551
3526	4089
3016	6107
3016	6394
2709	5363
3597	3780
4452	6042
2684	3355
2684	3639
6956	7180
2626	3299
2952	4552
3392	4873
3696	5557
6533	6656
3722	6558
6550	7126
5093	6852
4181	5737
2691	6080
3939	5079
4890	6879
3160	5802
2820	3059
2820	6523
2820	7156
4507	7087
3935	5917
3346	3389
3346	3504
3346	5139
3346	5740
3346	6013
3346	7399
5070	5333
6097	7470
3059	5697
3478	4518
4428	4465
5759	6140
3790	6001
4552	6480
3053	4046
3053	4370
3053	5463
4656	4951
4639	6024
4610	5407
4370	4788
4370	6654
5653	6632
6212	6834
3085	7828
4350	5836
5279	6899
4409	4455
3817	3822
3817	5098
3260	6455
3324	3340
3324	4115
3324	5553
6962	7301
5802	7115
3440	5948
3378	5069
3421	7563
3421	7786
3216	4831
3216	5852
4279	4795
5465	7857
3879	6123
3879	7547
3389	6340
5139	6650
5202	6780
5202	7967
3545	4367
4670	5849
5508	6941
5948	7545
5308	6448
6222	6607
4089	7152
3732	4992
3905	6188
7408	7883
4492	5380
7332	7771
6327	6391
6327	6482
4268	7085
5260	6692
5260	7421
5135	5755
6127	6845
4079	5186
4562	6850
4562	7325
4562	7490
5257	5691
5257	7892
4781	5405
5579	5785
4679	7374
6642	6824
5475	7570
5509	7870
5500	7797
5083	6943
4767	5223
4767	7017
6480	6594
5375	7340
5405	5831
6201	7689
5487	7859
5294	5455
5294	5782
5727	6619
5333	5536
5900	7270
5782	6911
5831	6396
6191	7655
6526	7557
6221	7158
6391	7574
6572	7294
7301	7384
