# Undirected graph (each unordered pair of nodes is saved once): Results/Robustness/networkScaleFree8000removed-0.04percent.txt
# Nodes: 6400 Edges: 5118
# NodeId	NodeId
1	3
1	4
1	5
1	6
1	8
1	9
1	10
1	16
1	19
1	20
1	23
1	25
1	28
1	30
1	36
1	37
1	38
1	39
1	43
1	45
1	77
1	79
1	83
1	84
1	117
1	134
1	158
1	178
1	182
1	192
1	203
1	238
1	249
1	264
1	274
1	283
1	310
1	315
1	333
1	358
1	369
1	375
1	396
1	398
1	399
1	404
1	407
1	425
1	434
1	455
1	464
1	472
1	482
1	502
1	510
1	537
1	539
1	548
1	554
1	562
1	611
1	613
1	625
1	651
1	655
1	700
1	762
1	781
1	782
1	783
1	792
1	808
1	812
1	856
1	884
1	886
1	900
1	906
1	944
1	976
1	1055
1	1079
1	1090
1	1103
1	1113
1	1115
1	1154
1	1175
1	1211
1	1238
1	1240
1	1263
1	1284
1	1317
1	1358
1	1372
1	1392
1	1460
1	1490
1	1602
1	1630
1	1705
1	1749
1	1782
1	1810
1	1833
1	1844
1	1848
1	1867
1	1879
1	1886
1	1889
1	1893
1	1903
1	1922
1	1996
1	2116
1	2127
1	2161
1	2242
1	2244
1	2285
1	2322
1	2340
1	2407
1	2500
1	2546
1	2607
1	2619
1	2627
1	2652
1	2865
1	2905
1	2917
1	2965
1	2998
1	3012
1	3040
1	3041
1	3048
1	3049
1	3060
1	3093
1	3175
1	3321
1	3342
1	3429
1	3449
1	3488
1	3510
1	3634
1	3653
1	3708
1	3735
1	3832
1	3953
1	3972
1	3995
1	4110
1	4155
1	4185
1	4213
1	4239
1	4246
1	4255
1	4313
1	4657
1	4686
1	4708
1	4913
1	4970
1	5010
1	5121
1	5123
1	5152
1	5170
1	5213
1	5229
1	5278
1	5326
1	5361
1	5391
1	5411
1	5431
1	5515
1	5591
1	5646
1	5651
1	5671
1	5841
1	5865
1	5919
1	5944
1	6113
1	6132
1	6138
1	6235
1	6239
1	6324
1	6379
1	6519
1	6529
1	6589
1	6627
1	6629
1	6680
1	6721
1	6727
1	6792
1	7027
1	7033
1	7096
1	7136
1	7153
1	7240
1	7253
1	7299
1	7355
1	7407
1	7458
1	7550
1	7584
1	7621
1	7780
1	7807
1	7979
146	2808
2467	4452
2467	6347
2467	6580
4168	5579
3	65
3	341
3	661
3	1027
3	1918
3	2067
3	2889
3	3001
3	3441
3	3736
3	3829
3	4062
3	4641
3	6220
3	6714
4	11
4	12
4	34
4	51
4	58
4	62
4	87
4	167
4	175
4	190
4	512
4	715
4	1105
4	1172
4	1256
4	1686
4	2379
4	2722
4	3204
4	3291
4	3694
4	5059
4	5433
4	6483
4	7679
5	14
5	143
5	179
5	485
5	1210
5	1461
5	2962
5	3293
5	4526
5	4530
5	5556
6	72
6	89
6	99
6	177
6	200
6	418
6	445
6	574
6	757
6	1141
6	1157
6	1205
6	1307
6	1334
6	1467
6	1620
6	1926
6	2008
6	2027
6	2544
6	2566
6	2824
6	3640
6	4310
6	4335
6	4693
6	4768
6	5546
6	6050
6	6059
6	6605
6	7174
8	183
8	206
8	2092
8	3480
8	5772
8	6695
8	6732
9	22
9	47
9	120
9	169
9	235
9	357
9	492
9	607
9	617
9	702
9	719
9	916
9	925
9	1241
9	1486
9	1579
9	1606
9	1735
9	2412
9	2731
9	3128
9	3633
9	4219
9	4648
9	5009
9	5104
9	5393
9	5625
9	7263
9	7991
10	107
10	423
10	432
10	643
10	896
10	1333
10	1381
10	1657
10	2196
10	2828
10	3282
10	5415
16	91
16	614
16	1281
16	2364
16	2990
16	4347
19	52
19	88
19	300
19	308
19	678
19	1305
19	1549
19	1572
19	2073
19	2181
19	2266
19	2739
19	3238
19	3252
19	4244
19	4822
19	7364
20	24
20	326
20	540
20	599
20	3080
20	3555
20	5319
20	7971
23	2392
23	3002
25	35
25	53
25	166
25	302
25	517
25	550
25	619
25	686
25	773
25	814
25	878
25	945
25	1061
25	1245
25	1272
25	1351
25	1388
25	1939
25	2640
25	3036
25	3391
25	3970
25	4004
25	4334
25	4851
25	5221
25	5794
25	7492
28	31
28	772
28	1082
28	1129
28	1417
28	1646
28	2555
28	2608
28	4091
30	128
30	129
30	660
30	672
30	928
30	1030
30	1135
30	1494
30	3559
30	5106
30	5522
36	70
36	80
36	162
36	174
36	394
36	468
36	480
36	600
36	618
36	624
36	628
36	684
36	747
36	939
36	969
36	1198
36	1228
36	1371
36	1739
36	1809
36	1909
36	2186
36	2360
36	2536
36	2588
36	4178
36	4301
36	4464
36	4555
36	4586
36	4613
36	5310
36	5371
36	5829
36	6334
36	6457
36	6761
36	7078
36	7109
36	7631
36	7721
37	180
37	731
37	1265
37	5430
37	6160
38	355
38	798
38	933
38	1162
38	1179
38	1229
38	1359
38	1730
38	1781
38	2993
38	3875
38	4405
38	6170
38	7933
39	209
39	1977
39	5821
43	44
43	61
43	86
43	311
43	2202
43	2610
43	3788
43	5181
43	6630
45	106
45	286
45	669
45	1004
45	1036
45	2408
45	3312
45	4787
45	5381
45	6145
77	2128
77	2359
79	116
79	296
79	338
79	500
79	621
79	807
79	1469
79	2175
79	2221
79	2367
79	2387
79	2411
79	3141
79	3276
79	6991
83	320
83	1748
83	2696
83	7137
84	756
84	1024
84	1093
84	1673
84	3028
84	3491
84	5142
117	295
117	458
117	1493
117	1525
117	1687
117	1795
117	5218
134	351
134	4525
158	413
178	268
178	610
178	1571
178	2576
182	961
192	759
192	2718
192	4749
192	6351
203	523
203	4588
203	7604
238	804
238	1553
249	2822
274	346
274	1854
274	2912
274	3731
274	5926
274	6468
274	6678
310	7816
315	4280
358	361
358	1689
358	2131
358	2524
358	2699
358	3143
358	3750
358	5464
358	6825
369	3119
375	914
375	1555
396	918
398	1684
398	2093
398	5036
398	7763
398	7901
399	2501
399	2978
399	7323
404	855
404	3733
404	3855
404	4616
407	2045
425	2135
425	3701
434	1017
434	1057
434	1063
455	677
455	3513
455	6770
464	508
464	608
464	4489
464	6277
482	929
482	2423
482	2478
482	3610
482	7634
502	6893
537	3420
537	5180
539	760
539	7942
554	2187
554	2594
554	3571
554	3840
554	6165
554	7730
562	4184
562	4190
611	3461
611	7890
613	3247
613	5145
625	5871
625	7120
625	7395
625	7512
651	835
762	2300
781	994
782	1495
782	4539
782	6894
783	1239
783	1544
783	1565
783	4541
783	4942
783	5860
783	7233
783	7885
808	4202
856	2274
856	2649
856	2745
856	2832
856	2881
856	4354
856	4483
856	6152
856	6883
856	7073
884	2858
906	6048
944	7466
1055	1708
1055	5846
1079	2821
1079	3857
1079	4002
1079	4174
1090	1634
1090	1671
1103	4372
1103	7562
1113	1286
1113	5985
1115	1224
1154	4368
1154	5593
1154	6687
1175	2014
1175	2545
1175	2693
1175	5459
1175	6771
1238	4820
1238	6087
1240	5971
1263	4009
1284	2660
1317	7762
1358	3062
1460	1737
1460	4848
1460	7707
1490	3515
1490	5780
1602	6095
1705	2469
1749	3231
1782	2327
1782	2497
1833	2809
1833	3007
1833	4600
1848	2083
1848	7382
1867	1965
1867	3734
1879	2231
1879	4431
2127	6387
2161	5606
2242	5510
2244	4488
2285	2496
2285	4727
2285	5419
2285	5962
2322	3382
2500	4258
2546	2863
2627	5685
2627	7742
2917	3658
2917	4450
2917	4859
2998	4177
3040	6555
3049	3596
3049	4610
3060	7315
3175	4443
3321	3656
3342	5035
3342	5874
3342	7542
3342	7822
3972	5219
3972	6472
4246	4654
4246	5525
4246	7441
4255	6666
4255	7519
5326	7968
5431	6920
5651	6306
7033	7532
7	21
7	69
7	145
7	154
7	187
7	201
7	237
7	240
7	246
7	284
7	328
7	373
7	570
7	579
7	833
7	841
7	987
7	1094
7	1165
7	1207
7	1209
7	1277
7	1327
7	1330
7	1364
7	1658
7	1801
7	1834
7	2026
7	2041
7	2199
7	2458
7	2919
7	3171
7	3549
7	3806
7	3942
7	4126
7	4285
7	4477
7	4605
7	4860
7	5039
7	5292
7	5321
7	5724
7	6237
7	6273
7	6348
7	6497
7	7267
7	7392
7	7561
7	7913
17	27
17	350
17	716
17	1350
17	3727
17	4706
17	5839
17	6708
75	861
75	1627
75	2174
75	2902
75	4508
75	5876
75	6173
75	7984
213	309
213	921
213	3957
817	1888
817	4131
817	5602
3626	4210
3626	4492
65	148
65	1075
341	2484
341	3925
661	964
661	983
661	5983
661	7431
661	7449
661	7891
1027	3244
1918	4986
2889	5254
2889	5939
3001	4159
3736	6168
4062	4395
11	46
11	78
11	248
11	297
11	374
11	786
11	880
11	903
11	948
11	1145
11	1397
11	2410
11	3417
11	3922
11	4151
11	4166
11	4282
11	5047
11	5495
11	5896
11	6928
11	6967
11	7133
11	7508
12	54
12	67
12	112
12	151
12	648
12	832
12	1767
12	2521
12	3221
12	3364
12	3573
12	3753
12	5249
34	163
34	503
34	1473
34	1583
34	1963
34	2178
34	3184
34	4855
34	5015
34	6375
51	4470
51	7698
58	728
58	823
58	1072
58	1101
58	1524
58	2057
58	3243
62	96
62	104
62	153
62	164
62	230
62	250
62	252
62	258
62	336
62	410
62	439
62	697
62	713
62	877
62	1625
62	2354
62	2386
62	2842
62	3017
62	3201
62	3574
62	6016
62	6707
87	147
87	536
87	1923
87	3313
87	6231
167	671
167	863
167	5190
167	5497
175	223
175	6812
190	243
190	277
190	601
190	1087
190	2125
190	2489
190	3339
190	3983
190	4935
190	4974
190	5541
190	6724
512	761
512	2687
512	2982
512	3814
512	4054
512	5704
512	5898
512	6985
512	7008
512	7356
715	2159
715	5479
715	5787
715	6982
715	7003
715	7411
1105	5222
1172	4689
1686	6670
2379	5559
3291	5465
3291	5590
14	63
14	98
14	133
14	150
14	176
14	217
14	251
14	299
14	345
14	444
14	632
14	683
14	809
14	811
14	858
14	874
14	1214
14	1234
14	1425
14	1535
14	2205
14	2342
14	2561
14	2674
14	2682
14	2938
14	2964
14	3103
14	3581
14	3728
14	3766
14	4012
14	4416
14	4626
14	4813
14	4963
14	5261
14	5883
14	7220
14	7302
14	7677
14	7817
14	7900
143	241
143	709
143	1312
143	2991
143	3473
143	3677
143	4273
143	6596
143	7368
485	1262
485	2303
485	3261
485	3287
1210	3425
72	4628
72	4861
89	275
89	1144
89	2260
99	568
99	799
99	830
99	940
99	1368
99	1456
99	1913
99	2483
99	2857
99	3386
99	3711
99	5454
99	5791
99	7597
177	1466
177	4237
177	6518
177	7195
177	7928
200	859
200	1597
200	3804
200	4082
200	6712
200	6890
200	6903
200	7497
445	1347
445	1714
445	2090
445	2488
445	4392
445	6861
574	5461
574	7265
757	1488
757	3569
757	5004
1141	2644
1141	5567
1141	5713
1157	4678
1157	4733
1157	5717
1205	2620
1205	4212
1205	7757
1307	1715
1307	2568
1307	3044
1307	3457
1307	7946
1334	6913
1467	5786
2008	5125
2008	6086
2008	6679
2008	7247
2544	5683
2544	6914
21	115
21	204
21	210
21	484
21	513
21	620
21	623
21	690
21	692
21	980
21	1012
21	1148
21	1225
21	1481
21	4364
21	4839
21	6011
21	6229
21	6378
21	7276
69	73
69	265
69	565
69	1421
69	1851
69	4094
69	4248
69	4419
69	4845
69	5833
69	6816
69	7740
154	4896
187	334
187	3356
187	3759
201	810
201	864
201	1719
201	3264
201	4118
201	4531
201	5887
201	7670
237	424
237	777
237	794
237	2040
237	2213
237	2248
237	3514
237	3683
237	4128
237	5099
237	5594
237	6270
237	7070
237	7205
240	6143
240	7896
246	255
246	802
246	1212
246	3300
246	3699
246	3800
246	3948
246	3958
246	4449
246	4608
284	1559
284	2813
284	6683
328	4251
328	5911
373	520
373	602
373	3903
373	4204
570	578
570	1223
570	1274
570	1301
570	1873
570	1896
570	2896
570	2918
570	3166
570	3235
570	3250
570	5517
570	6515
570	7123
833	1116
833	4458
987	3302
1165	1242
1165	4196
1277	1428
1277	1452
1277	1895
1277	2100
1277	2252
1277	2974
1277	4257
1277	4340
1277	4793
1277	5356
1277	7799
1327	6897
1330	4042
1364	4101
1364	5914
1364	5960
1364	7199
1658	2145
1834	2006
1834	3068
1834	6882
2041	3042
2041	5796
2458	3597
2919	5200
3942	4182
4126	4147
183	541
183	4807
183	5902
206	303
206	706
206	1023
5772	7479
5772	7912
22	214
22	343
22	630
22	4595
22	5324
120	526
120	2122
120	2413
120	4148
120	6192
169	559
169	845
169	1130
235	4735
235	4977
607	1928
607	4049
607	5858
617	2311
617	3217
617	6644
702	1471
719	1095
719	1631
916	6947
925	6552
925	7992
1241	3298
1241	3468
1486	3894
1486	4106
2412	2715
2412	3476
2412	7358
3128	4384
5009	5224
5393	7146
5625	5732
5625	6778
107	186
107	316
107	2395
107	3332
107	4060
107	4756
107	7787
423	493
423	744
432	735
432	885
432	1054
432	1279
432	3098
432	3546
432	4036
432	5237
432	6300
432	7254
432	7369
643	1668
896	3099
1333	1375
1333	3181
1333	3270
1333	3657
1333	3861
1333	4461
1333	6623
1333	6640
1333	7170
1333	7648
1381	2111
1381	3000
1381	4183
1381	6090
1657	3309
1657	4763
46	100
46	457
46	596
46	711
46	1944
46	2050
46	2543
46	3006
46	3714
46	3886
46	4575
46	4792
46	5523
46	6124
46	7692
78	220
78	364
78	435
78	4318
248	504
248	505
248	3997
248	4573
248	6174
374	1300
374	1564
374	2422
374	4803
880	2784
948	4377
1397	1838
1397	4132
1397	7098
5047	6017
54	92
54	219
54	416
54	780
54	1192
54	1569
54	1585
54	2398
54	2869
54	3090
54	3375
54	4220
54	5710
54	6817
67	130
67	2222
67	2433
67	2525
67	3240
67	4439
67	5242
67	5565
67	5826
67	6598
151	291
151	722
151	3680
151	4112
648	1438
2521	4773
3573	5335
63	267
63	3132
63	3715
63	7259
98	266
98	593
98	1603
98	2629
133	2383
133	2733
133	4143
133	4165
150	1508
150	2686
150	2843
150	5554
176	629
176	2436
176	2810
217	5686
251	2580
251	4224
251	4687
299	2365
299	3176
345	2246
345	4682
444	4434
444	7709
444	7851
632	5209
632	7607
683	1170
683	3889
683	4558
683	6446
809	3662
858	4622
1214	5114
2205	2639
2342	5692
4416	6043
103	4211
119	126
119	741
119	2001
119	3157
119	4574
119	4983
119	5287
119	5582
331	2470
391	897
391	998
426	1064
426	1067
426	1423
426	1547
426	1580
426	2509
426	2979
426	5630
426	6958
478	498
478	974
478	1971
478	4359
478	4969
478	4975
478	7010
478	7326
478	7788
604	3679
604	5526
604	6437
637	726
934	1414
934	1617
934	1797
934	3129
934	4019
934	7676
934	7957
1185	6006
1259	4775
1259	6738
1259	7836
1722	4618
1722	6257
2320	7713
2446	6120
2983	5199
91	93
91	110
91	160
91	216
91	271
91	372
91	384
91	422
91	723
91	862
91	1018
91	1041
91	1069
91	1678
91	1779
91	2063
91	2292
91	2396
91	2708
91	3173
91	3203
91	3228
91	3841
91	4022
91	4122
91	4351
91	4535
91	4797
91	4924
91	4932
91	5627
91	5885
91	6104
91	6244
91	6382
91	6403
91	6475
91	6503
91	7229
614	6840
2364	3117
2990	5480
2990	6857
27	32
27	40
27	60
27	64
27	66
27	132
27	161
27	172
27	202
27	408
27	473
27	481
27	516
27	518
27	551
27	663
27	674
27	746
27	992
27	1084
27	1332
27	1546
27	1610
27	1884
27	1956
27	2042
27	2247
27	2304
27	2511
27	2612
27	3112
27	3220
27	3370
27	4694
27	5008
27	5064
27	5226
27	5297
27	5436
27	5502
27	5506
27	5533
27	6033
27	7338
27	7653
27	7678
27	7732
716	1244
50	227
50	411
50	636
50	705
50	764
50	1233
50	2140
50	4544
50	6881
50	7548
259	6183
259	7583
349	1378
349	3628
349	5337
349	5654
349	6534
349	7095
662	990
662	7026
727	1706
860	870
860	3274
860	3479
872	1548
872	3676
872	7552
1260	5628
1446	6039
2053	4499
2503	6426
2503	7501
52	122
52	2766
88	105
88	173
88	257
88	359
88	1121
88	1445
88	1788
88	2070
88	2519
88	3084
88	3629
88	3751
88	4309
88	4906
88	5669
88	5735
88	5952
88	7141
88	7948
300	1534
300	5043
308	489
308	1189
308	2574
308	2615
308	5527
1549	4938
2073	2388
2073	7308
2181	2249
2181	6584
2181	7288
2266	3654
2266	5021
4244	7092
4822	7897
24	225
24	388
24	743
24	2762
24	5672
326	386
326	666
326	1576
326	1807
326	6364
326	7902
540	546
540	4145
115	1164
115	1383
115	1808
115	3349
115	4077
115	6465
115	7291
204	649
204	851
204	1355
204	1440
204	1762
204	4720
204	5445
204	7088
210	319
210	1146
210	3351
484	2929
620	6051
623	1662
623	2126
623	5166
690	973
690	1665
690	2390
690	3911
690	4580
690	4752
6378	7053
7276	7413
214	1561
214	1746
214	2056
214	2780
214	2878
214	3024
214	3366
343	6885
343	6964
630	6784
4595	4629
225	704
388	451
388	456
388	1037
388	1163
388	1418
388	2113
388	2567
388	2706
388	2895
388	2913
388	4169
388	6093
388	6190
388	6532
388	6734
388	7256
388	7646
743	1365
743	1507
743	1640
743	2370
743	3422
743	4215
743	4383
743	4722
743	5688
743	6458
743	7617
35	6576
35	6617
35	6788
53	348
53	567
53	656
53	1614
53	4026
53	4116
166	1475
166	3337
166	7536
517	3365
517	4259
517	5383
517	5531
517	6329
550	2273
619	5418
945	1269
945	6891
1272	2028
1272	4328
1351	4454
2640	3722
3391	6443
1156	2870
1156	6211
1156	6918
1622	5273
1771	2078
2328	2856
32	33
32	261
32	646
32	1080
32	1543
32	2833
32	2963
32	5101
32	5492
32	5806
32	7304
32	7454
40	140
40	253
40	1213
40	5624
40	7691
60	74
60	920
60	1178
60	1255
60	1619
60	2591
60	3058
60	3797
60	4954
60	5412
60	6130
60	6454
60	7810
64	2335
64	2861
64	3881
64	4726
66	90
66	193
66	533
66	774
66	1114
66	1850
66	2103
66	2517
132	587
132	844
132	2088
161	218
161	1326
161	1402
161	1768
161	1822
161	1827
161	2334
161	4495
161	4819
172	1252
172	5619
202	221
202	606
202	1243
202	1357
202	2880
202	2903
202	5160
202	5537
202	7261
202	7766
481	3196
518	1482
518	1693
551	1656
663	749
663	3661
663	5111
663	7525
674	1109
674	2217
674	5191
746	7511
746	7589
992	3380
992	3952
992	5289
992	5486
1084	2291
1084	4780
1084	5232
1610	2520
1884	2043
1884	7310
2247	3423
2247	3428
2247	5797
2247	7219
2511	2723
2612	3392
5008	5639
5502	7204
31	42
31	59
31	121
31	136
31	149
31	155
31	170
31	993
31	1143
31	1173
31	1176
31	1403
31	1598
31	1989
31	2344
31	2906
31	3088
31	3591
31	3887
31	3895
31	3982
31	4486
31	5072
31	5217
31	5329
31	5747
31	5775
31	6035
31	6372
31	6608
1417	4825
1417	5208
1646	2358
2608	4324
2608	5400
4091	5878
4091	7309
159	366
159	2542
159	3079
159	3547
232	942
232	1528
232	1647
232	7619
405	1208
405	2450
405	6385
755	1254
755	3219
128	360
128	528
128	2602
128	4161
128	6539
129	354
129	698
129	999
129	2120
129	2284
129	2556
129	2560
129	2956
129	4524
129	4570
129	4869
129	5422
129	5979
660	696
660	1877
660	2688
660	2702
660	3187
660	4206
660	4827
660	5615
660	5873
660	7747
928	1415
1030	3393
1494	2755
1494	2868
1494	7624
3559	4931
42	6073
59	390
59	430
59	2839
59	6384
59	7875
121	4843
136	282
136	329
136	387
136	532
136	913
136	1474
136	1632
136	2007
136	2210
136	2603
136	5285
136	6369
136	7048
136	7213
155	7379
170	226
170	1201
170	1589
170	1744
170	1786
170	2271
170	2290
170	2490
170	2606
170	2753
170	5110
170	5130
170	5206
170	6504
170	6805
170	6942
1598	2645
5329	7610
5747	6612
6372	7362
33	1112
33	4414
33	5307
261	499
261	4724
1080	1404
1080	1776
1080	5305
1080	6744
1080	6904
2963	5854
5101	7522
1112	3768
503	895
503	5133
1473	2838
1963	2302
5015	6015
70	142
70	256
70	873
70	1291
70	1480
70	2168
70	2216
70	2973
80	81
80	738
80	3474
80	3589
80	5815
80	7936
162	3399
174	400
174	511
174	1758
174	2604
174	2656
174	3606
174	6871
468	1536
480	605
480	654
480	1948
480	2579
600	1830
618	2648
618	2675
618	5440
628	2077
628	7029
628	7189
684	737
684	970
684	1679
684	2752
939	1026
939	1386
939	1443
939	1514
939	1720
939	2393
939	2975
939	3913
939	3967
939	7114
969	3226
969	3642
969	4065
969	4844
969	6356
969	7065
1228	1904
1228	2226
1228	5203
1371	6054
1371	7966
1739	4783
4301	5500
4301	6268
4613	5046
7078	7477
180	245
180	1249
180	1930
180	2622
180	2658
180	4972
180	6345
180	7235
731	6284
1265	1395
1265	4059
1265	4725
5430	6052
355	1578
355	1740
355	3465
355	4099
355	7178
355	7401
798	1677
798	2082
798	4880
933	2066
933	2927
933	4594
933	6718
1179	1799
1179	5450
1730	4809
2993	3263
1977	5183
5821	6684
140	156
140	1098
140	2331
140	3773
140	4080
140	6219
140	7455
140	7643
253	321
253	984
253	1092
253	1171
253	2630
253	6332
745	1295
745	1296
745	1348
1959	4175
1959	6247
2729	5054
44	560
44	1025
61	109
61	285
61	352
61	558
61	839
61	1399
61	5656
61	5804
61	5805
61	6322
61	6392
61	7268
61	7393
61	7671
86	1270
311	1434
311	1530
311	3482
311	4993
311	6445
311	7451
2202	3588
1025	3450
1025	5089
1025	5395
1025	5824
1025	6350
1025	7343
106	3106
106	4582
286	740
286	848
286	1700
286	1793
286	2377
286	2744
286	3348
286	3411
286	3774
286	4712
286	5147
286	7856
669	2537
669	3916
669	6635
1004	7839
3312	3879
100	7469
457	3974
2543	7100
3886	4198
5523	7456
6124	7939
71	3785
71	4681
469	1789
469	2149
469	3026
108	1125
108	3285
108	5473
108	6320
212	236
212	239
212	247
212	272
212	335
212	419
212	968
212	1193
212	1427
212	1556
212	2013
212	2584
212	2879
212	3003
212	3757
212	3762
212	4635
212	4782
212	6975
278	362
301	367
301	650
301	899
301	1003
301	2039
301	3113
301	3372
301	6025
301	6121
322	397
322	401
322	675
322	1073
322	1759
322	2763
322	4119
322	4207
322	4294
322	5678
322	6802
322	6937
452	575
796	1595
796	2834
796	6352
978	1498
978	7225
981	1594
981	2641
1042	1045
1042	4789
1042	4838
1042	6702
1042	7164
1558	1670
1654	3460
1654	5867
1754	5568
1754	5664
1754	6416
1754	7125
1754	7129
1946	7306
2957	4669
2957	7657
3442	4113
3442	5308
3548	3732
3548	5385
3548	7700
3862	5844
4261	5925
6691	7459
227	583
705	6759
764	4444
764	6058
6881	7478
122	1588
122	2791
122	3114
122	3836
348	6117
656	912
656	2037
656	5086
1614	5634
92	486
92	4699
92	7280
219	254
219	379
219	409
219	538
219	985
219	1202
219	1982
219	2404
219	5886
219	7753
416	603
416	5679
416	7841
1585	3937
4220	5359
171	555
171	659
171	766
171	1641
171	4472
171	5687
171	6021
171	6579
763	1033
1542	1760
1542	2582
1542	6278
1934	3167
427	2553
427	5788
427	7535
753	5995
1470	3076
1470	5798
1470	7334
1728	6167
4550	7145
728	4408
728	5931
728	7257
728	7426
823	960
823	2653
823	5151
1101	1341
1101	6929
3243	7433
430	2633
74	681
74	1060
74	3518
1178	5843
2591	6434
3797	5927
3797	7736
5412	6398
5412	6423
109	2817
109	4172
109	6069
109	6860
109	6898
285	4902
558	2514
558	3791
558	4086
558	5609
558	6781
839	2275
5656	5882
96	2632
104	393
104	893
104	2052
104	2508
104	6573
153	529
153	2476
153	3811
153	5980
230	260
230	292
230	496
230	572
230	1337
230	1651
230	1816
230	2049
230	2323
230	2397
230	2750
230	2860
230	3737
250	5714
250	6055
252	2350
252	2506
252	3899
252	5749
252	7593
258	3329
258	6591
336	2481
336	5258
336	6540
336	6969
439	488
439	1400
439	4107
439	7226
697	6233
713	2767
713	3095
713	3704
713	4909
713	6484
713	6733
1625	2287
1625	2595
2354	2445
2354	4503
2842	3295
2842	3712
3574	4075
3574	5595
3132	3260
3132	3324
3132	6276
3715	5677
7259	7278
2861	4888
148	211
148	1832
148	7592
1075	1820
90	826
90	3609
90	3792
90	3849
90	5711
533	7985
774	2282
774	3018
774	3463
774	4511
774	7533
2103	2805
130	323
130	4156
2222	7717
3240	3631
3240	4100
3240	5115
3240	6314
3240	7380
5565	6631
73	1184
73	4229
265	6046
265	6593
1851	2080
1851	2749
1851	3586
1851	5957
1851	6444
5833	7756
142	431
142	1726
142	2072
142	4378
142	5122
142	6139
256	879
256	1512
256	1680
256	2165
256	3961
256	4286
256	4300
256	4445
256	6161
873	1137
873	3779
873	5169
873	5738
1291	1340
1291	1847
1291	2206
1291	2563
1291	3029
1291	3283
1291	5616
1291	6934
1184	2058
1184	4543
861	6729
97	1264
97	3027
97	4404
97	4948
102	460
102	708
102	952
102	1329
102	1825
102	2570
102	2578
102	3577
376	2079
1713	3873
1713	6657
3179	6337
3466	7941
2128	6803
2128	7658
2359	5728
220	307
220	1551
220	2267
220	2399
220	3471
220	4103
435	531
435	4644
338	816
338	1181
338	1367
338	2129
338	2452
338	3208
338	7938
621	1288
2387	7011
2411	3074
3141	4041
3141	7564
81	101
81	222
81	313
81	412
81	1584
81	2456
81	3670
81	4134
81	6271
81	6859
101	114
101	118
101	736
101	5516
101	7642
222	270
222	306
222	389
222	465
222	467
222	563
222	720
222	1191
222	1319
222	1676
222	1709
222	1757
222	1813
222	1814
222	1821
222	2189
222	2790
222	3118
222	3126
222	3361
222	3384
222	3490
222	3660
222	3729
222	3927
222	4000
222	4329
222	5446
222	5721
222	5845
222	5942
222	6250
222	7167
222	7221
313	1663
313	2593
313	3424
313	4996
313	7952
412	795
412	3434
412	3502
412	5382
412	6971
1584	2908
1584	3962
3670	5136
320	645
320	673
320	3124
320	4603
320	7903
1024	4394
1270	7000
105	768
105	4901
257	6745
359	3978
359	7057
1788	3278
1788	6810
3629	6900
3751	4097
2260	4786
3849	5774
5711	5784
93	626
93	1661
93	2065
93	2245
93	2605
93	2815
93	3140
93	4236
93	5975
93	6502
93	7705
110	1608
110	1798
110	7819
160	224
160	1804
160	2528
216	317
216	497
216	797
216	1356
216	1413
216	1455
216	1609
216	2234
216	2355
216	2376
216	2402
216	2673
216	3357
216	3494
216	5120
216	6868
216	7351
384	491
384	687
384	2414
384	2430
384	6490
384	7342
422	633
723	909
723	5481
862	927
862	4194
862	5220
862	6977
1018	1747
1069	2153
1069	5751
1779	4696
1779	7398
1779	7575
2063	6354
2063	7674
2396	3645
4535	4572
5885	7135
486	4247
1661	2203
2065	3830
2065	7543
327	406
327	1005
327	3943
327	5989
228	490
228	1261
228	2461
228	3802
228	4303
228	4947
228	5899
228	7139
380	448
380	3778
380	6432
665	1293
665	6335
2494	6583
2955	3053
1264	1774
4404	7350
593	5622
2629	2977
568	801
568	876
568	1899
568	7749
799	3580
1456	3877
1913	3871
1913	4399
1913	4633
1913	5937
1913	6070
1913	6401
1913	6782
2483	2866
3711	6063
3711	6955
5454	5610
7597	7710
114	141
114	1197
114	1562
114	2033
114	2972
114	4546
114	7298
114	7609
114	7815
118	566
118	1152
118	1985
118	4798
736	2661
460	1582
460	1621
460	3115
460	6998
708	1088
708	7869
1329	2264
1329	3202
1329	3320
1329	4391
1329	6142
1825	5295
893	1107
768	1859
3106	3259
186	262
186	730
186	4853
186	5437
186	7988
316	828
316	1226
316	1380
316	3955
316	4230
316	7191
2395	2443
2395	3908
2395	4142
2395	4374
2395	5377
2395	7428
3332	7062
4172	6681
1798	2782
1798	2976
1798	4421
1798	6545
1520	1997
1520	3052
1520	7514
184	3257
184	3739
184	5932
184	6126
184	6501
184	7672
415	7410
2625	3562
141	324
141	342
141	547
141	857
141	2564
141	3232
141	3686
141	4467
141	4623
7298	7847
1383	2348
1808	2240
1808	7726
295	1613
295	2916
458	767
1493	2721
1493	4661
1493	4774
1493	5238
1525	5771
1525	6559
1687	1919
1687	2891
1687	3172
1687	7013
1985	7510
126	137
126	4862
741	946
741	2439
741	2757
741	3747
741	7500
4574	7855
2413	3447
2413	4343
2413	4380
2413	6436
4148	4410
4148	4952
1588	2255
1588	6217
2791	3456
580	2281
580	4308
580	7944
866	3697
866	7292
2801	3821
2801	6606
2801	6737
3931	4769
4262	5856
5698	7681
4862	7566
360	6758
354	4714
354	6408
698	1878
698	4611
2120	7046
2120	7894
2956	6193
323	3021
323	6194
844	2697
844	3168
844	3740
844	4836
844	5894
2733	5153
2733	5332
4143	5812
4143	7110
4165	5362
4165	6249
4165	6411
4165	7002
351	365
351	751
351	1091
351	1701
351	1961
351	3045
351	3328
351	3815
351	4127
351	5268
351	5353
351	5620
351	5936
351	6932
304	1457
304	3212
304	4824
304	6291
329	438
329	1734
329	4762
329	5149
329	5705
387	850
387	1416
387	2748
387	3280
387	3853
387	5373
387	6018
913	7774
1632	1905
1632	7486
2007	4096
4772	5599
4772	6034
4772	6487
926	3893
926	6146
926	7234
156	977
156	2898
156	3929
156	5341
1098	3397
1098	7838
2331	4073
4080	4288
324	1085
324	2172
324	3567
324	5689
547	971
547	4326
547	6570
547	7735
857	7322
2564	7388
1726	2004
1726	3162
241	657
241	4362
709	6568
3677	5365
157	1938
535	954
535	2279
535	2353
535	5143
535	5718
535	6653
535	7795
535	7798
4606	5442
5745	6586
5745	6651
211	813
211	2243
1508	2250
1508	4067
1508	5262
2686	7772
291	3165
291	3470
3680	4317
4112	7635
429	2332
515	561
525	3851
3615	7353
4315	5739
6525	7182
3811	5570
3811	7504
4896	5116
977	1083
977	1391
977	1566
3929	4517
3929	6357
413	2418
366	3776
3547	7695
224	4617
224	5701
224	6135
1804	3087
1804	7970
2528	2952
1402	2204
1768	5376
1822	3498
1827	5097
2334	3427
2334	6509
273	466
273	7880
273	7969
894	2121
894	3838
1047	3170
1570	6974
1828	2382
1828	4429
1911	2059
1911	2796
3872	6563
1475	3335
1475	5644
1475	7945
3337	7058
3337	7651
863	901
863	1736
863	2899
863	7770
1325	7649
559	1522
845	7588
226	4150
1201	6393
1589	3827
1744	1915
1744	2363
1744	3344
1744	4423
1744	5288
1744	6057
1786	7283
2290	5056
555	1236
555	3094
555	3174
555	4254
766	1732
766	4926
766	5943
4472	6363
1252	2671
1758	2540
1758	5399
3606	3682
223	829
223	2737
223	3354
629	4840
629	7022
2436	5045
2810	5233
1466	3717
1466	4424
1466	6388
268	2295
268	2495
268	2826
1571	3445
1571	6453
245	867
245	1335
1249	1322
1249	2230
1249	2444
1249	2961
1249	3043
1249	3218
1249	3485
1249	4702
1249	5107
1249	6122
1249	7349
961	2970
961	5178
541	1389
541	1563
3257	7703
3249	3643
262	1099
262	1158
262	3322
730	1698
730	3255
5437	7019
334	1426
334	3544
334	4578
334	5034
334	5126
3759	7287
3759	7684
770	5667
1914	2296
1914	2384
1914	2940
1914	6839
3279	4232
3279	4745
243	771
243	2106
243	4171
243	6801
601	2069
601	2254
601	6549
1087	3767
2125	3138
443	2316
759	3350
759	5259
2718	6294
312	3214
967	2319
967	3906
1086	3412
1086	4627
1945	2589
1945	5969
3507	4005
3507	6386
4082	6822
4082	6869
4082	7628
4082	7803
6903	7540
7497	7541
1719	2811
1719	3273
1719	6299
1719	7069
4118	4791
4531	5633
221	507
221	1052
221	1845
221	1993
221	2194
221	3096
221	3570
221	4039
221	4064
221	5573
221	6588
221	7650
221	7779
1243	2017
1243	3159
1243	3353
1243	3652
1243	5000
1357	2371
5160	6742
1762	3078
1762	3765
1762	6564
707	7743
303	1503
581	2758
1146	1593
1146	2771
1146	4453
813	1128
2243	3034
236	2074
236	3607
239	462
239	868
239	1624
239	1815
239	6265
239	7516
239	7925
247	750
247	3550
247	7775
272	831
272	6060
335	4895
419	2055
419	2527
419	4105
419	4826
419	5128
419	5964
968	2268
968	6765
968	7585
1193	6157
1193	6169
1427	1435
1427	2152
1427	3289
1427	5252
1556	1897
1556	2215
1556	3542
1556	6077
2013	2818
2013	5534
2013	7667
2879	6162
4782	5648
4782	6195
4782	7014
4782	7465
6975	7198
309	2356
921	1532
921	2305
921	7688
1561	1836
1561	3678
1561	5471
1561	7468
1561	7754
2056	2499
2056	6317
2780	3613
3366	7185
317	2119
497	3758
797	846
1609	4779
1609	5016
1609	6108
1609	7694
1609	7866
2234	3239
2376	5857
2402	6667
2673	3061
2673	5368
254	436
254	542
254	1379
254	1840
254	2193
254	2225
254	3984
254	4652
254	6500
379	584
379	3475
409	433
409	1217
409	3492
409	6241
538	1501
538	3180
538	5011
538	6003
538	6473
985	7659
1202	2455
1982	1992
1982	6923
1551	4266
3096	5905
306	732
306	1048
306	1439
306	1487
306	1511
306	1611
306	2170
306	2725
306	3647
306	3764
306	5397
306	5777
389	395
389	3990
389	4238
563	2717
563	3684
720	892
720	7086
1191	6743
1319	6150
1813	2958
2189	3960
2189	3992
2189	5928
2790	3935
2790	7999
4329	6037
5845	5996
4617	7250
583	1652
583	3192
583	6175
490	2829
490	6886
2461	4505
2461	7183
2461	7752
3802	6023
4947	5934
292	5726
572	4066
572	6698
1337	4289
1337	7450
1816	2208
1816	2346
1816	4218
2750	3805
2750	5908
689	837
689	1599
2031	3769
4138	4226
942	5569
1528	1880
1528	2646
1528	4777
1647	1783
314	827
314	1133
314	3055
314	4577
314	4746
314	7612
653	1051
653	1409
653	1933
653	2830
653	6542
653	7829
2425	4121
2425	5318
2425	6973
2425	7004
424	725
424	1412
424	5119
424	6119
424	7206
777	2778
777	3917
794	3146
794	6214
794	7582
2213	2337
2213	6071
2213	7823
2248	4759
3514	4711
4128	4987
804	869
804	1056
804	1667
804	6082
1553	4157
462	888
462	911
462	1276
462	1874
462	2318
462	2515
462	4292
462	4764
462	5030
462	5345
462	5695
462	7188
868	1396
868	2415
868	2835
868	4338
868	7682
657	2313
657	2475
657	2936
771	5389
867	5006
867	6806
1335	3437
1335	3522
1335	5855
1335	7439
802	5720
3550	5212
3550	7423
504	556
504	1947
504	5779
504	7580
504	7623
505	1787
505	5929
4573	5228
6174	7208
2822	5614
2580	5999
2580	6895
2350	4936
2350	5576
3899	7704
5749	6602
2630	2845
2630	3837
2630	7241
436	729
436	5084
542	688
542	3281
1379	2569
2225	2907
2225	3936
879	2562
879	4528
879	6358
1512	1581
1512	2713
1512	2840
1512	3531
2165	3107
2165	5618
2165	7848
499	5993
385	4953
3381	7249
831	950
831	3554
466	788
466	4195
466	5256
466	6921
346	501
346	1430
346	2315
346	4339
5926	7365
362	446
362	1110
362	2550
362	6366
1448	4469
1448	4701
6683	6686
848	6215
848	6333
3411	3782
3411	4670
3411	5508
3411	5816
3411	6000
3411	7460
5147	6281
564	1892
564	5315
564	5950
564	6438
564	7639
612	1393
612	2020
612	2237
612	3083
612	3775
612	4730
612	7502
966	2416
966	2611
966	4835
1131	1268
1131	4061
1131	5503
1131	6865
1292	1778
1292	7647
1835	6833
1841	2876
1841	3781
2897	7475
1283	3070
378	441
378	3195
917	5266
917	6513
1577	4637
1846	5204
2012	4081
1534	2209
1534	3947
1534	5235
367	449
367	842
367	853
367	1199
367	1773
367	2148
367	2347
367	2587
367	3019
367	3673
367	4371
367	4636
367	5601
367	6106
367	6136
367	6783
899	3426
1003	2200
1003	2864
1003	4170
1003	4556
2039	3451
2039	6342
3372	4770
3372	4903
1457	3075
1457	5118
1457	6047
1457	7352
3212	5293
732	6156
1048	2016
1048	5102
2170	5167
3647	6538
1189	2504
2615	4916
4993	7568
827	6450
1133	7177
828	1849
828	2601
828	2720
828	2910
828	6203
828	7242
2091	6341
2183	2301
2183	2654
2438	5923
2438	6439
3810	6327
4188	5162
673	937
673	3438
673	3565
397	543
401	889
401	905
401	930
401	1142
401	1974
401	3271
401	4967
401	5018
401	5251
401	5961
401	6292
1073	1942
1759	2147
1759	2473
1759	2734
1759	3054
1759	4958
1759	5953
4119	6652
4294	7922
3021	6711
6194	7083
6194	7277
1085	1492
1085	3617
1085	3718
1085	3858
1085	6269
3567	6103
1022	3825
1022	5144
1022	6323
1216	7473
2403	3158
386	695
386	2690
386	3969
386	4870
386	5543
666	1433
1807	3695
1807	7038
406	1476
4251	6551
5911	7318
438	1943
438	3869
438	4660
438	4883
1734	4497
4762	7796
1362	4341
1539	5025
2740	3224
3870	6076
3870	6965
2470	5909
5034	5895
5034	7611
816	2747
816	4325
816	7030
1181	3013
1367	4729
2452	6313
3208	6010
3208	6288
3208	6754
3583	3725
3583	7035
521	676
521	965
521	2280
521	4516
521	4821
521	5561
521	7683
931	1513
931	5113
1444	4515
1444	5580
2081	2182
2081	6948
3664	4885
3664	7675
3971	7169
2484	6400
2484	6547
3925	4683
3925	4879
1194	1718
1194	3077
1194	3928
1194	4265
1194	4619
1194	4713
1194	6541
1194	7687
3902	4003
3902	6786
1378	1681
5654	7330
365	1020
365	1206
365	2463
365	5493
365	7432
751	953
1091	5264
1961	4231
3045	4881
3045	6283
4714	5974
4714	6841
1740	4707
1689	2130
1689	3537
2524	5827
2699	5947
3143	3592
3143	4522
5464	6045
1110	1805
1110	2270
1110	2474
1110	3108
1110	3251
1110	3796
1110	3996
1110	4342
1110	5304
1110	5339
2550	7482
1459	2526
1020	1601
1020	4352
1206	6952
449	1068
449	6924
853	1618
853	1790
3019	5027
3394	6020
420	4242
520	1981
520	5807
520	7172
602	4137
602	4422
602	6040
4204	7124
1300	7077
4803	7102
914	4276
914	4715
914	7072
1555	5374
441	2804
3195	3216
3195	4279
584	1858
584	3486
1010	1159
1010	2096
1010	2882
1010	5920
2792	3346
2792	5070
4385	4529
4542	5286
687	6254
5543	6419
5543	7453
2748	4801
2748	7578
3853	5328
451	875
456	821
456	2141
456	5744
1037	1731
1037	7238
1163	1819
2567	4104
2567	4167
2567	7523
2706	3761
2706	6668
2895	4498
395	1527
395	4854
897	4997
471	7161
854	3625
854	3749
854	4021
918	1937
918	3632
918	6858
918	7480
543	4090
2093	4812
2093	5912
2501	3665
2501	5550
889	3816
889	7419
889	7844
1142	2251
1142	3688
1142	4108
1142	4298
1142	6230
6292	6906
477	1077
1081	2491
4650	6752
855	1177
1208	1655
1208	3004
1208	6855
2450	4072
2450	6406
2450	6804
6385	7488
1476	3572
433	3210
433	3307
433	7626
3492	7483
2418	3526
2418	5663
603	3230
442	1299
442	6370
2527	7113
447	2289
447	3720
1479	2094
1479	5060
3022	4386
3022	6603
3022	7064
493	710
493	824
493	947
493	1248
493	1772
493	1966
493	3064
493	3803
493	5456
493	7840
744	2447
725	3401
725	5715
725	6298
725	7237
1412	5888
1423	1751
1580	5207
5630	5966
474	1247
474	1742
474	2207
474	5360
474	7387
474	7506
2332	3587
2633	4271
735	1960
735	6461
885	2179
1279	1483
1279	2968
531	2086
531	2516
531	4496
531	6110
729	2218
729	3892
729	5621
729	7176
488	1106
488	5300
1400	1852
1400	2592
1400	4973
959	1034
1714	3553
2090	2492
1068	2101
1068	3584
1068	5080
1068	5730
703	5094
703	5552
703	5699
717	2022
717	4365
1065	6420
1065	6936
1983	3284
2134	2751
2134	5062
2134	7105
2134	7121
2951	5484
2951	7825
6064	6832
875	2190
575	2191
1311	2143
1311	4534
1311	6626
677	1515
677	1568
3513	4375
767	2142
767	7040
590	4491
2449	2709
1582	1855
1366	3390
2021	3010
2021	7802
5157	7546
2318	2743
2515	5453
4292	6838
5695	6022
923	5837
1521	1664
1521	3032
1769	4934
2369	2614
2369	4379
2825	3478
2825	4040
608	670
608	1554
608	1898
608	2776
608	3233
608	4307
608	7061
608	7273
788	1001
788	2118
4195	7444
1536	3469
1536	4761
1536	6798
3026	4316
1247	1628
1247	2764
1247	4250
1742	7372
1742	7868
1077	1695
1077	1743
1077	3954
1077	4584
1077	5825
1077	7203
498	3918
974	7931
4975	6843
654	724
654	882
654	1009
654	1485
654	3557
654	4684
654	5127
654	5913
654	6716
654	7427
654	7827
1262	2197
1262	2768
1262	2773
1262	3333
1262	3976
1262	6091
1262	6919
1262	7513
1262	7814
3261	4056
1106	1298
1106	7915
2829	3374
710	932
710	6517
824	3131
824	7080
947	3798
947	7638
1248	2628
1772	3598
3064	6212
3064	6285
3064	6916
3064	7493
3918	4366
895	1509
895	1986
895	4264
895	5945
895	6041
556	3234
556	3585
1787	5316
761	1422
761	2468
761	3071
2982	4925
4054	7166
3365	4333
3365	6870
3365	7884
1482	2098
1482	2705
1482	7009
1693	4484
1693	5476
1693	7197
1693	7297
1950	4723
1950	5583
1950	5666
1981	6944
676	1196
676	2465
676	2827
676	4607
594	1354
594	4520
594	7024
790	5276
890	2104
890	4441
890	6101
890	7590
1533	3341
3497	6222
2516	4502
941	1353
941	3360
941	3702
941	3933
941	5140
941	5214
941	7622
941	7907
941	7919
4283	7918
5013	7801
954	1972
954	2884
2353	5489
2353	7785
546	902
546	1297
546	1912
546	2060
546	2138
546	4631
546	5028
1563	3081
1563	3793
622	2324
1784	2532
1882	7327
4199	6527
902	1697
902	5608
971	1096
971	1458
971	2024
971	2139
971	2636
971	3558
971	5770
971	7711
4326	4823
4326	6746
1302	3949
1302	4023
1302	6740
1302	7118
1360	3860
1360	4227
1360	5703
1360	5910
1951	3056
1656	1885
1656	2437
1308	1975
1308	3256
1308	5192
1336	1545
1336	1988
1336	1998
1336	4957
1336	6118
2187	3258
3571	3965
1236	7889
3094	4256
801	1100
876	1685
876	5632
1899	5600
1331	2061
578	5491
578	7818
2918	3086
615	2638
615	5967
693	1031
693	1139
693	1140
693	2421
1032	3120
2084	6308
3842	3912
3876	4011
3919	4079
1858	2288
1858	7656
793	2557
975	2549
1050	2085
1151	1560
1151	2486
1151	3620
1338	3105
7024	7232
1462	3035
2454	2680
2454	6242
5958	6221
1830	1916
1830	3700
1830	5793
6040	7245
3230	3568
1554	1839
1554	6710
2776	2820
4307	5176
4307	5354
4307	6353
776	805
776	2585
776	2989
776	3635
3033	4874
3461	6767
2020	5574
2648	3744
2648	6216
6051	6383
1288	1682
1288	3641
1662	5241
1662	6581
2126	2746
2126	5998
2781	4482
726	1674
726	1908
726	2253
726	3763
6253	6997
1668	7150
951	2009
1438	6546
1438	6854
1051	7750
1409	1557
1933	1987
1933	3807
2830	4994
724	1007
1485	5281
1485	7202
4684	6645
5913	6526
5913	7375
2475	3618
2475	4565
2475	5269
2475	5702
2936	6748
2702	3939
5873	6213
983	1869
983	1917
990	5970
791	2054
3438	4912
1109	2000
1109	6297
1109	6319
2217	3789
1196	2112
1196	3125
1196	3923
1196	5426
1196	6223
1196	6590
1196	7755
2827	4263
2827	4738
4607	5723
1515	2137
1515	2531
1568	6141
4513	4776
1755	3014
898	4933
898	5680
898	5811
1170	4561
3889	5230
3889	5398
737	1377
737	4293
970	6336
837	4120
1665	2701
2390	4898
2390	6634
1139	7641
1139	7949
2421	5694
2533	5087
4523	4634
4523	4978
4523	6987
1088	3323
1088	5879
932	3102
932	3395
2679	3154
2767	3319
2767	4045
2767	4353
3095	6750
5479	5840
1244	3178
1244	3637
2022	5245
1095	2089
1095	2435
1095	3199
1095	3211
1095	3236
1095	7778
1631	2338
892	5884
3910	4015
3910	6127
909	991
909	2900
1674	4027
2253	4876
2253	4923
2253	4949
2253	5272
3763	6610
2218	4979
2218	7767
7176	7972
2439	5095
1507	4908
1507	5452
1507	7983
2370	6102
1296	3563
1296	4135
1296	5291
1303	5438
1254	2788
1254	3403
1488	2681
1488	5635
3071	4350
2300	3185
2300	6109
2300	6756
1732	6548
805	6002
2778	3724
3917	4406
2032	6609
994	5020
1495	3164
1495	4638
1495	5719
1495	7020
1495	7163
4539	6664
4539	6925
1544	2115
1544	5323
1565	1716
1565	3400
1565	4291
1565	6512
2557	2922
2557	7629
846	2076
846	2224
846	7341
1677	2368
1677	3121
1677	3431
1677	6418
2082	2665
2082	5159
3580	7586
869	1040
869	2047
869	5017
1056	2431
1056	6749
1128	3207
1309	7495
4325	4960
1888	4643
1888	5850
2653	5173
3131	4705
3131	5320
3554	5005
3554	7503
1116	1235
1116	1591
1116	1643
1116	2044
3458	6878
2275	4716
2275	7437
2697	4753
2076	2498
2076	3783
2076	5838
1250	2124
1250	3503
1250	6232
1618	3191
1618	5766
1790	3225
1790	4800
1177	4758
1177	5722
2649	2894
2745	7452
6883	7627
870	1221
3274	6204
3479	3650
3479	4084
3479	4939
3479	6763
927	3416
927	4302
4194	6163
5220	6187
901	3331
901	3414
901	4001
901	6566
1736	5148
1396	1398
1396	3863
1040	1149
1040	6153
1548	3667
3779	5655
2784	6116
4501	7654
1107	2735
1107	2774
1107	2793
1107	3655
1107	4287
1107	4538
1107	4841
1509	6901
4264	4437
4264	6659
6041	7034
3099	3817
4997	5294
1697	2485
1794	5965
982	5498
1891	2308
1891	2812
1891	4672
1891	5851
991	2262
991	3330
991	7272
4715	7436
2305	4760
1415	2512
2066	2184
2066	3941
2066	3945
2066	5605
2927	3790
2927	5451
2927	6014
2927	6318
2927	6831
2927	7367
2927	7940
2927	7959
1617	2552
1617	3932
1797	2933
3129	3920
3129	4964
3129	6567
7676	7729
1386	3311
1443	1868
1443	3039
1443	7616
1720	5665
1353	2789
1353	6575
3798	4966
3798	6349
2884	7192
1315	2162
1464	1980
1345	2003
1672	1696
1672	1802
1672	4475
1901	7440
1901	7645
1901	7960
1034	2330
1034	2616
2970	4581
2970	4589
1053	1203
1053	1320
3030	4639
2416	3396
3226	5528
7065	7173
1096	1540
1096	1648
1096	2011
1096	7347
2139	5325
5770	7319
1498	3462
1498	3627
1594	2618
2641	6550
2867	6984
7272	7422
5486	6996
5020	7620
997	1062
997	1590
997	4321
997	4593
997	4959
997	5007
997	5327
1062	1587
1062	5447
4959	5420
5327	5434
5327	6592
4170	4679
4170	6004
4170	6642
4556	6460
2046	6289
3756	7101
4692	5023
1275	1287
1275	3455
1601	6430
1601	7496
4352	5048
4352	6309
5144	5449
5144	5742
6323	7956
7600	7640
3393	6764
2330	5290
1731	2211
1731	4432
1731	6599
1258	1343
1258	5973
1450	3308
1045	2966
1729	3197
2016	5053
5102	5746
5102	7738
1203	3123
1203	6477
1203	7520
1708	6569
3865	5260
2153	2854
1942	3137
1820	7112
1695	2235
1743	2442
1743	3752
4002	7314
4002	7708
4174	4921
2291	2887
4780	6892
5232	5900
1492	2220
1492	2672
1492	4154
1492	4460
1492	4514
1492	6522
3858	4268
3858	5560
1634	3812
1671	1970
1671	3161
2089	5210
2435	3016
2435	5112
3236	4785
1540	4014
1540	4778
1648	5769
1122	1180
1122	2915
1122	5075
1341	1777
1341	1860
2269	5414
4372	7539
1298	3069
2774	5892
4538	5067
4538	5795
2000	3363
1805	3909
1805	4357
3251	7813
3996	4562
3336	3771
3336	3843
3336	4068
5432	5477
5432	7976
3768	7255
1286	6876
1235	3966
1591	2133
1591	3222
1591	5988
1643	1791
1643	6585
2044	5364
1374	2551
1374	2953
1374	3878
1374	7463
1268	1344
1268	1724
1268	5424
3914	7258
3914	7313
1174	2921
1174	4436
1560	6689
1604	1831
1604	2926
1604	3525
5593	6507
4678	5239
4436	4842
2014	4968
2014	6312
6771	6777
5843	7776
3013	5545
1607	3315
1607	6481
1718	6321
3956	4999
2112	2807
2112	3229
3125	4560
3123	5344
3123	7606
3425	3898
1574	3801
2760	4609
2760	7339
2310	5108
5808	6036
1628	2351
1628	2598
4250	5302
2628	4504
1322	2419
2444	4433
2671	4181
3403	5231
1343	7759
2197	3237
3333	6520
3333	7663
4009	6407
4009	6697
1774	1953
1774	3444
1395	4260
1344	1552
1724	5188
1724	6062
1287	3730
3455	4295
3455	4703
3455	4911
3455	5587
1428	5334
1895	7924
2100	3539
2968	5880
2968	6262
3070	6896
1340	5991
1847	5171
1778	7632
3563	6296
3949	5309
6740	7989
2568	3122
2568	3709
2568	7662
1975	2236
1927	7559
2786	4507
6417	7317
2419	4664
1538	1710
4225	5366
2061	2849
3270	5555
1988	5439
1998	7746
1860	2999
2003	7162
2789	5641
4227	5475
4227	7716
5703	7443
1639	7389
3317	5390
3317	5753
4197	5813
6877	7068
2111	2177
3000	3529
3000	4656
3311	6674
1852	6842
2597	5548
2787	6910
1557	5458
2512	3156
2512	5388
2512	7485
1435	2986
2152	4173
2152	5918
2152	6945
2152	7044
3289	3968
3289	7748
4304	5083
1868	6171
3039	5236
5580	6191
4701	6084
2761	3950
2526	4532
2526	5748
2526	6543
1567	1929
1659	2309
1659	3745
1659	6180
1826	3721
2530	2742
2530	4739
1980	5790
3076	3266
3076	3648
3076	5501
2838	3770
2838	4176
3335	3915
3335	3951
3335	7335
2094	2117
5060	5727
4904	5172
1502	2375
1502	7660
2220	3576
2220	4221
2220	5897
2220	7116
2672	7474
4638	6730
4016	7594
2250	4451
2250	6184
1954	3533
2171	5277
2171	5707
1581	2223
1581	3602
2716	6218
1997	6762
3052	4390
1880	2156
1880	3406
1880	6374
1880	6422
1887	2071
1887	7215
3341	5457
2209	3748
2209	5542
2209	5650
1760	3508
1760	3934
2582	5907
2582	7103
2115	6226
5323	7515
4266	4447
1839	7018
1897	5137
1897	6199
3542	6198
1670	5448
1836	4163
3081	5076
3081	5279
3793	3850
1716	2265
1716	3831
1716	4144
1716	5761
3400	7252
4637	6693
2223	3624
2223	4088
2908	4878
2255	7812
2133	3182
2133	4129
3222	3483
2618	3696
2645	6505
2645	7042
2926	3989
3525	5040
2520	4834
2552	2924
3932	4564
5273	7728
2287	6494
2595	4233
2595	5505
2598	2901
5792	6260
2775	4411
5769	6440
1885	2659
1885	3896
1885	6795
1885	7370
2203	2710
2203	7130
4425	4512
4425	7849
3161	5466
1696	6665
1802	3318
3431	6181
1919	4569
1919	7224
2891	3241
2891	6148
2130	2487
2130	6614
2485	6685
2469	4624
2469	7303
2811	4297
2811	6829
3273	3408
3273	5706
3273	6912
6257	7686
3162	4625
3162	7768
3162	7794
4432	7637
4707	5182
2442	2874
2442	3290
2442	6649
3344	7826
4423	5585
5288	5547
5288	6600
4863	7644
3231	4102
3231	4955
3014	4235
3014	6949
2147	3924
5953	6474
3934	4053
3934	4655
3934	4658
3934	5990
2078	2694
2078	2932
2078	5331
3598	6360
4696	5938
2497	6956
3327	4095
3327	5052
2782	2943
2782	4590
2976	5862
2240	5532
2958	5346
2346	3847
2346	5645
2346	5712
2346	6671
3721	7332
2809	4856
2809	7366
3068	3085
3068	7210
4163	5340
4163	7021
2876	4018
2876	5682
2876	7394
3781	5538
5957	6421
2288	5081
2288	6960
2288	7227
2851	3472
2851	6516
5435	6785
6796	7910
1965	4918
2507	6994
3644	5603
4208	6661
2156	2719
2156	3383
2156	4930
2156	5313
7310	7994
2659	3501
3896	5065
2071	2493
2596	5240
3616	4814
3616	5976
3616	7097
5851	6849
3163	5283
3163	5681
3163	6258
3871	4927
3871	5847
4633	7159
2940	6424
2940	7854
3807	4568
3807	5185
3807	5729
3807	7615
2589	5733
4723	5284
4175	7605
2302	5652
1992	6227
3284	6799
7505	7556
3532	4728
3532	5042
3532	7104
5125	6275
5125	7824
2818	6097
4968	6236
4968	6939
4968	7560
2030	2097
2030	3286
2030	7144
5574	6553
3010	6485
2097	4222
6609	7950
4314	6078
4314	6582
4314	7567
2400	2886
2400	6970
3582	4047
3582	7060
2849	4428
3945	4025
2493	6953
3275	4348
2694	4536
2182	6815
2182	7179
6948	7081
2492	7231
2492	7893
4812	6699
7046	7830
2487	5158
2754	5861
3182	4400
7121	7321
4173	6496
3575	7408
3575	7595
3383	6511
2301	5469
2301	6464
2301	7625
2654	2785
3960	6755
3960	7701
3169	3440
5542	5997
3576	3578
5897	6908
7116	7571
2572	2814
2572	5055
2572	6722
2572	7669
4488	4944
4451	4917
4923	7045
4203	5575
4203	5763
4716	6638
4727	7015
5419	7769
6494	6572
5108	7831
2743	3160
2743	4468
2856	6557
4073	5901
3206	7577
3206	7877
3206	7926
2443	3430
3908	6245
2886	2931
2886	6100
2886	6200
3074	5835
3476	4052
3447	4899
3447	5551
3787	6646
3787	7850
3526	4089
3016	6107
3016	6394
2709	5363
3597	3780
4452	6042
4624	4943
4565	5109
2684	3355
2684	3639
6489	7360
6956	7180
3665	5853
2626	3299
3561	3905
3561	4961
3561	7418
3156	6773
4502	6715
4532	6725
2952	4552
2863	6968
2819	4915
2819	6922
2819	7731
3392	4873
3696	5557
6533	6656
3722	6558
6550	7126
5093	6852
4181	5737
2691	6080
3939	5079
4890	6879
6294	7084
3160	5802
5908	7821
3950	6701
3319	4494
2820	3059
2820	6523
2820	7156
3152	3823
3152	5267
4507	7087
3935	4245
3935	5917
3456	4743
3346	3389
3346	3504
3346	5139
3346	5740
3346	6013
3346	7399
3346	7800
5070	5333
6097	7470
3059	5697
3478	4518
3478	5483
4738	6425
4709	5968
4176	6210
4428	4465
6516	7980
2971	6462
4018	5257
5682	7715
6200	7862
3241	7863
5759	6140
4878	5752
3790	6001
4552	6480
4552	7119
3053	4046
3053	4370
3053	5463
3053	6307
5862	6346
4656	4951
4639	6024
4639	6993
4610	5407
4370	4788
4370	4981
4370	6616
4370	6654
5653	6632
6212	6834
3085	7828
4350	5836
5279	6899
4409	4455
3817	3822
3817	5098
3368	4897
3260	6455
3324	3340
3324	4115
3324	5553
6962	7301
5802	7115
4625	4646
3440	5948
3378	5069
3421	7563
3421	7786
3216	4831
3216	5852
4279	4795
4279	6535
4348	7055
5465	7271
5465	7857
4805	5544
3879	6123
3879	7547
4095	6114
4095	6673
5457	7143
5874	6081
3389	6340
3504	7929
5139	6650
3500	5736
5202	6780
5202	7967
3545	4367
4670	5849
5508	6941
3898	4373
5948	7545
5308	6448
4899	5662
6222	6607
4089	7152
4728	5490
5042	6704
3732	4992
3905	6188
3965	4857
3965	5676
3965	7534
5595	6844
7408	7883
4047	5367
4047	6246
4047	7243
4492	5380
6900	7517
4885	5487
7332	7771
4992	5921
6327	6391
6327	6482
5570	6371
4268	7085
5260	6692
5260	7421
5135	5755
4160	6938
6127	6845
4079	5186
4564	4865
4564	5375
4564	6272
4857	6201
4562	5428
4562	6850
4562	7325
4562	7490
5257	5691
5257	7892
4781	5405
7166	7396
6700	6757
4952	5946
5579	5785
4679	7374
6642	6824
5813	7415
5475	7570
5509	7870
5500	6604
5500	7797
5083	6943
5354	6794
4823	5197
4767	5223
4767	6159
4767	7017
6654	7618
4917	6957
6480	6594
5375	7340
4629	6741
6638	7131
5405	5831
6195	6463
7465	7565
5544	6402
6201	7689
5487	7859
7568	7601
5294	5455
5294	5782
5727	6619
5333	5536
5755	6079
5900	7270
5782	6911
5434	6726
5831	6396
6435	6775
6191	7655
6526	7557
6221	7158
6607	7808
6391	7574
6572	6851
6572	7294
6572	7603
7301	7384
7541	7887
