# Undirected graph (each unordered pair of nodes is saved once): Results/Robustness/networkScaleFree4000removed-0.06percent.txt
# Nodes: 2800 Edges: 1961
# NodeId	NodeId
56	1652
56	3196
56	3380
123	146
123	2060
156	478
156	727
156	832
156	1360
156	1436
156	2434
156	2463
156	2724
156	3150
156	3801
156	3970
211	3794
604	3465
684	1390
1300	1831
1300	2691
1300	2760
1300	2984
1300	3270
1901	3697
2	10
2	113
2	115
2	169
2	193
2	363
2	791
2	1303
2	1308
2	1692
2	1712
2	1913
2	2574
2	2791
2	2960
2	3070
2	3143
2	3608
3	20
3	93
3	97
3	138
3	155
3	172
3	647
3	841
3	1990
3	3496
5	24
5	68
5	153
5	274
5	335
5	338
5	431
5	446
5	449
5	465
5	469
5	555
5	581
5	646
5	1150
5	1479
5	1644
5	1673
5	1694
5	1726
5	1757
5	1936
5	2010
5	2381
5	2428
5	2741
5	3059
5	3081
5	3460
5	3478
5	3753
5	3852
5	3915
6	13
6	686
6	2826
6	3387
6	3891
7	58
7	60
7	104
7	260
7	290
7	324
7	389
7	408
7	462
7	533
7	548
7	580
7	767
7	793
7	964
7	1119
7	1264
7	1289
7	1474
7	1666
7	1716
7	2094
7	2181
7	2677
7	3876
11	22
11	38
11	41
11	42
11	43
11	52
11	65
11	66
11	70
11	78
11	100
11	141
11	237
11	264
11	310
11	350
11	379
11	554
11	605
11	673
11	735
11	794
11	805
11	901
11	994
11	1013
11	1015
11	1032
11	1137
11	1138
11	1275
11	1276
11	1554
11	1638
11	2009
11	2131
11	2138
11	2207
11	2276
11	2289
11	2412
11	2470
11	2496
11	2612
11	2815
11	2941
11	2967
11	3009
11	3100
11	3248
11	3308
11	3423
11	3684
16	21
16	44
16	263
16	953
16	1324
16	1770
16	2564
16	2646
16	3214
17	28
17	77
17	114
17	180
17	560
17	637
17	1105
17	1219
17	1271
17	1888
17	1932
17	2256
17	3960
26	171
26	242
26	314
26	729
26	957
26	1084
26	1642
26	2627
26	3503
46	62
46	327
46	348
46	529
46	1014
46	1259
46	1325
46	1568
63	112
63	303
63	816
63	863
63	2841
63	2908
117	1791
136	239
136	1130
136	1286
136	1779
136	2379
136	3987
165	691
165	3432
167	266
167	716
167	811
167	1319
167	1664
167	3264
167	3627
217	586
217	720
247	1025
247	1799
372	718
372	1328
372	1466
372	3366
372	3530
372	3548
372	3648
373	399
373	803
373	1851
373	3125
373	3222
373	3607
373	3770
384	681
384	1959
384	3480
391	1767
391	1993
391	3183
505	2839
505	3562
544	632
544	697
544	892
544	1769
544	3859
544	3873
589	967
687	734
696	2513
752	3047
879	943
919	938
919	1333
919	1879
959	3628
1120	3969
1145	2386
1145	3042
1277	2069
1277	3054
1277	3495
1277	3565
1378	1921
1660	2889
2658	2905
2658	3669
2699	3349
10	299
10	660
10	1603
10	2095
10	2129
10	2969
10	3743
113	1000
113	3211
169	1706
193	3451
791	899
791	950
791	3239
791	3250
791	3780
1303	2739
1913	3399
20	1167
20	2305
20	2341
93	120
93	948
93	2208
93	2491
93	3604
155	492
155	1283
155	2781
155	3298
172	802
172	1376
172	3957
647	1260
647	2021
647	3372
841	3977
49	288
49	543
49	1098
49	1187
49	3569
71	307
71	430
71	1715
380	461
852	1208
852	1211
852	1919
954	960
954	1207
954	2186
1086	1097
1086	1153
1086	1783
1086	2222
1086	2802
1924	2007
2316	3820
24	88
24	754
24	875
24	1006
24	1155
24	1302
24	1336
24	2080
24	2413
24	3545
274	366
274	616
274	666
274	1079
274	1249
274	3497
338	3091
431	774
431	812
431	940
431	3841
446	536
446	670
446	717
446	1129
446	1747
446	1839
446	2605
446	2747
446	2749
446	3631
446	3917
465	2538
469	2745
646	3352
646	3612
13	625
13	650
13	2367
58	149
58	157
58	340
58	1156
58	3860
60	129
60	200
60	996
260	3904
290	710
290	1154
290	1860
290	3829
389	493
389	1401
389	1782
389	1856
389	2259
408	713
408	817
408	2348
533	861
533	1216
533	2809
793	3952
1119	1140
1119	1679
1119	2382
1119	3617
1716	1852
1716	2096
1716	3481
14	699
14	2056
31	96
31	624
31	2086
31	2976
57	67
57	538
57	645
57	1439
57	1766
91	289
91	626
91	870
91	1551
91	1793
91	1861
107	320
107	3874
111	961
145	357
145	575
145	1255
145	1349
162	174
245	250
245	567
245	2322
245	2551
245	2654
245	3899
508	739
508	809
515	558
515	808
515	1242
515	1274
515	1804
515	2112
515	2273
515	3597
985	1689
1668	2503
1668	3921
2003	2218
2003	3210
3166	3803
25	32
25	108
25	867
25	1499
25	1717
25	1882
25	2025
25	2518
25	3611
25	3866
25	3997
166	285
166	661
166	674
166	1515
166	1639
166	1907
166	1969
166	3588
175	2801
299	416
299	1056
2095	2128
22	29
22	90
22	512
22	2340
22	2515
22	2935
38	1246
41	73
41	118
41	300
41	504
41	526
41	546
41	1621
41	1800
41	3127
41	3235
41	3445
52	869
52	1175
52	1853
52	1971
52	2689
52	3123
52	3766
65	432
65	2048
65	3290
65	3408
66	87
66	187
66	197
66	507
66	516
66	517
66	3751
78	137
78	178
78	370
78	429
78	562
78	874
78	1040
78	1353
78	1425
78	1833
78	2651
78	2657
78	2738
78	2756
78	2910
78	3023
78	3373
78	3563
78	3668
78	3826
78	3895
141	459
310	849
310	1520
310	3798
379	1941
379	2603
554	614
554	770
605	1088
735	3681
794	930
805	3355
901	2313
994	1725
994	2006
1013	2529
1032	1569
1032	3176
1276	2744
1638	2614
2009	2856
2138	2635
2289	2365
69	80
69	236
69	671
69	2439
69	2882
69	3809
69	3953
625	3311
625	3937
699	1002
699	1158
30	33
30	36
30	55
30	151
30	262
30	365
30	369
30	436
30	719
30	772
30	1064
30	1112
30	1268
30	1365
30	1409
30	1657
30	2250
30	2338
30	2440
30	3024
30	3763
131	319
131	576
131	955
131	3555
147	1683
147	2051
147	2706
147	3086
159	789
159	1359
159	2328
159	3093
205	676
205	1708
205	3599
400	1149
596	3067
1005	2228
1152	2629
1193	1434
1193	3443
1327	1344
1396	1980
1771	2528
2024	2028
2954	2997
21	50
21	102
21	142
21	204
21	294
21	453
21	974
21	1096
21	1691
21	1749
21	3177
21	3999
44	94
44	433
44	447
44	511
44	541
44	939
44	1293
44	1366
44	1458
44	1588
44	2350
44	2942
44	3760
44	3785
1324	2778
2646	3331
28	301
28	394
28	445
28	608
28	663
28	749
28	1199
28	1389
28	1826
28	1869
28	1939
28	2043
28	2380
28	2539
28	3238
28	3419
28	3507
28	3580
28	3837
77	694
77	889
77	1719
114	139
114	286
114	479
114	486
114	984
114	1009
114	1825
114	1858
114	1864
114	1986
180	261
180	2729
560	1546
560	1859
560	2532
560	3704
637	2046
1105	1139
1271	1787
1271	2803
2256	2638
2256	3096
122	2855
124	2881
154	424
154	2045
190	2254
232	238
232	279
232	518
232	851
232	1745
232	2277
232	2391
502	653
502	2144
502	3729
2214	3336
2249	3262
3458	3905
1167	2650
1167	3470
50	74
50	76
50	89
50	119
50	272
50	281
50	328
50	491
50	500
50	553
50	569
50	644
50	665
50	693
50	825
50	1050
50	1281
50	1451
50	1843
50	2001
50	2660
50	2863
50	2979
50	3532
50	3552
50	3699
50	3908
102	736
102	1513
102	2845
142	1649
204	1992
1096	2824
29	72
29	199
29	2961
29	2981
29	3725
29	3741
90	256
90	932
388	1107
388	2152
411	854
411	1204
411	1428
411	3537
980	1354
980	2465
3099	3329
875	3223
875	3745
1006	3192
1302	2772
32	323
32	1052
32	3048
1499	2669
1717	3080
242	410
242	1648
242	2154
314	820
314	1063
314	3828
301	473
301	542
301	873
301	1734
394	2345
608	2864
663	1100
663	2892
749	1345
1389	2205
1389	2867
1389	3715
1826	3320
72	110
72	1776
72	1868
72	3430
33	471
33	846
33	1580
33	2818
33	2872
33	2959
33	3690
36	173
36	456
36	915
36	1819
36	2714
36	3889
55	3008
365	437
365	2075
365	2178
365	3583
369	545
369	757
369	780
369	804
369	2681
436	1730
436	3187
1112	1299
1112	1457
1112	3089
1112	3515
1268	3384
2338	3705
96	806
624	1427
624	2219
624	2879
2976	3665
323	587
1052	1099
1052	3910
471	1620
846	1340
846	1841
846	2172
846	2742
1580	1801
2872	3954
35	651
35	3079
35	3459
51	282
51	376
51	1548
133	2618
214	1186
214	1871
559	944
559	2971
609	868
609	3620
690	1790
976	2700
1072	1893
2061	3406
2061	3795
3128	3485
651	946
651	1180
651	2114
651	2861
651	3185
173	396
173	1675
173	1806
173	2005
173	2143
1819	2590
1536	2355
1246	2477
84	158
84	182
84	295
84	339
84	522
84	642
84	747
84	855
84	924
84	970
84	997
84	1003
84	1710
84	1739
84	2089
84	2392
84	2423
84	2662
84	3383
361	1829
364	750
364	3536
658	2297
728	3566
1026	2705
1164	3527
73	1646
73	2693
118	2977
504	2987
1800	2577
433	741
433	786
433	1510
433	1625
541	1368
541	2331
541	3025
541	3706
3618	3666
327	682
327	1008
327	1875
327	3677
348	358
348	2830
1014	1110
1014	1535
1014	2517
1014	2536
1014	3694
1014	3872
1325	1667
2869	2906
231	375
231	1467
231	2726
288	452
288	1170
288	1480
288	1881
288	1911
288	2732
543	3266
1098	1380
1098	2492
74	2068
89	602
89	1227
89	1731
89	2616
119	241
119	317
119	977
119	2257
119	2351
119	2601
119	2757
281	574
281	743
281	966
281	1214
281	1653
281	3152
281	3520
491	3075
491	3979
500	1282
553	2318
1050	1413
1281	2602
1843	2044
1843	2188
1843	3203
869	1873
1175	1188
1175	2072
1971	3076
67	547
67	983
67	1253
67	1577
67	3066
67	3188
67	3578
538	1711
149	2508
340	2088
1156	1849
1880	3124
129	186
129	253
129	455
129	992
129	1632
129	1676
129	2168
129	2395
129	3136
200	677
200	1899
200	2164
200	2466
200	2468
200	2766
86	170
86	2108
160	270
160	382
160	600
160	732
160	941
160	1059
160	1872
160	2037
160	2593
160	3142
213	619
213	2321
213	3061
225	1203
420	501
420	2405
420	3943
2049	3164
303	383
303	470
303	928
303	1889
303	2018
303	2266
303	2295
303	2352
303	3641
819	1999
819	3653
1132	1442
1132	1477
1321	1517
1321	1961
1321	2592
432	2613
432	3314
87	3886
187	215
187	311
187	506
187	989
187	1478
187	3339
187	3427
507	945
507	1114
507	1235
507	3284
517	3065
547	3730
80	210
80	234
80	342
80	367
80	532
80	1039
80	1822
80	1835
80	1904
80	2203
80	2296
80	2690
80	3405
671	1537
671	2344
671	3382
671	3556
307	951
307	1469
307	2038
307	2534
307	2640
307	3435
430	1355
430	1556
430	2014
430	2672
430	2798
110	1724
110	1814
110	2860
1776	3431
1868	2697
183	800
183	1280
183	3782
857	1560
137	737
429	799
429	1954
429	2763
429	2804
562	1074
562	1292
562	2363
562	3168
562	3655
1040	1418
1040	2111
1040	2233
1040	2248
1353	1794
1353	2606
334	1070
334	1610
210	224
210	254
210	265
210	316
210	344
210	403
210	1514
210	1760
210	2176
210	2521
210	3005
210	3457
342	1622
367	3493
1835	2769
2203	2393
2203	2570
3405	3579
109	1136
1298	3036
106	649
106	1403
106	1631
106	3683
414	1037
158	273
158	413
158	1018
158	2116
158	2167
158	2648
158	3068
158	3830
158	3966
182	3015
295	2307
295	2848
339	463
339	878
339	1550
339	2522
747	884
747	2883
170	2771
256	2238
256	3615
289	1023
289	2346
626	872
1551	1866
120	219
120	244
120	882
120	1066
120	1484
120	1647
120	1965
120	2394
120	2486
120	3247
120	3473
120	3855
948	1363
948	1946
806	1900
806	3162
1547	1662
736	3013
320	368
320	387
320	464
320	1284
320	1370
320	2211
1136	2047
1814	2904
139	902
139	1033
139	1057
139	1455
139	1521
139	1975
139	2506
486	3719
1825	2445
1825	2717
1864	3237
241	706
317	458
317	842
317	1519
317	3224
244	318
244	636
244	2283
244	2320
244	2930
244	3151
3473	3868
3473	3962
240	267
240	428
240	1206
240	2147
240	2246
240	2709
240	3938
483	2356
483	3388
483	3464
483	3514
146	148
146	226
146	312
146	764
146	911
146	1323
146	1737
146	1963
146	2031
146	2686
146	2775
146	3647
146	3791
130	207
130	654
130	1531
130	1821
130	1952
571	618
571	904
280	405
3546	3834
186	1406
186	1570
186	1702
186	1718
186	3395
186	3800
455	1438
455	2033
992	2173
992	3736
654	1928
654	2817
1821	2158
319	333
319	979
306	330
306	497
306	584
306	726
306	742
306	784
306	1001
306	1035
306	1046
306	1348
306	1509
306	1623
306	2187
306	2268
306	2417
918	2185
931	3500
1130	2716
1779	3727
2379	3824
1033	1500
1033	3624
459	1854
357	3218
575	1596
575	2549
575	3732
226	2191
312	443
312	1165
312	1454
312	2546
764	1010
1323	3477
2686	3700
3086	3602
2508	3362
1616	3735
424	425
424	3846
2781	3359
478	1553
478	2587
727	1597
832	903
832	1068
832	1109
832	1318
832	2438
1436	3421
273	2411
413	3849
1018	2625
2167	2264
270	3051
382	731
382	1103
382	1228
382	2065
382	2343
382	2584
203	1549
308	1938
174	908
174	969
174	1525
174	1527
174	1572
285	797
285	1796
674	744
674	756
674	1736
1639	2027
1969	3799
266	2192
811	2073
811	2162
1664	1823
1706	3035
1706	3511
1706	3804
802	3234
2143	3664
969	1475
346	417
222	352
561	2847
1313	1350
1313	3060
2286	3595
261	438
261	566
261	958
261	1432
952	1239
952	1339
1122	2449
1280	2013
1280	2226
821	1176
1406	1581
1406	3792
1570	2227
1702	1948
1702	3941
215	246
215	2023
311	2888
506	1555
506	1714
506	2667
3339	3737
202	2622
441	2586
1655	3415
1728	1765
1728	3660
278	921
278	1125
412	1426
412	1530
412	2816
564	746
564	3930
763	2973
3358	3626
1549	1991
704	2502
224	689
224	995
224	3243
254	1820
265	291
316	652
344	351
344	3547
481	528
1258	2406
352	1744
352	1792
683	2241
762	2988
914	1183
914	1538
914	1591
914	3879
375	705
375	2166
1467	2040
238	255
238	2874
238	3138
279	378
279	1935
518	2078
518	2315
851	2122
271	1062
271	3148
374	3636
597	669
597	2308
428	3074
410	2104
1648	2965
318	2711
636	1042
636	2161
636	3324
567	2255
2322	3750
1799	3394
1799	3502
257	2358
304	485
304	2682
304	3568
315	3083
700	3201
1016	3476
1659	3107
1930	2436
1960	2567
2718	2920
3056	3950
438	1244
566	2012
958	2685
2192	2349
2192	3178
2411	3109
366	1951
366	2578
616	1134
1079	1367
1079	2092
1079	3561
405	999
405	3450
405	3880
574	701
574	1408
574	1669
574	1909
574	2779
743	1654
743	2278
797	1410
797	1611
1170	3814
1480	2664
416	833
416	845
416	3724
473	1604
542	1925
928	1076
928	2196
2018	3012
2018	3774
631	798
631	2511
631	2604
2153	3703
330	398
330	444
330	568
330	790
330	826
330	1600
330	1743
330	3327
497	1738
497	3181
584	1424
584	3802
726	3446
742	1523
742	3662
784	1447
1035	1364
1035	1486
1046	1141
1046	2789
1348	3559
2187	3216
951	1314
2640	3986
849	3584
1127	2388
820	1090
820	3522
458	1178
458	3474
842	1606
842	2062
842	2300
842	2853
333	831
333	981
333	3680
979	1379
387	3147
464	468
464	524
464	678
464	698
464	1231
464	1443
464	1503
464	3344
464	3722
1043	3242
587	1740
1908	3887
1008	1733
1875	3348
398	1752
398	2243
398	2399
444	766
444	1108
568	1028
568	1437
530	962
2420	3671
721	2071
721	2919
981	1087
1070	2387
1070	3371
1610	1978
1610	2093
1610	3215
1470	3022
1470	3853
463	549
463	2210
463	2736
463	3106
463	3744
878	3574
1550	2415
1071	3848
1212	1326
1212	1431
1212	1720
551	1362
417	1887
417	3018
417	3576
1792	2928
1593	1758
1593	2236
1593	2299
750	1019
750	1162
750	2875
750	3398
750	3978
1951	2447
780	1927
780	3964
718	1297
718	3347
3548	3777
399	1116
803	1545
705	3204
2166	2652
2166	2758
2166	3656
488	973
488	1343
488	1884
488	1973
1103	3001
2065	2903
2343	3019
681	963
681	2059
681	2240
493	2258
493	3263
1993	3316
2127	2421
2399	3333
1609	2991
713	1338
2104	2837
2104	3052
854	3778
1530	2596
1530	3571
845	982
845	1030
1678	3084
501	843
501	1169
501	2354
573	578
573	1222
573	1677
573	2472
573	3637
514	1101
514	1240
425	3097
525	2452
582	2943
829	883
829	1444
829	2519
3074	3312
1954	2806
1355	1566
774	856
812	1906
940	2746
741	1468
1510	3390
1244	1722
487	1247
664	1416
766	1078
766	1729
670	822
670	1251
670	1489
670	2366
670	3088
717	1837
2605	2831
2749	3194
2749	3300
1174	1605
1174	2105
1174	2269
1174	2589
1174	3816
3474	3981
549	3517
524	3539
678	722
678	898
678	1157
678	2996
1231	2260
1231	2653
1443	2334
1503	1617
1305	1341
1305	3810
1817	2925
1817	3640
2587	3285
603	1034
603	1115
603	1463
603	1697
603	2216
528	1411
528	1693
528	2347
973	1048
973	2141
2151	3449
843	2309
843	3049
2354	3857
2144	2450
2144	3058
2667	2695
945	1102
945	2448
945	3294
945	3884
808	934
808	2157
808	3323
1274	1972
2112	2292
2112	3863
2078	3094
610	1352
610	1397
610	2787
2175	3130
1816	2419
1411	2177
1693	3600
962	965
962	1118
962	2368
1711	3575
1711	3992
773	2893
906	3918
1848	2582
1368	1459
1368	1950
632	1361
632	1772
697	1029
697	2432
892	1586
1769	1945
1769	2501
1769	3260
614	2197
770	1562
770	3516
944	1748
2012	2615
1437	3233
1437	3499
2239	2886
618	1494
618	1803
618	1807
618	2571
618	2912
578	1598
701	912
701	1476
701	1532
701	1615
701	1723
701	3827
1408	1937
2779	3787
1596	3685
1598	1891
1598	2770
1332	1628
967	1565
967	1658
967	1773
967	1982
967	2588
967	3817
669	776
669	1346
669	1838
669	2556
1034	2184
1463	2938
1352	1571
1397	3020
1397	3912
1488	2554
1488	3069
1134	1842
1494	1840
2912	3337
2219	3326
798	830
2604	3374
2604	3752
1142	1987
2161	2998
2046	3121
2046	3663
2794	2994
776	880
776	2873
776	3968
2366	3309
1537	1974
744	910
744	1885
1736	3101
1736	3833
722	1166
898	1075
1390	2333
1390	3796
734	1988
912	2174
1532	2740
1597	2149
910	1320
1019	1236
1019	2326
1019	2983
1019	3630
1511	2330
1511	3734
1785	3050
1785	3525
1674	1682
1674	2673
2973	3998
856	1671
785	2710
2710	2748
934	3328
934	3534
1906	2792
1290	1778
1290	2600
1215	3077
1090	1850
1090	3504
1176	2098
1444	2303
2519	2894
903	1067
1109	1262
1109	3110
1194	3170
1542	3377
1542	3461
1030	1599
1340	3330
2172	2569
2742	3319
2122	2453
1208	2966
1211	1312
3778	3919
943	1307
2311	2698
1586	2917
2811	3195
2811	3412
1067	3305
1183	1184
1591	3632
1092	2901
1524	2267
990	1131
990	1374
990	2460
1093	3071
1502	2133
1700	1874
3534	3944
1314	2632
1314	3479
1339	1472
965	2179
2179	3389
2179	3708
1773	2473
1982	2833
1982	3085
2588	2891
1080	3523
1080	3582
1048	2597
1354	3017
1087	2279
1836	3082
2721	2780
1131	3913
1374	2317
1192	3505
2213	2375
1110	2945
2326	3928
2705	2946
1364	3570
1141	2610
1940	2123
1940	2498
2212	2985
2212	3041
1220	1552
1181	3043
1153	2139
1783	2285
1400	1641
3042	3208
1605	2842
1605	3039
2105	3467
2072	2950
3043	3644
1184	1763
1184	2163
1184	3038
1184	3900
1763	3688
1434	3368
1261	1912
1261	3111
3122	3433
1431	1696
3077	3747
3302	3370
3302	3622
1377	3691
2013	3219
2226	2765
2600	3198
2562	2678
2562	3720
2474	3686
1517	2623
1667	2252
1667	3554
1472	3605
2205	2585
2867	2955
2867	3965
2180	2707
1937	2884
1937	3642
2177	2916
1696	3687
2554	3092
1840	2280
1840	2752
2133	3643
1704	1985
1801	3490
2770	3297
2991	3927
1943	3209
3833	3845
3502	3614
2280	3567
2188	3135
2188	3283
2188	3535
2188	3679
2188	3909
2580	3375
2471	3945
2469	3144
2792	3893
1983	2265
3210	3240
2907	3163
3052	3825
2758	3898
2758	3931
2349	3771
2393	2485
2985	3773
2698	3281
2698	3489
2894	3073
2891	3310
3198	3560
3191	3424
