# Undirected graph (each unordered pair of nodes is saved once): Results/Robustness/networkScaleFree8000removed-0.12percent.txt
# Nodes: 3200 Edges: 1261
# NodeId	NodeId
1	3
1	5
1	6
1	9
1	10
1	19
1	20
1	23
1	28
1	37
1	39
1	45
1	77
1	182
1	238
1	249
1	264
1	283
1	315
1	333
1	358
1	375
1	404
1	425
1	472
1	502
1	537
1	611
1	613
1	700
1	762
1	782
1	783
1	792
1	812
1	886
1	906
1	1079
1	1103
1	1175
1	1211
1	1238
1	1240
1	1263
1	1372
1	1490
1	1630
1	1782
1	1810
1	1867
1	1879
1	1886
1	1889
1	1903
1	1996
1	2127
1	2161
1	2242
1	2619
1	2627
1	2865
1	2917
1	2965
1	3040
1	3048
1	3049
1	3060
1	3093
1	3175
1	3342
1	3449
1	3488
1	3510
1	3634
1	3653
1	3708
1	3832
1	3953
1	3995
1	4110
1	4185
1	4213
1	4255
1	4313
1	4657
1	4708
1	4913
1	4970
1	5123
1	5170
1	5229
1	5361
1	5391
1	5411
1	5515
1	5591
1	5646
1	5671
1	5841
1	5944
1	6132
1	6239
1	6589
1	6627
1	6629
1	6727
1	6792
1	7033
1	7153
1	7253
1	7299
1	7407
1	7584
1	7780
1	7807
1	7979
3	661
3	1027
3	2889
3	3001
3	3441
3	3736
3	3829
3	4641
3	6220
3	6714
5	14
5	179
5	485
5	1461
5	2962
5	4530
5	5556
6	177
6	445
6	757
6	1141
6	1157
6	1307
6	1334
6	1620
6	1926
6	2008
6	4310
6	4335
6	4693
6	5546
6	6050
6	6059
6	7174
9	22
9	47
9	120
9	235
9	357
9	607
9	702
9	719
9	916
9	925
9	1486
9	1606
9	2731
9	3633
9	4219
9	5393
9	5625
9	7991
10	107
10	423
10	896
10	1381
10	2196
10	3282
10	5415
19	52
19	2073
19	2181
19	2266
19	3252
19	4244
19	4822
20	3080
20	3555
20	7971
23	2392
28	31
28	772
28	1082
28	1129
37	180
37	731
37	5430
37	6160
39	5821
45	106
45	286
45	1036
45	6145
77	2128
249	2822
358	361
358	2699
358	6825
375	914
404	855
404	3855
404	4616
425	2135
425	3701
611	3461
613	5145
762	2300
783	1565
783	4942
783	5860
783	7885
906	6048
1079	2821
1079	4002
1079	4174
1103	4372
1238	6087
1263	4009
1782	2497
2127	6387
2242	5510
2627	7742
2917	4859
3040	6555
3049	4610
3060	7315
3342	5035
3342	5874
3342	7542
4255	6666
213	309
817	1888
817	4131
817	5602
661	983
661	5983
661	7449
661	7891
1027	3244
2889	5254
3001	4159
512	2687
512	3814
512	5704
512	5898
512	6985
512	7008
715	2159
715	5479
715	5787
715	6982
715	7003
715	7411
14	98
14	133
14	176
14	251
14	632
14	809
14	858
14	874
14	1214
14	1234
14	1425
14	2938
14	3103
14	3766
14	4012
14	4626
14	4813
14	5883
14	7677
14	7817
485	1262
485	3261
177	6518
177	7928
445	1347
445	1714
445	2090
445	6861
757	1488
757	3569
757	5004
1157	4733
1307	2568
1307	3044
1307	3457
1307	7946
2008	6086
2008	6679
69	73
69	265
69	565
69	1851
69	4094
187	334
187	3356
187	3759
240	6143
240	7896
246	1212
246	3948
246	3958
246	4449
987	3302
1165	1242
1165	4196
1277	1428
1277	4340
1277	5356
1277	7799
1327	6897
1364	4101
1364	5914
1364	5960
1364	7199
1658	2145
2458	3597
2919	5200
5772	7912
22	4595
120	526
120	2122
120	4148
120	6192
235	4977
607	4049
719	1095
719	1631
916	6947
925	6552
1486	3894
5393	7146
5625	5732
107	186
107	2395
107	3332
107	4060
423	493
1381	2111
1381	4183
1381	6090
46	457
46	1944
46	2050
46	2543
46	3006
46	4792
46	5523
46	6124
46	7692
374	1564
374	4803
948	4377
1397	4132
67	2222
67	2525
67	5565
67	6598
151	291
151	722
133	2383
133	2733
133	4165
176	629
176	2436
176	2810
251	4687
632	5209
632	7607
809	3662
119	741
119	2001
119	4983
119	5582
331	2470
604	3679
604	5526
604	6437
637	726
1185	6006
1259	6738
1259	7836
91	93
91	110
91	271
91	372
91	422
91	723
91	862
91	2708
91	3841
91	4022
91	4535
91	4797
91	4924
91	5885
91	6403
91	6475
91	6503
2364	3117
27	60
27	64
27	66
27	161
27	172
27	202
27	408
27	663
27	674
27	1084
27	1332
27	1546
27	1884
27	1956
27	2042
27	2304
27	2612
27	3112
27	3370
27	5008
27	5226
27	5297
27	5436
27	5533
27	6033
27	7653
27	7678
27	7732
716	1244
50	411
50	636
50	705
50	764
50	1233
50	2140
50	6881
259	6183
259	7583
349	3628
349	5654
349	7095
52	122
52	2766
2073	2388
2073	7308
2181	6584
2266	3654
4244	7092
4822	7897
115	1808
115	4077
115	6465
204	649
204	1355
204	1440
204	4720
204	7088
210	1146
623	1662
623	2126
4595	4629
388	451
388	1037
388	2113
388	2706
388	6190
388	6734
388	7646
53	567
53	4026
517	3365
517	4259
517	5383
517	6329
1351	4454
1156	6211
1156	6918
1622	5273
2328	2856
60	920
60	1178
60	1255
60	1619
60	2591
60	4954
60	6130
64	2335
66	90
66	1850
66	2103
161	218
161	1402
161	4495
161	4819
172	1252
202	1357
202	2880
202	2903
202	5160
202	5537
202	7261
663	5111
663	7525
674	2217
1884	2043
1884	7310
2612	3392
5008	5639
31	42
31	121
31	149
31	170
31	1598
31	2906
31	3088
31	3591
31	5217
159	3079
129	354
129	698
129	999
129	2120
129	4524
129	4570
129	5422
170	226
170	1201
170	1589
170	1744
170	1786
170	2271
170	2290
170	2753
170	5130
170	5206
170	6504
1598	2645
261	499
261	4724
5101	7522
503	895
70	1480
70	2168
80	3474
80	3589
162	3399
174	400
174	511
174	1758
174	6871
480	1948
684	2752
969	4065
969	4844
969	7065
4301	5500
180	1249
180	1930
180	2622
180	4972
180	6345
5430	6052
355	1740
5821	6684
140	156
140	1098
140	2331
140	6219
140	7455
1959	4175
2729	5054
61	285
61	352
61	839
61	5656
61	5804
61	5805
61	6322
61	6392
61	7393
61	7671
311	1434
311	3482
311	4993
106	3106
286	848
286	1700
286	1793
457	3974
108	3285
108	5473
108	6320
301	650
301	2039
301	6025
301	6121
322	397
322	1073
322	1759
322	4294
978	1498
981	1594
1042	1045
1042	4789
1042	4838
1042	6702
1042	7164
1654	5867
1754	5568
1754	6416
1754	7125
1754	7129
3548	3732
3548	5385
3862	5844
6691	7459
705	6759
6881	7478
122	1588
122	3114
122	3836
427	2553
427	5788
1728	6167
4550	7145
728	4408
823	5151
1178	5843
285	4902
153	3811
153	5980
250	6055
252	2350
252	5749
439	488
439	4107
439	7226
697	6233
713	4909
1625	2287
2354	2445
2842	3712
1075	1820
90	3609
90	5711
2103	2805
2222	7717
5565	6631
73	4229
265	6046
1851	2080
1851	2749
1851	5957
1851	6444
376	2079
2128	7658
2411	3074
222	270
222	306
222	389
222	465
222	563
222	1676
222	1709
222	1813
222	2189
222	2790
222	3126
222	3361
222	3384
222	3490
222	3927
222	4000
222	5721
222	5942
222	6250
222	7167
313	1663
313	2593
313	3424
3670	5136
257	6745
1788	3278
1788	6810
93	626
93	3140
93	5975
110	7819
422	633
723	909
723	5481
862	927
862	5220
4535	4572
5885	7135
486	4247
228	490
228	1261
228	2461
228	4303
228	4947
380	3778
380	6432
665	1293
665	6335
568	876
568	1899
3711	6063
114	1562
114	2033
114	2972
114	7609
708	1088
708	7869
1329	2264
1329	4391
1329	6142
186	262
2395	2443
2395	3908
2395	4142
2395	7428
184	3257
184	5932
184	7672
1808	7726
295	2916
1493	2721
1493	4661
1525	5771
1687	2891
1687	3172
741	946
741	2439
741	2757
741	3747
741	7500
4148	4410
2801	3821
2801	6737
4262	5856
354	6408
698	1878
698	4611
2120	7894
4165	6411
351	1091
351	1961
351	3815
351	5268
351	5620
351	5936
1632	7486
2007	4096
1098	3397
2331	4073
1726	2004
241	657
535	954
535	2279
535	2353
535	5143
535	5718
535	6653
535	7798
4315	5739
3811	5570
3811	7504
4896	5116
413	2418
224	6135
1402	2204
894	2121
894	3838
863	2899
1325	7649
559	1522
1589	3827
1744	3344
1744	6057
555	4254
766	1732
766	4926
766	5943
1758	2540
223	3354
629	4840
2436	5045
1571	3445
1571	6453
1249	3218
1249	3485
1249	5107
1249	6122
1249	7349
541	1389
541	1563
3257	7703
334	3544
334	5034
334	5126
770	5667
1087	3767
312	3214
4118	4791
1357	2371
5160	6742
707	7743
1146	1593
236	3607
247	3550
272	831
272	6060
419	2055
419	4105
419	4826
419	5128
968	7585
1193	6157
1556	3542
1556	6077
2013	2818
2013	7667
4782	5648
4782	7465
6975	7198
309	2356
2376	5857
254	542
254	2193
538	1501
538	5011
538	6473
985	7659
1202	2455
3096	5905
306	1439
306	1511
306	1611
306	2725
306	3764
306	5777
389	4238
1813	2958
2189	3960
2189	3992
2189	5928
490	6886
2461	7183
2461	7752
4947	5934
1816	2346
1816	4218
2750	3805
1647	1783
653	1933
653	2830
653	6542
777	2778
2213	6071
3514	4711
657	2313
657	2475
657	2936
6174	7208
5749	6602
542	688
879	2562
879	4528
1512	1581
1512	2840
1512	3531
2165	5618
2165	7848
831	950
831	3554
5926	7365
848	6333
1835	6833
2897	7475
1283	3070
1577	4637
2615	4916
828	1849
828	2720
828	2910
2438	6439
673	937
673	3438
397	543
1759	2147
1759	2473
1759	4958
1759	5953
4294	7922
3021	6711
1022	6323
1216	7473
1807	3695
406	1476
1362	4341
2470	5909
5034	5895
5034	7611
816	2747
816	4325
931	1513
931	5113
3664	7675
2484	6400
5654	7330
3394	6020
602	4137
4204	7124
4803	7102
914	4276
914	4715
1037	1731
2706	3761
918	1937
543	4090
2093	4812
2501	5550
1142	2251
1142	3688
1142	4108
1142	4298
1142	6230
1208	1655
1208	3004
2450	6406
2450	6804
433	3210
433	7626
2418	3526
442	1299
447	2289
447	3720
493	710
493	1248
493	1966
493	3803
493	7840
725	3401
1423	1751
735	1960
1279	1483
1279	2968
729	3892
729	5621
729	7176
488	5300
2449	2709
1366	3390
2825	4040
788	1001
1247	2764
1247	4250
498	3918
1262	2773
1262	6091
1262	6919
1262	7814
710	6517
1248	2628
3918	4366
895	1509
895	1986
895	4264
3365	4333
3365	7884
1482	2098
1482	7009
1693	7197
1981	6944
890	4441
890	6101
890	7590
5013	7801
2353	7785
546	902
546	1912
546	2060
1563	3793
902	1697
902	5608
1302	4023
1360	3860
1360	4227
1360	5910
1336	1545
876	5632
615	2638
615	5967
1032	3120
2084	6308
975	2549
1050	2085
1151	1560
1151	2486
5958	6221
1554	6710
776	805
776	2989
6051	6383
1662	5241
1662	6581
2126	2746
2126	5998
726	1674
726	1908
6253	6997
1668	7150
1438	6854
1933	1987
2830	4994
4684	6645
2475	3618
2475	4565
2936	6748
983	1869
2217	3789
4513	4776
3889	5230
1665	2701
2390	6634
1088	3323
1088	5879
5479	5840
1244	3637
2022	5245
1095	2089
1095	3236
892	5884
7176	7972
2300	3185
2300	6756
805	6002
2778	3724
1565	3400
846	2224
846	7341
1677	3431
1677	6418
3580	7586
869	2047
869	5017
1128	3207
3131	4705
3554	5005
5220	6187
1396	1398
1396	3863
1509	6901
4264	4437
4997	5294
1794	5965
2066	3945
2066	5605
1617	3932
1797	2933
1443	1868
1443	3039
1353	2789
1345	2003
1672	1696
1901	7645
1901	7960
2970	4581
2970	4589
1053	1320
2416	3396
1498	3627
5020	7620
1062	5447
4556	6460
7600	7640
1731	4432
1731	6599
1743	2442
4002	7314
3858	5560
1634	3812
2089	5210
3236	4785
1648	5769
2269	5414
4372	7539
1805	3909
1805	4357
3996	4562
5432	5477
3768	7255
1591	3222
1374	3878
1374	7463
1718	6321
2112	2807
3425	3898
5808	6036
2628	4504
1343	7759
4009	6407
1774	1953
1774	3444
1395	4260
3455	4295
1428	5334
2968	6262
2568	3709
1860	2999
2003	7162
2789	5641
4227	5475
4227	7716
3317	5390
3317	5753
2597	5548
1868	6171
3039	5236
1826	3721
2094	2117
5060	5727
2220	3576
2220	4221
2220	5897
1581	2223
1581	3602
2716	6218
1997	6762
3052	4390
1887	7215
1760	3508
1760	3934
3793	3850
3400	7252
4637	6693
2223	4088
3222	3483
2645	6505
2645	7042
5273	7728
2598	2901
5769	6440
1885	2659
1885	6795
3161	5466
2891	3241
2891	6148
2130	6614
2469	4624
4432	7637
2442	2874
2442	3290
3344	7826
4863	7644
3014	6949
2147	3924
3934	4655
3934	5990
2078	2694
2078	5331
3598	6360
2497	6956
2958	5346
2346	3847
2346	5645
2346	5712
5957	6421
2851	3472
7310	7994
2659	3501
2596	5240
3871	4927
2940	6424
2589	5733
3284	6799
2818	6097
3010	6485
2694	4536
4812	6699
2301	5469
2654	2785
3960	6755
5897	6908
2572	7669
4923	7045
4203	5763
2856	6557
4073	5901
2443	3430
3908	6245
3074	5835
3526	4089
3016	6107
3016	6394
3597	3780
4452	6042
2684	3639
3722	6558
4181	5737
3939	5079
4890	6879
2820	3059
2820	6523
4507	7087
3346	3504
3346	5139
3346	5740
5070	5333
4428	4465
3790	6001
4370	6654
6212	6834
4350	5836
5279	6899
4409	4455
3817	5098
3324	4115
3324	5553
3440	5948
3378	5069
3421	7786
3216	4831
3216	5852
4279	4795
3879	6123
3879	7547
5139	6650
3545	4367
5948	7545
5308	6448
6222	6607
3732	4992
4492	5380
6327	6482
5260	7421
6127	6845
4079	5186
4562	7325
4562	7490
6642	6824
5500	7797
5083	6943
5375	7340
5487	7859
5294	5455
5294	5782
5727	6619
5333	5536
5782	6911
6191	7655
7301	7384
