PercentOfNodes
[ 0. , 0.1, 0.2, 0.3, 0.4, 0.5, 0.6, 0.7, 0.8, 0.9]

RandomAttack
Tq
[[ 3.44188185, 3.44389488, 3.44631718, 3.44885567, 3.45081484, 3.45188989,
   3.45302307, 3.45385686, 3.44951077, 3.42591378, 3.36263775, 3.28918378,
   3.22576628, 3.17257077, 3.12715198, 3.0876406 , 3.05283784, 3.02196067,
   2.99444524, 2.96984229, 2.94777297],
 [ 2.92807437, 2.94665937, 2.96803355, 2.99306529, 3.02357645, 3.06248697,
   3.11315845, 3.17877716, 3.26309957, 3.34625399, 3.36144261, 3.31980291,
   3.26954046, 3.2232863 , 3.18232226, 3.14598265, 3.11349422, 3.08426959,
   3.05789161, 3.03405245, 3.01250465],
 [ 3.04592182, 3.05340955, 3.06213378, 3.07240449, 3.08456794, 3.09911456,
   3.11700733, 3.13886845, 3.1624504 , 3.17318905, 3.14198449, 3.08048076,
   3.01855894, 2.96455362, 2.91818238, 2.87791724, 2.84248894, 2.81102168,
   2.78292423, 2.75777424, 2.7352396 ],
 [ 2.52654117, 2.54200035, 2.56021199, 2.5821453 , 2.60927536, 2.64362223,
   2.68812558, 2.74781526, 2.82857301, 2.922893  , 2.95463881, 2.9062284 ,
   2.84552443, 2.79035381, 2.74237137, 2.70070893, 2.66431337, 2.63234574,
   2.60417839, 2.57932115, 2.55736231],
 [ 2.42558543, 2.43578996, 2.44791493, 2.46259774, 2.48069102, 2.50360784,
   2.53354077, 2.57308544, 2.62295733, 2.66723544, 2.6605058 , 2.60826062,
   2.54758481, 2.49206802, 2.44404896, 2.40293994, 2.3675996 , 2.33697467,
   2.31022766, 2.28671708, 2.26594724],
 [ 2.25821384, 2.26339224, 2.26946033, 2.27670867, 2.2855398 , 2.29652013,
   2.31029665, 2.32691456, 2.34264508, 2.34257334, 2.30896941, 2.25296511,
   2.19323663, 2.13728875, 2.08713185, 2.04301301, 2.00448669, 1.97087142,
   1.94149231, 1.91576522, 1.89319686],
 [ 1.78961925, 1.78515028, 1.77936475, 1.77180655, 1.7618212 , 1.74847723,
   1.73052006, 1.70649995, 1.67532162, 1.63725649, 1.5945678 , 1.55068074,
   1.50856253, 1.46982687, 1.43495535, 1.40389005, 1.37640472, 1.35222662,
   1.33105463, 1.31256506, 1.29642724],
 [ 1.19225184, 1.19300106, 1.19339079, 1.19320611, 1.19211903, 1.18963521,
   1.18503679, 1.17736129, 1.16549869, 1.14847629, 1.12583899, 1.0978925 ,
   1.06579837, 1.03162401, 0.99801922, 0.96731638, 0.9407511 , 0.91847254,
   0.90003018, 0.88479163, 0.87214937],
 [ 1.21489846, 1.21175228, 1.20784309, 1.20289957, 1.19653221, 1.18818319,
   1.1770638 , 1.16209607, 1.14192467, 1.11514047, 1.08082673, 1.03925393,
   0.99233532, 0.94358593, 0.89722781, 0.85651036, 0.82265548, 0.7952567 ,
   0.77322532, 0.75541744, 0.74087032],
 [ 0.88220457, 0.88100759, 0.8793054 , 0.87693875, 0.87371047, 0.86938764,
   0.86371565, 0.85645275, 0.84743415, 0.83666531, 0.82441801, 0.81126861,
   0.79801303, 0.78545064, 0.77415053, 0.76435641, 0.75605119, 0.74907934,
   0.74324283, 0.73835155, 0.73424157]]
measureGC
[ 1.        , 0.87036001, 0.74743518, 0.61313188, 0.47285954, 0.32307405,
  0.14549524, 0.00839396, 0.00391718, 0.00205186]
measureAPL
[ 1.        , 1.09837344, 1.21898069, 1.38808657, 1.72711641, 2.2561051 ,
  4.47934316, 1.09649652, 0.47313214, 0.21858623]

Degree
Tq
[[ 3.13098059, 3.14846248, 3.16947055, 3.19450826, 3.22388604, 3.25907281,
   3.30441604, 3.36408889, 3.43683119, 3.50092883, 3.49699469, 3.45024064,
   3.40005046, 3.35474114, 3.31471491, 3.27922502, 3.24758088, 3.21926123,
   3.19385643, 3.17102025, 3.15044895],
 [ 2.55996883, 2.57650544, 2.59595645, 2.61926081, 2.64774072, 2.68316003,
   2.7281656 , 2.78617454, 2.85861156, 2.93004578, 2.95379171, 2.93116665,
   2.89744941, 2.86526075, 2.8367391 , 2.81170692, 2.78964403, 2.77008995,
   2.7526853 , 2.73714438, 2.72322914],
 [ 1.58309463, 1.5942384 , 1.6079978 , 1.62515612, 1.64667112, 1.67359046,
   1.70672972, 1.7455701 , 1.78549539, 1.81587081, 1.82736614, 1.82127735,
   1.80530718, 1.78622096, 1.76762274, 1.7508224 , 1.73605403, 1.72316545,
   1.71190589, 1.70202761, 1.69331509],
 [ 0.71678039, 0.71286581, 0.70834431, 0.70316168, 0.69729671, 0.69078554,
   0.68374608, 0.67639049, 0.66901077, 0.66193165, 0.65544558, 0.6497576 ,
   0.64496092, 0.64104564, 0.63792954, 0.6354941 , 0.63361346, 0.63217193,
   0.63107156, 0.63023346, 0.62959597],
 [        nan,        nan,        nan,        nan,        nan,        nan,
          nan,        nan,        nan,        nan,        nan,        nan,
          nan,        nan,        nan,        nan,        nan,        nan,
          nan,        nan,        nan],
 [        nan,        nan,        nan,        nan,        nan,        nan,
          nan,        nan,        nan,        nan,        nan,        nan,
          nan,        nan,        nan,        nan,        nan,        nan,
          nan,        nan,        nan],
 [        nan,        nan,        nan,        nan,        nan,        nan,
          nan,        nan,        nan,        nan,        nan,        nan,
          nan,        nan,        nan,        nan,        nan,        nan,
          nan,        nan,        nan],
 [        nan,        nan,        nan,        nan,        nan,        nan,
          nan,        nan,        nan,        nan,        nan,        nan,
          nan,        nan,        nan,        nan,        nan,        nan,
          nan,        nan,        nan],
 [        nan,        nan,        nan,        nan,        nan,        nan,
          nan,        nan,        nan,        nan,        nan,        nan,
          nan,        nan,        nan,        nan,        nan,        nan,
          nan,        nan,        nan],
 [        nan,        nan,        nan,        nan,        nan,        nan,
          nan,        nan,        nan,        nan,        nan,        nan,
          nan,        nan,        nan,        nan,        nan,        nan,
          nan,        nan,        nan]]
measureGC
[  1.00000000e+00,  8.20742399e-01,  2.82036933e-01,  2.79798545e-03,
   3.73064727e-04,  3.73064727e-04,  1.86532363e-04,  1.86532363e-04,
   1.86532363e-04,  1.86532363e-04]
measureAPL
[ 1.        , 1.70298301, 5.64160687, 0.29651269, 0.0733224 , 0.11266933,
  0.11266933, 0.11266933, 0.11266933, 0.11266933]

Centrality
Tq
[[ 3.32319269, 3.33198451, 3.3425568 , 3.35496536, 3.36893898, 3.3849198 ,
   3.40533948, 3.43188153, 3.46128541, 3.47607661, 3.43835845, 3.37591384,
   3.31760935, 3.26724007, 3.22363885, 3.18544335, 3.15167849, 3.12166809,
   3.09490296, 3.0709639 , 3.04948974],
 [ 3.66420336, 3.65127716, 3.63630694, 3.6188196 , 3.59820842, 3.57371478,
   3.54444145, 3.50945162, 3.46805866, 3.42042183, 3.36828678, 3.31499588,
   3.26402797, 3.21739605, 3.17556073, 3.13822776, 3.10492393, 3.0751911 ,
   3.04861272, 3.02480899, 3.00343649],
 [ 3.701529  , 3.68880046, 3.67408879, 3.65717133, 3.63782663, 3.61581091,
   3.59084661, 3.5626664 , 3.53112477, 3.4963543 , 3.45893105, 3.41995347,
   3.38086413, 3.3430311 , 3.30741804, 3.2745399 , 3.24457511, 3.2174823 ,
   3.19308671, 3.17114533, 3.15139448],
 [ 3.6429374 , 3.63318596, 3.62155217, 3.60781378, 3.59180336, 3.57343109,
   3.55269242, 3.5296533 , 3.50441347, 3.47707708, 3.44779191, 3.41688114,
   3.38497014, 3.35295472, 3.32179761, 3.29230147, 3.26498397, 3.24006975,
   3.21755483, 3.19729323, 3.17907216],
 [ 3.57428975, 3.56771286, 3.55931123, 3.54865471, 3.53505991, 3.51756154,
   3.49538499, 3.46944581, 3.44234064, 3.41472763, 3.38588877, 3.35551657,
   3.32384114, 3.2915293 , 3.25952641, 3.22879852, 3.20008939, 3.17380894,
   3.15006155, 3.12874496, 3.10965103],
 [ 3.46038875, 3.44686813, 3.43147972, 3.41411607, 3.39477171, 3.37354946,
   3.35061617, 3.32610653, 3.30002676, 3.2722271 , 3.24247858, 3.21064551,
   3.17690039, 3.14187604, 3.10662754, 3.07236849, 3.04012753, 3.01053496,
   2.98381342, 2.95989348, 2.9385482 ],
 [ 3.36548627, 3.35113146, 3.33475679, 3.31635404, 3.29611096, 3.27437467,
   3.25149451, 3.22763194, 3.2026655 , 3.17622581, 3.14782585, 3.11706245,
   3.08387153, 3.04875752, 3.01282535, 2.97749427, 2.94403887, 2.91327044,
   2.88550088, 2.86068541, 2.83859142],
 [ 3.22125081, 3.21214261, 3.20125577, 3.1884822 , 3.17393917, 3.15775614,
   3.13961211, 3.11868465, 3.09438119, 3.06708295, 3.03734355, 3.00515207,
   2.97042987, 2.93360592, 2.89583687, 2.85873508, 2.82378273, 2.79189677,
   2.7633819 , 2.73812543, 2.71581458],
 [ 3.0793457 , 3.0656511 , 3.04898405, 3.02864325, 3.00395043, 2.9744186 ,
   2.94020992, 2.90308036, 2.86652957, 2.83246194, 2.79943104, 2.76546729,
   2.72946328, 2.69135841, 2.65216645, 2.61359343, 2.57728887, 2.54428125,
   2.51490427, 2.48902356, 2.46628668],
 [ 2.85298665, 2.84816824, 2.84182894, 2.83359203, 2.82300052, 2.80955702,
   2.79289345, 2.77302369, 2.75039213, 2.72547851, 2.69829797, 2.66838226,
   2.63524406, 2.59900985, 2.56085812, 2.52281304, 2.48691669, 2.45449006,
   2.4259892 , 2.4012756 , 2.3799348 ]]
measureGC
[ 1.        , 0.90001865, 0.80432755, 0.7112479 , 0.61816825, 0.52471554,
  0.43144936, 0.33818317, 0.24510353, 0.14493565]
measureAPL
[ 1.        , 0.95256094, 0.90924744, 0.89107064, 0.88311526, 0.8766166 ,
  0.87264264, 0.86703099, 0.86721097, 0.87247163]

Genetic
Tq
[[ 3.34019486, 3.34837658, 3.35815758, 3.3695791 , 3.3823851 , 3.39697394,
   3.41555297, 3.43956752, 3.46582546, 3.47746409, 3.43853571, 3.37602275,
   3.31789194, 3.26775863, 3.22436196, 3.18629006, 3.15255296, 3.12248206,
   3.09558703, 3.07147035, 3.04979052],
 [ 3.39367198, 3.39086699, 3.38717546, 3.38244073, 3.37632809, 3.36800927,
   3.35590607, 3.33801178, 3.30994565, 3.26150845, 3.18750081, 3.10954562,
   3.04252539, 2.98632607, 2.9383492 , 2.89659362, 2.85977854, 2.82707569,
   2.79789522, 2.77177229, 2.74831956],
 [ 3.01454078, 3.01926357, 3.02495533, 3.03162606, 3.03925005, 3.04848459,
   3.06098095, 3.07776868, 3.09994234, 3.11830808, 3.08335911, 3.01117086,
   2.94422448, 2.88704459, 2.83798   , 2.79537094, 2.75806717, 2.72525451,
   2.69629032, 2.67063068, 2.64780938],
 [ 2.6679064 , 2.68131201, 2.69714252, 2.71600436, 2.73885479, 2.76744966,
   2.80441945, 2.85294913, 2.91604822, 2.98257729, 2.99709947, 2.95178953,
   2.89449896, 2.84098744, 2.79350373, 2.75178091, 2.7152199 , 2.68323156,
   2.65525753, 2.6307706 , 2.60928608],
 [ 2.61065134, 2.61800356, 2.62642646, 2.63621921, 2.64776607, 2.66153302,
   2.6781058 , 2.69794352, 2.71997446, 2.73608471, 2.72429667, 2.67791574,
   2.62123602, 2.56858209, 2.52281924, 2.48356757, 2.44983473, 2.4206556 ,
   2.39522617, 2.37290473, 2.35318344],
 [ 2.1326967 , 2.14503502, 2.15937104, 2.17621676, 2.19630542, 2.22070687,
   2.25097147, 2.28916629, 2.33687071, 2.38833406, 2.4148429 , 2.3954718 ,
   2.35328467, 2.3075892 , 2.26470607, 2.22620907, 2.19226118, 2.16257511,
   2.13670806, 2.11417735, 2.09451673],
 [ 2.03664542, 2.03284733, 2.02801386, 2.02180002, 2.01372007, 2.00308255,
   1.98889845, 1.96977439, 1.94388571, 1.90937071, 1.86572326, 1.81566361,
   1.76456125, 1.71699657, 1.67494499, 1.63859932, 1.60745952, 1.58084265,
   1.55806317, 1.53849781, 1.52160788],
 [ 1.34702317, 1.34152316, 1.334698  , 1.32623271, 1.31575751, 1.30286505,
   1.28715754, 1.26833318, 1.24629871, 1.22126034, 1.19376306, 1.16470956,
   1.13532381, 1.10693304, 1.08063104, 1.05707335, 1.03649005, 1.01880106,
   1.00373869, 0.99095119, 0.98007716],
 [ 0.9209401 , 0.91814789, 0.91476478, 0.91064177, 0.90559068, 0.89937713,
   0.89171504, 0.8822667 , 0.87066223, 0.85657313, 0.83987099, 0.82081903,
   0.8001643 , 0.77904625, 0.75870901, 0.74012278, 0.72377721, 0.70974181,
   0.69783881, 0.68778985, 0.67930233],
 [ 0.94368064, 0.94027221, 0.93613904, 0.931072  , 0.92479515, 0.91694927,
   0.90708024, 0.89464668, 0.87907445, 0.85990046, 0.83703906, 0.81111156,
   0.78358657, 0.75644829, 0.73149983, 0.70979629, 0.69156599, 0.67650288,
   0.66409727, 0.65383523, 0.64527703]]
measureGC
[ 1.        , 0.87222533, 0.74314494, 0.61163962, 0.46689051, 0.31430703,
  0.15650065, 0.0264876 , 0.00242492, 0.00149226]
measureAPL
[ 1.        , 1.10078483, 1.19206331, 1.35367506, 1.67889321, 2.12875464,
  3.0607438 , 2.99822085, 0.34373525, 0.19509349]

Simulated
Tq
[[ 3.45375963, 3.45555448, 3.45772676, 3.45996576, 3.46153232, 3.46200521,
   3.4621261 , 3.461322  , 3.45433108, 3.42744252, 3.36275776, 3.28888183,
   3.22521715, 3.17189701, 3.12644502, 3.08696828, 3.05224911, 3.02148694,
   2.99410229, 2.96963373, 2.94769409],
 [ 3.26646191, 3.27189125, 3.27790811, 3.28449639, 3.29176006, 3.30012532,
   3.30979086, 3.31932382, 3.32408765, 3.30937476, 3.26011172, 3.19466278,
   3.13323533, 3.07987619, 3.03380661, 2.99377624, 2.95876694, 2.92798921,
   2.90080138, 2.87666239, 2.85511467],
 [ 2.71854366, 2.73067942, 2.74486595, 2.7617881 , 2.7826275 , 2.80903496,
   2.84316548, 2.8886533 , 2.94934551, 3.01578707, 3.02353208, 2.96785874,
   2.9060702 , 2.85077712, 2.802244  , 2.75950514, 2.72174959, 2.68835793,
   2.65880986, 2.63263376, 2.60939686],
 [ 2.5789477 , 2.58348167, 2.58886158, 2.59533914, 2.60324494, 2.61313583,
   2.62577325, 2.64203936, 2.6615893 , 2.67457331, 2.64398469, 2.57710002,
   2.5113946 , 2.45432753, 2.40543688, 2.36335541, 2.3268938 , 2.29513366,
   2.26736062, 2.24299654, 2.22155622],
 [ 2.32489855, 2.33030744, 2.33651188, 2.3437009 , 2.35209971, 2.36192638,
   2.3732434 , 2.38542629, 2.39534464, 2.39369343, 2.36948447, 2.32667379,
   2.27814926, 2.23188896, 2.1905465 , 2.15443717, 2.12309868, 2.09588393,
   2.07217039, 2.05142021, 2.03318425],
 [ 1.60785769, 1.61436021, 1.62235677, 1.63239237, 1.64520293, 1.66167567,
   1.68259739, 1.70799047, 1.73594123, 1.76137462, 1.77687353, 1.77769367,
   1.76555581, 1.74580497, 1.72327952, 1.70090022, 1.68000885, 1.66104525,
   1.64403452, 1.62884579, 1.61530561],
 [ 1.16756452, 1.17276184, 1.17878249, 1.18577768, 1.19387924, 1.20312387,
   1.21329543, 1.22363881, 1.23245044, 1.23684678, 1.23352025, 1.22070107,
   1.19946483, 1.17300651, 1.14502751, 1.1184466 , 1.09485972, 1.07472436,
   1.05784412, 1.04376967, 1.03201621],
 [ 0.88765157, 0.8859135 , 0.88357336, 0.88046082, 0.87637067, 0.87106622,
   0.86429272, 0.85581018, 0.84546017, 0.83327793, 0.8196184 , 0.80518274,
   0.79084296, 0.77735753, 0.76519235, 0.75451842, 0.74530295, 0.73740752,
   0.73065784, 0.72488236, 0.7199285 ],
 [ 0.84402466, 0.84074149, 0.83673709, 0.83184679, 0.82587427, 0.81859363,
   0.80976076, 0.79914281, 0.78657841, 0.77207662, 0.75592894, 0.73875758,
   0.72142209, 0.70479702, 0.68954743, 0.67602646, 0.66430624, 0.65427493,
   0.64573395, 0.63846447, 0.6322618 ],
 [        nan,        nan,        nan,        nan,        nan,        nan,
          nan,        nan,        nan,        nan,        nan,        nan,
          nan,        nan,        nan,        nan,        nan,        nan,
          nan,        nan,        nan]]
measureGC
[  1.00000000e+00,  8.62152583e-01,  7.16097743e-01,  5.54747249e-01,
   3.63365044e-01,  1.71236710e-01,  1.10054094e-02,  2.79798545e-03,
   2.05185600e-03,  7.46129453e-04]
measureAPL
[ 1.        , 1.12864069, 1.34958456, 1.75478145, 2.44398246, 4.04452369,
  1.11123875, 0.35968594, 0.16747499, 0.00592009]