PercentOfNodes
[ 0. , 0.1, 0.2, 0.3, 0.4, 0.5, 0.6, 0.7, 0.8, 0.9]

Centrality
Tq
[[ 2.72149347, 2.7439267 , 2.77061132, 2.80266129, 2.84149629, 2.88846231,
   2.94380201, 3.00539416, 3.06498527, 3.10320858, 3.08354296, 2.9610488 ,
   2.7443656 , 2.47699798, 2.21241491, 2.02231122, 1.89089379, 1.79626244,
   1.72524643, 1.67015281, 1.62626895],
 [ 2.23986535, 2.24998012, 2.26098623, 2.27285363, 2.28542289, 2.29824286,
   2.3102511 , 2.3190941 , 2.31978003, 2.30299633, 2.25657097, 2.17487185,
   2.06142981, 1.91729827, 1.76825261, 1.64821439, 1.55907436, 1.4924767 ,
   1.4416071 , 1.40186373, 1.37015608],
 [ 1.96192022, 1.96682848, 1.97238083, 1.9786646 , 1.98576404, 1.99379035,
   2.00294061, 2.01337012, 2.02374937, 2.02589031, 1.99743934, 1.91279002,
   1.77477931, 1.59792679, 1.44557932, 1.34273938, 1.27179322, 1.22013617,
   1.18090584, 1.15016136, 1.12547341],
 [ 1.21533158, 1.2196953 , 1.22437497, 1.22928113, 1.23422718, 1.23886893,
   1.24261467, 1.24449956, 1.24303287, 1.23607191, 1.22090928, 1.19504211,
   1.15812488, 1.11403084, 1.0696016 , 1.03026387, 0.99792306, 0.97214239,
   0.95171371, 0.93543014, 0.92231001],
 [ 0.73012841, 0.73080251, 0.73148856, 0.73220464, 0.73299069, 0.73391682,
   0.73508281, 0.73659374, 0.73849711, 0.74069593, 0.74290928, 0.74476032,
   0.74595887, 0.74643655, 0.74633877, 0.74590323, 0.74533628, 0.74476663,
   0.74425924, 0.7438417 , 0.74352238],
 [        nan,        nan,        nan,        nan,        nan,        nan,
          nan,        nan,        nan,        nan,        nan,        nan,
          nan,        nan,        nan,        nan,        nan,        nan,
          nan,        nan,        nan],
 [        nan,        nan,        nan,        nan,        nan,        nan,
          nan,        nan,        nan,        nan,        nan,        nan,
          nan,        nan,        nan,        nan,        nan,        nan,
          nan,        nan,        nan],
 [        nan,        nan,        nan,        nan,        nan,        nan,
          nan,        nan,        nan,        nan,        nan,        nan,
          nan,        nan,        nan,        nan,        nan,        nan,
          nan,        nan,        nan],
 [        nan,        nan,        nan,        nan,        nan,        nan,
          nan,        nan,        nan,        nan,        nan,        nan,
          nan,        nan,        nan,        nan,        nan,        nan,
          nan,        nan,        nan],
 [        nan,        nan,        nan,        nan,        nan,        nan,
          nan,        nan,        nan,        nan,        nan,        nan,
          nan,        nan,        nan,        nan,        nan,        nan,
          nan,        nan,        nan]]
measureGC
[  1.00000000e+00,  1.37000000e-01,  4.55000000e-02,  1.25000000e-02,
   4.00000000e-03,  1.50000000e-03,  1.00000000e-03,  5.00000000e-04,
   5.00000000e-04,  5.00000000e-04]
measureAPL
[ 1.        , 0.79656445, 0.51155896, 0.33770295, 0.18491434, 0.06824478,
  0.09891579, 0.09891579, 0.09891579, 0.09891579]