PercentOfNodes
[ 0. , 0.1, 0.2, 0.3, 0.4, 0.5, 0.6, 0.7, 0.8, 0.9]

Centrality
Tq
[[ 3.35130186, 3.3501597 , 3.34881051, 3.34716288, 3.34512768, 3.34262358,
   3.33958658, 3.33597832, 3.33178977, 3.3270413 , 3.32178123, 3.31608316,
   3.31004013, 3.3037536 , 3.2973178 , 3.29080314, 3.28424301, 3.27762839,
   3.27091488, 3.26404716, 3.25700001],
 [ 3.38173535, 3.36503123, 3.34462015, 3.31930123, 3.28839247, 3.25321796,
   3.21844895, 3.19078253, 3.17275064, 3.15991902, 3.14938733, 3.14014739,
   3.13170121, 3.12381747, 3.1163938 , 3.10938663, 3.1027767 , 3.09655163,
   3.09069782, 3.08519788, 3.08003075],
 [ 3.01963229, 3.00652528, 2.99090095, 2.97232643, 2.95048788, 2.92630812,
   2.90478606, 2.89403483, 2.89350028, 2.88664159, 2.87054984, 2.85454009,
   2.84056481, 2.82822248, 2.81705056, 2.80674315, 2.79710918, 2.788029  ,
   2.77942716, 2.77125606, 2.76348587],
 [ 2.85987639, 2.84448155, 2.82583595, 2.80330063, 2.77618416, 2.74409971,
   2.70812259, 2.67126213, 2.6356885 , 2.60012621, 2.5672776 , 2.54043626,
   2.5184529 , 2.49973532, 2.48327432, 2.46846845, 2.45494909, 2.44248173,
   2.430911  , 2.42012955, 2.41006033],
 [ 2.56059822, 2.55226616, 2.54199281, 2.52931866, 2.51381497, 2.49529022,
   2.47422011, 2.45198049, 2.42970148, 2.4057886 , 2.37883802, 2.35245007,
   2.32913207, 2.30880373, 2.29083982, 2.2747522 , 2.26021661, 2.24700701,
   2.23495145, 2.22391108, 2.21377057],
 [ 2.07129476, 2.06357204, 2.05440093, 2.04349628, 2.03059101, 2.01556282,
   1.99864673, 1.9805166 , 1.96138119, 1.93735201, 1.89982304, 1.85626206,
   1.81910405, 1.78924687, 1.76473685, 1.74401265, 1.72605043, 1.71018323,
   1.69596593, 1.68309378, 1.67135431],
 [ 1.63355812, 1.6264527 , 1.6176211 , 1.60658845, 1.5928049 , 1.5757196 ,
   1.55495312, 1.53057829, 1.50337333, 1.47478669, 1.44666253, 1.42085093,
   1.39851694, 1.37975344, 1.36398284, 1.35049782, 1.33870599, 1.32817052,
   1.31859114, 1.30978187, 1.3016486 ],
 [ 1.21268493, 1.2112085 , 1.20943694, 1.20732042, 1.20479225, 1.20174244,
   1.19794363, 1.19286927, 1.18536734, 1.17354652, 1.15594287, 1.13351375,
   1.10934884, 1.08639174, 1.0661465 , 1.04887645, 1.03425451, 1.02180996,
   1.01111399, 1.00182456, 0.99367976],
 [ 1.05441173, 1.04599989, 1.03562904, 1.02276066, 1.00671517, 0.9866912 ,
   0.96190399, 0.93199219, 0.89779188, 0.86203197, 0.82868639, 0.80077476,
   0.77900697, 0.76248439, 0.74989354, 0.74010749, 0.73230819, 0.72593533,
   0.72060965, 0.71607199, 0.71214194],
 [ 0.88327805, 0.87759418, 0.87079013, 0.8626248 , 0.85283719, 0.84119003,
   0.82756459, 0.81211659, 0.79543109, 0.77849735, 0.76237784, 0.74779425,
   0.73499059, 0.72388172, 0.7142523 , 0.70587455, 0.69855077, 0.69211957,
   0.68645049, 0.68143694, 0.67699026]]
measureGC
[ 1.    , 0.8998, 0.7998, 0.6984, 0.596 , 0.4726, 0.3032, 0.0334, 0.0136,
  0.0042]
measureAPL
[ 1.        , 1.15372421, 1.38032837, 1.76868764, 2.40131454, 3.93762676,
  9.59823723, 2.71531313, 1.32408801, 0.70564348]