PercentOfNodes
[ 0. , 0.1, 0.2, 0.3, 0.4, 0.5, 0.6, 0.7, 0.8, 0.9]

RandomAttack
Tq
[[ 3.1771996 , 3.18929227, 3.20355719, 3.21991376, 3.23800408, 3.2582441 ,
   3.28286783, 3.31303622, 3.34489066, 3.39477765, 3.4302822 , 3.09398221,
   2.73489107, 2.32269162, 1.99550917, 1.79389914, 1.66112253, 1.56636607,
   1.49470668, 1.43833302, 1.39274268],
 [ 2.16556745, 2.19351809, 2.22781683, 2.27080425, 2.32615678, 2.399997  ,
   2.50191172, 2.64177195, 2.83172135, 3.16594371, 3.68771644, 3.49047761,
   3.12578683, 2.6640348 , 2.29284047, 2.06518335, 1.91601255, 1.81010276,
   1.73040648, 1.66799036, 1.61771211],
 [ 3.4980585 , 3.51058549, 3.5246208 , 3.53994146, 3.55624922, 3.57395949,
   3.59514706, 3.62343991, 3.66496605, 3.72101963, 3.68894768, 3.42179078,
   3.07330522, 2.63773753, 2.2795766 , 2.05905404, 1.9154732 , 1.8142346 ,
   1.7383328 , 1.67885636, 1.63077174],
 [ 2.86318703, 2.88810386, 2.91799707, 2.95369832, 2.99563504, 3.0446332 ,
   3.10473931, 3.18521261, 3.2925856 , 3.42548385, 3.49595097, 3.32133624,
   3.04061624, 2.68946138, 2.38944093, 2.19074456, 2.05588281, 1.95882221,
   1.88567037, 1.82858993, 1.78283006],
 [ 3.04326606, 3.05533633, 3.06981948, 3.08724328, 3.10798542, 3.13200684,
   3.15975288, 3.19426739, 3.23658387, 3.27560643, 3.23833366, 3.0264345 ,
   2.75975489, 2.44427048, 2.17312847, 1.99191891, 1.86813452, 1.77854721,
   1.71070966, 1.65757233, 1.61483991],
 [ 2.83111732, 2.84413338, 2.85870942, 2.87564151, 2.89642612, 2.92344409,
   2.95980086, 3.00721794, 3.0629246 , 3.11479153, 3.08341708, 2.89222269,
   2.64183775, 2.34468444, 2.08701603, 1.91243304, 1.7929958 , 1.70671648,
   1.64147841, 1.59040731, 1.54934151],
 [ 2.60528873, 2.62175845, 2.64039616, 2.66189769, 2.68760454, 2.71981448,
   2.76190092, 2.81699962, 2.88105797, 2.93262774, 2.92543866, 2.81096442,
   2.60331825, 2.31844387, 2.05820496, 1.88060703, 1.75981547, 1.67316396,
   1.60807915, 1.55745318, 1.51700086],
 [ 2.64060606, 2.64550801, 2.65087254, 2.65665889, 2.66280565, 2.66916784,
   2.6751797 , 2.6788993 , 2.67492585, 2.64918574, 2.57198592, 2.4247735 ,
   2.23075019, 1.98815471, 1.76709886, 1.61531908, 1.5119593 , 1.43767316,
   1.38168372, 1.33793243, 1.3027896 ],
 [ 2.00191383, 2.00514909, 2.00843292, 2.01159632, 2.01432901, 2.01610488,
   2.01601648, 2.01233304, 2.00133062, 1.97461268, 1.91665266, 1.81653379,
   1.68407554, 1.5254151 , 1.37724795, 1.26963664, 1.19420789, 1.13942411,
   1.09801027, 1.06566065, 1.03973385],
 [ 1.67382392, 1.67415559, 1.67453399, 1.67501071, 1.67568314, 1.67673646,
   1.67852074, 1.68165463, 1.68689983, 1.69319178, 1.68960683, 1.64542979,
   1.52557786, 1.36671537, 1.24570335, 1.16827399, 1.11680416, 1.07992425,
   1.05184773, 1.02957169, 1.01141308]]
measureGC
[ 1.        , 0.81487102, 0.66995448, 0.49317147, 0.39301973, 0.28780981,
  0.18538189, 0.11279717, 0.03945372, 0.00354072]
measureAPL
[ 1.        , 1.01263686, 1.03302106, 1.10134856, 1.12445766, 1.19458077,
  1.26306199, 1.29236343, 1.56790372, 0.38643291]

Degree
Tq
[[ 3.15455651, 3.16735606, 3.18245258, 3.19974477, 3.21885502, 3.24025754,
   3.26630853, 3.29804212, 3.33134463, 3.385489  , 3.42847738, 3.09240285,
   2.73364456, 2.32071082, 1.99318546, 1.79153069, 1.6587195 , 1.5639054 ,
   1.49217876, 1.43574122, 1.39009681],
 [ 1.07520598, 1.0744549 , 1.07321499, 1.07131319, 1.06852163, 1.06454829,
   1.05903736, 1.05159574, 1.04187274, 1.02971729, 1.01538472, 0.99965542,
   0.98368456, 0.96859896, 0.95513638, 0.94356369, 0.93381162, 0.92565042,
   0.91881206, 0.91305033, 0.9081606 ],
 [        nan,        nan,        nan,        nan,        nan,        nan,
          nan,        nan,        nan,        nan,        nan,        nan,
          nan,        nan,        nan,        nan,        nan,        nan,
          nan,        nan,        nan],
 [        nan,        nan,        nan,        nan,        nan,        nan,
          nan,        nan,        nan,        nan,        nan,        nan,
          nan,        nan,        nan,        nan,        nan,        nan,
          nan,        nan,        nan],
 [        nan,        nan,        nan,        nan,        nan,        nan,
          nan,        nan,        nan,        nan,        nan,        nan,
          nan,        nan,        nan,        nan,        nan,        nan,
          nan,        nan,        nan],
 [        nan,        nan,        nan,        nan,        nan,        nan,
          nan,        nan,        nan,        nan,        nan,        nan,
          nan,        nan,        nan,        nan,        nan,        nan,
          nan,        nan,        nan],
 [        nan,        nan,        nan,        nan,        nan,        nan,
          nan,        nan,        nan,        nan,        nan,        nan,
          nan,        nan,        nan,        nan,        nan,        nan,
          nan,        nan,        nan],
 [        nan,        nan,        nan,        nan,        nan,        nan,
          nan,        nan,        nan,        nan,        nan,        nan,
          nan,        nan,        nan,        nan,        nan,        nan,
          nan,        nan,        nan],
 [        nan,        nan,        nan,        nan,        nan,        nan,
          nan,        nan,        nan,        nan,        nan,        nan,
          nan,        nan,        nan,        nan,        nan,        nan,
          nan,        nan,        nan],
 [        nan,        nan,        nan,        nan,        nan,        nan,
          nan,        nan,        nan,        nan,        nan,        nan,
          nan,        nan,        nan,        nan,        nan,        nan,
          nan,        nan,        nan]]
measureGC
[  1.00000000e+00,  6.82852807e-03,  5.05816894e-04,  2.52908447e-04,
   2.52908447e-04,  2.52908447e-04,  2.52908447e-04,  2.52908447e-04,
   2.52908447e-04,  2.52908447e-04]
measureAPL
[ 1.        , 0.82784201, 0.18563081, 0.18563081, 0.18563081, 0.18563081,
  0.18563081, 0.18563081, 0.18563081, 0.18563081]

Centrality
Tq
[[ 3.37362033, 3.37809334, 3.38323456, 3.38860492, 3.39335297, 3.39692834,
   3.39959274, 3.39924008, 3.38643167, 3.36051676, 3.26824517, 2.90318922,
   2.55732176, 2.16953394, 1.86225607, 1.67343632, 1.54910317, 1.46025138,
   1.39292849, 1.33986447, 1.29687907],
 [ 4.53383364, 4.53721702, 4.54025498, 4.54254414, 4.54351352, 4.54241405,
   4.53825776, 4.52943558, 4.51181593, 4.47054178, 4.36125266, 4.11798862,
   3.7475238 , 3.19364148, 2.73493623, 2.45413384, 2.27204958, 2.14439961,
   2.04958194, 1.97623103, 1.91779711],
 [ 4.67923954, 4.67491602, 4.66913408, 4.661405  , 4.65101397, 4.63685685,
   4.6170967 , 4.58836626, 4.54384959, 4.46890857, 4.33159614, 4.08205359,
   3.70990214, 3.14946964, 2.69284174, 2.41382153, 2.23275084, 2.10569089,
   2.01121477, 1.93805257, 1.87971376],
 [ 4.70482094, 4.69800276, 4.68952106, 4.67879734, 4.6649452 , 4.6465372 ,
   4.62115625, 4.58454395, 4.52902653, 4.44031966, 4.28975814, 4.03700979,
   3.67336374, 3.12033664, 2.66319548, 2.38236218, 2.19986047, 2.07174182,
   1.97645815, 1.90264978, 1.84377057],
 [ 4.89733924, 4.89615772, 4.89376569, 4.88958289, 4.88270259, 4.87168525,
   4.85423005, 4.82667927, 4.78325252, 4.7140168 , 4.59580012, 4.38291811,
   4.02022076, 3.40210435, 2.89290741, 2.58313668, 2.38351964, 2.2447132 ,
   2.14254349, 2.0642085 , 2.00230934],
 [ 4.9404097 , 4.93635666, 4.93072489, 4.92283766, 4.91166098, 4.8955733 ,
   4.87194924, 4.83639721, 4.78150437, 4.69536987, 4.5587881 , 4.34126365,
   3.98016142, 3.34743698, 2.82731205, 2.51224027, 2.30991603, 2.16957297,
   2.06639569, 1.98731543, 1.92482388],
 [ 4.60062476, 4.58877401, 4.57419987, 4.5560072 , 4.53290976, 4.50300753,
   4.46341625, 4.40967923, 4.334934  , 4.22867428, 4.07376631, 3.84771926,
   3.5039973 , 2.9452231 , 2.49694577, 2.22402149, 2.04670931, 1.9220927 ,
   1.82927541, 1.7572659 , 1.69973818],
 [ 4.86166232, 4.85290111, 4.84176827, 4.8274825 , 4.80893985, 4.78455957,
   4.75205832, 4.70808475, 4.64737652, 4.56037684, 4.42851976, 4.22330496,
   3.86804705, 3.23930047, 2.73373509, 2.42832664, 2.23181665, 2.09515197,
   1.99440586, 1.9169794 , 1.85563628],
 [ 4.81455021, 4.8046589 , 4.79249542, 4.77733511, 4.75811163, 4.73320332,
   4.70006464, 4.65460078, 4.59019936, 4.49654636, 4.35841544, 4.15373536,
   3.79907334, 3.15374293, 2.6378127 , 2.328571  , 2.130164  , 1.99238401,
   1.89092974, 1.81303716, 1.75138071],
 [ 4.75324599, 4.74300844, 4.73038073, 4.71458445, 4.69448527, 4.66838178,
   4.6336525 , 4.58617942, 4.51945136, 4.4232258 , 4.28195033, 4.07505426,
   3.72365266, 3.10325829, 2.60844209, 2.30991061, 2.11752288, 1.98342265,
   1.88434664, 1.8080438 , 1.74747472]]
measureGC
[ 1.        , 0.90010116, 0.85457764, 0.80905412, 0.7635306 , 0.71800708,
  0.67248356, 0.62696004, 0.58143652, 0.535913  ]
measureAPL
[ 1.        , 0.90641633, 0.88360473, 0.85952266, 0.83425652, 0.78902249,
  0.74131065, 0.73139086, 0.72059222, 0.71317111]

Genetic
Tq
[[ 2.23848925, 2.26686212, 2.30155702, 2.3448801 , 2.40047691, 2.47450118,
   2.57669331, 2.71712273, 2.90803635, 3.24047235, 3.75730881, 3.55093564,
   3.17869071, 2.72152146, 2.3537645 , 2.12574955, 1.97559812, 1.86871976,
   1.78818983, 1.725082  , 1.67422889],
 [ 2.8638365 , 2.87023704, 2.87787395, 2.8874921 , 2.90023207, 2.91771721,
   2.94134537, 2.97037791, 3.00923099, 3.08191764, 3.05338971, 2.75289249,
   2.46312673, 2.1602719 , 1.91061006, 1.74405701, 1.62951754, 1.54602299,
   1.48234547, 1.43213652, 1.39153373],
 [ 2.31597309, 2.33536495, 2.35809948, 2.38461545, 2.41592659, 2.45488076,
   2.50775108, 2.58558836, 2.70110381, 2.88885818, 3.0659364 , 2.82828101,
   2.54477758, 2.23300539, 1.97533948, 1.80569373, 1.68978969, 1.60552152,
   1.54132595, 1.49073549, 1.4498358 ],
 [ 2.88919186, 2.9002966 , 2.91296583, 2.92725166, 2.94344791, 2.9627545 ,
   2.98794945, 3.02310608, 3.06974998, 3.12727691, 3.14035485, 2.9220409 ,
   2.65204697, 2.35058207, 2.08969274, 1.91362626, 1.79254618, 1.70438459,
   1.6372731 , 1.58449573, 1.54194708],
 [ 2.51541195, 2.52805055, 2.54337772, 2.56254515, 2.58731978, 2.62046838,
   2.66595572, 2.72753262, 2.81042901, 2.92794783, 3.01165953, 2.83204116,
   2.58130461, 2.29419113, 2.04012981, 1.86710709, 1.74793388, 1.6611188 ,
   1.59500846, 1.54300111, 1.50106152],
 [ 2.38506904, 2.40557788, 2.43003916, 2.45941041, 2.4947207 , 2.53754447,
   2.59151621, 2.66327551, 2.75999188, 2.8936694 , 2.99047452, 2.8622456 ,
   2.65132661, 2.39907524, 2.16807719, 2.00528684, 1.89264103, 1.81106831,
   1.74934917, 1.70099282, 1.66205658],
 [ 2.49212924, 2.49857779, 2.50574185, 2.51357765, 2.52218687, 2.53203655,
   2.54366937, 2.55658567, 2.56972104, 2.57214932, 2.51001697, 2.37297524,
   2.21291564, 2.03602315, 1.86423033, 1.73329651, 1.63939344, 1.57037349,
   1.5178663 , 1.47669569, 1.4435905 ],
 [ 2.13661377, 2.146239  , 2.15736179, 2.17048345, 2.18625845, 2.20539732,
   2.22839608, 2.25489591, 2.2814149 , 2.29490679, 2.2667778 , 2.17875233,
   2.05122332, 1.8979287 , 1.74475498, 1.62440113, 1.53696968, 1.47255346,
   1.42356641, 1.38519379, 1.35438273],
 [ 2.13860803, 2.13779011, 2.13615902, 2.13331944, 2.12869355, 2.12142641,
   2.1101933 , 2.09279286, 2.06536713, 2.02152185, 1.95368883, 1.85983345,
   1.74464044, 1.60901917, 1.47565887, 1.37169329, 1.29597144, 1.23990876,
   1.19708236, 1.16340984, 1.136288  ],
 [ 1.60285757, 1.61507444, 1.62976748, 1.6475936 , 1.66932164, 1.69575292,
   1.72757382, 1.7651756 , 1.8081684 , 1.85215937, 1.87739286, 1.84972912,
   1.74718153, 1.58298637, 1.42416586, 1.30661374, 1.22418744, 1.16516421,
   1.1214543 , 1.08805863, 1.06185946]]
measureGC
[ 1.        , 0.72003035, 0.59028832, 0.47420334, 0.37329287, 0.2635306 ,
  0.14390491, 0.08143652, 0.04046535, 0.00961052]
measureAPL
[ 1.        , 1.09721179, 1.10160111, 1.1346786 , 1.16745546, 1.2337266 ,
  1.39695305, 1.55639025, 1.35954928, 0.72208398]

Simulated
Tq
[[ 3.38000062, 3.38426831, 3.38917369, 3.3942895 , 3.39878759, 3.40211025,
   3.40442997, 3.40352351, 3.38996255, 3.36259127, 3.26809351, 2.90318881,
   2.55846298, 2.17956978, 1.88105448, 1.69624638, 1.57392558, 1.48623475,
   1.41966512, 1.36713643, 1.32455704],
 [ 2.77338053, 2.77958956, 2.78722203, 2.79667202, 2.8081423 , 2.82160301,
   2.83803762, 2.86208418, 2.90188221, 2.95424028, 2.91603119, 2.69810485,
   2.46804075, 2.23745833, 2.02640024, 1.87067783, 1.7596969 , 1.67779052,
   1.61509952, 1.56567641, 1.52576855],
 [ 2.63997482, 2.64138229, 2.64292996, 2.64440761, 2.64546735, 2.64583505,
   2.64521215, 2.64270123, 2.63791379, 2.62408933, 2.55763549, 2.42611847,
   2.28245517, 2.13976741, 2.00601352, 1.89261255, 1.8026677 , 1.73260201,
   1.67759048, 1.63365796, 1.59792209],
 [ 2.19485393, 2.20586134, 2.21831128, 2.23232279, 2.24797643, 2.26519519,
   2.2834035 , 2.30071868, 2.31267872, 2.31050259, 2.28190176, 2.2226862 ,
   2.14168189, 2.04898121, 1.95520782, 1.87076145, 1.80023541, 1.74317506,
   1.69728821, 1.66015514, 1.62976386],
 [ 1.73987035, 1.73649473, 1.73217984, 1.72663085, 1.71942637, 1.70995399,
   1.69730071, 1.68003965, 1.65588143, 1.62179753, 1.57634424, 1.52254804,
   1.46594962, 1.4109412 , 1.36055762, 1.31668235, 1.27969659, 1.24894197,
   1.22340418, 1.20208492, 1.18413482],
 [ 1.32034404, 1.32779212, 1.3364965 , 1.34675125, 1.35888926, 1.37322277,
   1.38988965, 1.40853055, 1.42770981, 1.4440628 , 1.45158456, 1.44258838,
   1.41229061, 1.36488551, 1.31233449, 1.26490496, 1.22629196, 1.19603349,
   1.17247546, 1.15401429, 1.13938433],
 [ 1.2170911 , 1.21513496, 1.21257872, 1.2092089 , 1.20473497, 1.198758  ,
   1.19072154, 1.17983882, 1.16500523, 1.14475475, 1.11743858, 1.08188578,
   1.03860491, 0.99086392, 0.94389535, 0.90215497, 0.86750796, 0.83968009,
   0.81750704, 0.79973936, 0.78533294],
 [ 1.11144605, 1.10842599, 1.10482153, 1.10046974, 1.09514335, 1.08851064,
   1.08005809, 1.06893831, 1.05368848, 1.03182937, 0.99981767, 0.95506838,
   0.90121478, 0.84893671, 0.80624273, 0.77393061, 0.74967597, 0.73113316,
   0.71662541, 0.70503616, 0.69561613],
 [ 1.29283895, 1.28993294, 1.28638598, 1.2819659 , 1.27632178, 1.26890928,
   1.25886877, 1.24484555, 1.2248079 , 1.19618806, 1.15726468, 1.1104196 ,
   1.06357452, 1.02465114, 0.9960313 , 0.97599365, 0.96197043, 0.95192992,
   0.94451742, 0.9388733 , 0.93445321],
 [ 0.39192488, 0.39192488, 0.39192488, 0.39192488, 0.39192488, 0.39192488,
   0.39192488, 0.39192488, 0.39192488, 0.39192488, 0.39192488, 0.39192488,
   0.39192488, 0.39192488, 0.39192488, 0.39192488, 0.39192488, 0.39192488,
   0.39192488, 0.39192488, 0.39192488]]
measureGC
[  1.00000000e+00,  5.30601922e-01,  3.27516439e-01,  1.63631765e-01,
   7.89074355e-02,  8.85179565e-03,  5.05816894e-03,  1.77035913e-03,
   1.26454224e-03,  7.58725341e-04]
measureAPL
[ 1.        , 1.28251105, 1.6764764 , 2.2435022 , 3.25372697, 0.90677999,
  0.62527386, 0.20732369, 0.03020845, 0.18589814]