# Undirected graph (each unordered pair of nodes is saved once): paperRandom449-610.txt
# Nodes: 449 Edges: 610
# NodeId	NodeId
0	1
0	180
0	210
0	299
1	29
2	155
2	241
3	166
3	278
3	335
5	210
5	304
6	113
6	335
6	353
6	395
6	416
7	241
7	266
9	145
9	180
9	213
10	288
11	104
11	145
11	194
11	312
11	392
12	176
12	424
13	19
13	151
13	253
13	270
13	315
14	324
15	310
15	384
16	84
16	420
17	321
17	326
18	283
18	376
19	303
19	361
20	249
20	252
20	278
21	81
21	236
22	280
22	309
23	26
23	254
24	34
24	63
24	173
24	419
25	65
25	272
25	345
27	94
27	351
27	377
28	49
28	54
28	340
28	358
29	30
29	145
30	101
31	45
31	218
31	299
32	266
33	248
34	310
34	429
35	169
35	444
36	52
36	139
36	371
37	109
37	261
38	177
39	195
39	362
42	87
42	375
42	439
43	57
43	171
44	115
44	153
44	280
44	334
45	152
45	392
46	109
46	280
46	313
47	139
47	243
47	302
48	281
48	314
48	334
49	198
49	398
50	56
51	97
51	171
51	333
51	376
51	426
52	244
52	255
52	258
52	310
52	425
53	73
53	95
53	98
53	324
53	336
54	331
54	390
55	259
56	106
56	233
57	81
57	105
57	401
57	419
57	432
57	445
58	238
58	248
58	277
59	419
60	147
60	172
60	289
60	339
61	69
61	139
61	186
61	208
61	304
61	369
61	376
61	383
61	399
62	160
62	367
63	117
63	137
63	356
63	397
64	207
64	238
65	133
65	310
65	331
65	349
66	245
66	284
66	328
67	73
67	342
68	111
68	287
68	400
68	443
69	220
69	235
70	328
70	415
71	124
72	186
72	198
72	340
72	375
73	384
74	91
75	274
76	79
76	83
76	327
76	371
76	408
77	123
77	150
78	97
78	107
78	131
78	138
78	215
79	122
79	417
79	444
80	414
81	83
82	102
82	182
82	365
82	375
83	153
84	149
84	446
85	122
86	147
86	281
87	90
87	239
88	223
88	273
89	357
89	432
90	169
91	172
91	207
91	208
92	289
92	379
93	266
93	402
94	207
94	224
94	311
94	317
95	326
95	331
96	282
96	323
96	373
96	389
96	407
97	99
98	172
98	307
98	363
99	312
99	396
100	365
101	129
101	430
102	160
103	121
103	145
103	155
104	427
105	416
106	267
107	191
107	380
107	441
108	431
110	311
110	388
111	150
111	176
111	271
111	291
111	385
112	206
112	323
112	438
113	250
114	164
114	359
115	269
115	376
116	251
116	307
116	346
117	244
118	140
118	145
118	247
118	420
119	314
120	234
121	198
121	256
121	364
121	404
122	133
122	139
122	143
122	422
122	445
123	195
124	168
125	266
127	352
128	159
128	241
129	173
129	185
129	238
129	240
129	382
129	389
131	261
131	304
131	324
131	361
131	389
132	323
133	305
133	415
133	442
134	258
134	259
134	381
134	415
135	157
135	301
136	161
136	204
136	274
136	359
137	236
138	372
139	153
139	261
139	319
139	336
139	340
140	185
140	192
140	316
140	422
141	220
141	352
143	211
144	229
144	340
145	258
145	346
145	382
146	169
146	195
147	328
147	436
148	244
148	341
148	388
149	159
149	232
149	243
149	277
149	372
152	346
153	359
155	359
156	164
157	170
157	366
157	397
158	217
158	294
158	331
159	364
159	430
160	319
161	183
162	178
162	249
162	253
162	286
162	438
163	233
164	226
164	335
165	305
166	303
166	380
166	424
167	327
168	365
168	391
170	250
172	286
172	438
173	186
173	208
173	241
173	307
174	211
174	300
174	371
175	275
175	410
176	335
176	399
178	179
178	195
178	280
178	360
179	216
180	278
180	320
180	358
180	403
181	213
181	357
182	245
182	275
182	317
185	186
185	332
186	391
187	197
187	406
187	423
188	326
188	331
188	335
190	200
190	243
190	355
191	292
193	290
194	202
194	252
194	369
195	266
196	442
197	252
197	358
199	313
200	227
201	309
201	313
201	342
202	348
203	336
203	365
204	295
204	306
205	257
208	209
208	398
209	298
210	212
212	328
213	291
213	345
215	252
215	319
216	231
216	317
217	322
220	285
221	329
222	277
222	423
224	385
224	398
226	262
226	289
226	370
228	248
228	249
228	258
229	382
230	294
230	373
231	277
232	278
232	289
234	282
234	287
235	325
235	417
236	254
236	370
236	439
237	268
238	338
240	345
242	327
243	319
243	400
243	436
246	321
246	385
247	294
247	355
249	408
250	270
250	330
250	415
252	258
253	262
253	275
253	420
254	338
255	349
256	434
257	390
257	402
258	319
258	320
259	269
259	368
259	396
260	344
260	431
261	409
263	276
263	434
264	348
265	330
266	346
267	306
269	430
270	426
271	435
272	301
277	390
280	339
280	427
282	397
282	448
284	436
287	393
290	303
290	357
293	341
293	422
294	338
295	370
295	398
296	342
296	389
297	375
297	406
299	411
299	438
300	361
301	334
301	378
301	379
306	341
307	311
309	436
310	356
310	396
310	423
312	336
313	367
313	430
314	339
314	353
317	346
321	362
322	362
322	396
325	438
326	374
326	383
328	390
328	394
328	410
328	438
329	335
329	383
330	336
332	405
333	435
336	376
337	427
337	446
338	377
341	441
341	447
342	351
344	349
345	355
345	374
345	434
347	377
347	434
349	369
352	415
352	448
356	359
356	430
366	429
371	419
373	388
375	427
378	432
385	429
391	443
394	424
396	432
398	426
409	447
419	435
423	443
424	434
425	430
443	444
443	445
