# Undirected graph (each unordered pair of nodes is saved once): randomNetowkr-20.txt
# Nodes: 500 Edges: 5000
# NodeId	NodeId
0	9
0	19
0	30
0	41
0	69
0	82
0	92
0	100
0	118
0	147
0	168
0	220
0	234
0	242
0	256
0	286
0	290
0	309
0	321
0	338
0	340
0	380
0	388
0	439
0	442
0	477
1	3
1	19
1	23
1	44
1	73
1	143
1	169
1	216
1	225
1	231
1	234
1	288
1	327
1	351
1	393
1	410
1	448
1	485
2	4
2	12
2	21
2	118
2	122
2	140
2	144
2	145
2	147
2	164
2	176
2	196
2	201
2	290
2	328
2	331
2	354
2	357
2	393
2	406
3	15
3	25
3	114
3	126
3	131
3	132
3	146
3	150
3	195
3	202
3	251
3	260
3	297
3	375
3	379
3	411
3	416
3	448
3	472
4	7
4	46
4	61
4	70
4	96
4	151
4	173
4	207
4	210
4	218
4	229
4	257
4	287
4	306
4	308
4	362
4	364
4	397
4	406
4	411
4	413
4	417
4	454
4	459
4	473
4	484
4	486
5	6
5	26
5	53
5	76
5	78
5	81
5	95
5	137
5	158
5	159
5	193
5	224
5	231
5	239
5	240
5	247
5	275
5	289
5	308
5	346
5	352
5	355
5	361
5	363
5	402
5	405
5	469
5	473
5	484
6	40
6	57
6	95
6	118
6	132
6	215
6	220
6	236
6	324
6	366
6	395
6	421
6	488
7	11
7	26
7	30
7	47
7	100
7	101
7	105
7	150
7	152
7	164
7	227
7	231
7	246
7	286
7	290
7	292
7	316
7	336
7	362
7	379
7	404
7	470
8	32
8	49
8	59
8	70
8	100
8	116
8	130
8	199
8	259
8	288
8	302
8	354
8	375
8	399
8	452
8	456
8	457
8	459
9	57
9	65
9	88
9	114
9	145
9	177
9	208
9	213
9	219
9	248
9	276
9	302
9	374
9	388
9	403
9	460
9	465
9	497
10	42
10	95
10	96
10	116
10	169
10	222
10	240
10	255
10	274
10	283
10	337
10	365
10	386
10	409
10	410
10	419
10	453
11	24
11	41
11	48
11	105
11	125
11	151
11	165
11	193
11	209
11	224
11	232
11	280
11	283
11	286
11	289
11	290
11	318
11	333
11	371
11	375
11	379
11	397
11	421
11	423
11	448
11	499
12	40
12	51
12	58
12	70
12	95
12	149
12	152
12	180
12	274
12	332
12	414
12	431
12	457
12	498
13	14
13	19
13	130
13	137
13	208
13	239
13	244
13	263
13	267
13	297
13	305
13	322
13	328
13	415
13	432
13	437
13	488
14	20
14	57
14	69
14	92
14	98
14	101
14	132
14	172
14	211
14	226
14	228
14	246
14	256
14	274
14	344
14	350
14	353
14	371
14	412
14	422
14	432
14	440
14	442
14	453
14	459
14	473
14	487
14	498
15	46
15	106
15	130
15	154
15	287
15	302
15	305
15	309
15	369
15	382
15	396
15	488
16	63
16	91
16	93
16	101
16	103
16	120
16	177
16	216
16	241
16	257
16	261
16	332
16	342
16	419
16	429
16	469
16	475
17	23
17	35
17	88
17	100
17	105
17	113
17	120
17	135
17	151
17	159
17	173
17	194
17	200
17	209
17	217
17	230
17	237
17	287
17	307
17	379
17	455
17	462
17	465
17	478
18	20
18	21
18	28
18	40
18	50
18	54
18	85
18	103
18	107
18	127
18	137
18	163
18	173
18	267
18	294
18	304
18	309
18	334
18	336
18	374
18	385
18	493
19	35
19	46
19	63
19	105
19	123
19	150
19	172
19	192
19	221
19	236
19	241
19	303
19	307
19	325
19	335
19	338
19	348
19	354
19	372
19	384
19	387
19	414
19	435
20	38
20	48
20	63
20	111
20	158
20	193
20	202
20	298
20	299
20	337
20	357
20	362
20	385
20	387
20	437
20	447
20	465
20	472
21	30
21	47
21	48
21	51
21	62
21	102
21	103
21	119
21	124
21	135
21	143
21	160
21	164
21	184
21	249
21	276
21	284
21	316
21	397
21	480
21	489
22	37
22	47
22	57
22	59
22	72
22	121
22	130
22	139
22	153
22	199
22	200
22	249
22	250
22	272
22	278
22	354
22	360
22	362
22	395
22	408
22	433
22	456
22	462
22	465
22	474
22	477
22	481
23	42
23	51
23	79
23	94
23	129
23	172
23	208
23	217
23	269
23	279
23	313
23	328
23	349
23	352
23	353
23	357
23	372
23	373
23	446
23	469
23	480
23	484
24	155
24	167
24	194
24	208
24	270
24	279
24	284
24	291
24	308
24	350
24	351
24	374
24	382
24	431
24	470
24	471
25	99
25	111
25	123
25	131
25	194
25	195
25	196
25	240
25	244
25	319
25	321
25	322
25	376
25	377
25	397
25	409
26	29
26	35
26	36
26	48
26	60
26	86
26	103
26	217
26	259
26	270
26	285
26	288
26	308
26	318
26	358
26	369
26	375
26	377
26	398
26	443
26	458
26	491
27	55
27	92
27	214
27	218
27	263
27	278
27	325
27	330
27	401
27	408
27	438
27	439
27	457
27	478
28	69
28	88
28	89
28	104
28	113
28	114
28	139
28	202
28	244
28	261
28	265
28	268
28	271
28	319
28	349
28	408
28	412
28	421
28	442
29	39
29	70
29	87
29	165
29	177
29	178
29	229
29	289
29	300
29	307
29	316
29	373
29	390
29	393
29	400
29	422
29	437
29	485
30	31
30	42
30	97
30	99
30	123
30	135
30	157
30	205
30	208
30	228
30	254
30	264
30	275
30	316
30	338
30	341
30	355
30	409
30	434
30	469
30	483
31	59
31	79
31	94
31	125
31	144
31	146
31	179
31	193
31	210
31	241
31	273
31	304
31	324
31	366
31	401
31	419
31	455
32	37
32	42
32	55
32	62
32	88
32	105
32	152
32	155
32	188
32	228
32	234
32	235
32	236
32	294
32	345
32	357
32	359
32	364
32	374
32	377
32	390
32	427
32	438
32	449
32	465
32	492
32	496
32	497
33	34
33	54
33	57
33	60
33	70
33	95
33	96
33	103
33	109
33	117
33	129
33	134
33	136
33	177
33	223
33	240
33	252
33	326
33	374
33	413
33	431
33	446
33	463
34	42
34	49
34	61
34	102
34	110
34	116
34	121
34	123
34	197
34	205
34	227
34	242
34	255
34	261
34	265
34	347
34	350
34	381
34	431
34	443
34	482
34	489
35	46
35	47
35	54
35	69
35	76
35	176
35	181
35	205
35	215
35	255
35	309
35	335
35	337
35	384
35	396
35	408
35	409
35	413
35	483
35	489
36	49
36	84
36	98
36	118
36	191
36	235
36	417
36	426
36	437
36	459
36	465
37	53
37	81
37	82
37	94
37	115
37	120
37	121
37	142
37	146
37	155
37	194
37	233
37	262
37	266
37	291
37	295
37	302
37	308
37	358
37	421
37	467
37	473
37	491
38	52
38	53
38	73
38	76
38	78
38	124
38	203
38	214
38	216
38	261
38	273
38	310
38	321
38	323
38	364
38	388
38	395
38	402
38	412
38	428
38	441
38	477
38	498
39	59
39	78
39	90
39	108
39	123
39	140
39	171
39	191
39	342
39	397
39	466
39	477
39	486
40	45
40	94
40	116
40	173
40	182
40	186
40	202
40	218
40	354
40	397
40	450
40	481
41	44
41	59
41	71
41	81
41	125
41	139
41	178
41	188
41	196
41	243
41	278
41	280
41	283
41	323
41	329
41	363
41	376
41	411
41	433
41	448
42	59
42	63
42	66
42	71
42	107
42	129
42	134
42	140
42	171
42	177
42	241
42	253
42	273
42	371
42	421
43	47
43	77
43	92
43	112
43	166
43	168
43	175
43	214
43	258
43	277
43	297
43	308
43	324
43	342
43	356
43	429
43	476
43	484
43	492
43	497
44	59
44	79
44	84
44	128
44	153
44	213
44	230
44	344
44	351
44	363
44	364
44	365
44	491
45	67
45	75
45	81
45	155
45	163
45	171
45	176
45	197
45	204
45	226
45	242
45	252
45	261
45	262
45	264
45	275
45	322
45	331
45	348
45	374
45	378
45	398
45	423
45	455
46	85
46	109
46	141
46	164
46	193
46	307
46	310
46	325
46	333
46	343
46	365
46	370
46	372
46	420
46	422
46	462
46	479
47	67
47	72
47	75
47	100
47	104
47	113
47	125
47	127
47	176
47	227
47	233
47	240
47	269
47	271
47	286
47	308
47	328
47	333
47	339
47	355
47	372
47	392
47	409
47	421
47	423
47	429
47	441
47	445
47	459
48	49
48	69
48	74
48	90
48	101
48	117
48	121
48	131
48	147
48	153
48	164
48	165
48	219
48	220
48	235
48	317
48	349
48	418
48	420
48	445
48	454
48	457
48	459
48	477
49	64
49	86
49	88
49	102
49	138
49	167
49	197
49	242
49	258
49	264
49	275
49	323
49	338
49	365
49	373
49	389
49	419
49	422
49	430
49	433
49	458
49	464
50	99
50	122
50	124
50	125
50	148
50	162
50	176
50	204
50	264
50	265
50	308
50	336
50	340
50	355
50	360
50	364
50	372
50	486
50	487
51	64
51	90
51	128
51	132
51	138
51	139
51	210
51	216
51	224
51	241
51	305
51	417
51	430
51	437
51	473
51	485
52	53
52	118
52	160
52	175
52	187
52	251
52	262
52	280
52	289
52	290
52	346
52	367
52	372
52	379
52	421
52	443
52	455
52	480
52	488
53	57
53	101
53	120
53	131
53	154
53	155
53	163
53	216
53	290
53	323
53	371
53	402
53	443
53	469
53	476
54	79
54	81
54	100
54	117
54	126
54	141
54	145
54	163
54	190
54	199
54	213
54	222
54	259
54	283
54	297
54	333
54	335
54	412
54	414
54	482
54	498
55	121
55	149
55	154
55	165
55	172
55	174
55	179
55	190
55	203
55	206
55	235
55	269
55	326
55	375
55	384
55	402
55	417
55	444
55	478
56	62
56	115
56	119
56	142
56	169
56	195
56	240
56	265
56	279
56	317
56	345
56	364
56	366
56	403
56	408
56	415
56	463
57	232
57	293
57	309
57	331
57	351
57	355
57	377
57	382
57	444
57	479
57	496
58	66
58	70
58	121
58	162
58	167
58	208
58	235
58	245
58	263
58	278
58	283
58	295
58	323
58	335
58	361
58	373
58	395
58	403
58	437
58	497
59	65
59	71
59	108
59	122
59	130
59	224
59	233
59	302
59	342
59	373
59	395
59	425
59	445
59	477
60	77
60	97
60	122
60	138
60	170
60	186
60	195
60	204
60	206
60	236
60	237
60	249
60	250
60	259
60	273
60	289
60	314
60	339
60	391
60	411
60	451
60	498
61	63
61	69
61	86
61	91
61	143
61	184
61	239
61	251
61	370
61	379
61	384
61	419
61	449
61	466
61	496
62	110
62	111
62	127
62	135
62	192
62	209
62	213
62	217
62	311
62	335
62	362
62	399
62	403
62	404
62	408
62	458
62	476
63	97
63	121
63	143
63	164
63	237
63	251
63	263
63	335
63	348
63	426
63	462
63	471
63	495
64	90
64	101
64	115
64	157
64	163
64	213
64	215
64	234
64	244
64	263
64	294
64	311
64	339
64	343
64	350
64	362
64	404
64	419
64	478
65	87
65	90
65	97
65	166
65	180
65	204
65	225
65	244
65	254
65	268
65	275
65	301
65	310
65	355
65	356
65	398
65	400
65	419
65	428
65	436
65	455
65	471
66	69
66	102
66	171
66	177
66	205
66	207
66	209
66	244
66	278
66	306
66	334
66	348
66	365
66	397
66	446
66	450
66	472
66	477
66	491
67	70
67	107
67	114
67	125
67	138
67	147
67	155
67	174
67	211
67	267
67	287
67	312
67	347
67	374
67	474
68	119
68	128
68	182
68	201
68	215
68	294
68	323
68	325
68	333
68	335
68	337
68	346
68	393
68	423
68	428
68	484
68	492
69	101
69	105
69	130
69	131
69	137
69	147
69	196
69	219
69	250
69	270
69	300
69	308
69	327
69	391
69	412
69	437
69	452
69	463
70	93
70	137
70	185
70	190
70	254
70	265
70	282
70	291
70	300
70	318
70	354
70	411
70	443
70	488
71	98
71	130
71	147
71	180
71	217
71	238
71	289
71	300
71	306
71	315
71	351
71	356
71	385
71	418
71	437
71	445
71	451
72	79
72	166
72	201
72	261
72	269
72	279
72	336
72	364
72	369
72	387
72	392
72	437
72	492
73	84
73	185
73	196
73	202
73	224
73	249
73	255
73	277
73	290
73	308
73	341
73	403
73	460
73	464
73	477
73	478
74	97
74	126
74	159
74	166
74	168
74	246
74	255
74	265
74	292
74	297
74	319
74	355
74	356
74	366
74	368
74	379
74	419
74	420
74	443
75	85
75	107
75	114
75	121
75	161
75	183
75	201
75	228
75	234
75	266
75	272
75	286
75	382
75	396
75	397
75	412
75	416
75	432
75	444
75	469
75	472
75	481
76	90
76	128
76	221
76	224
76	250
76	265
76	278
76	289
76	351
76	404
76	453
76	475
76	494
77	115
77	117
77	172
77	174
77	181
77	207
77	208
77	219
77	233
77	256
77	302
77	310
77	334
77	379
77	384
77	415
77	416
77	422
77	431
77	438
77	464
77	481
78	81
78	83
78	132
78	178
78	296
78	300
78	301
78	306
78	313
78	323
78	361
78	364
78	374
78	402
78	419
78	432
78	498
79	82
79	89
79	154
79	176
79	221
79	227
79	230
79	269
79	306
79	344
79	367
79	386
79	432
79	438
79	468
80	109
80	135
80	163
80	195
80	209
80	236
80	316
80	323
80	350
80	362
80	447
80	449
80	477
80	486
81	83
81	101
81	112
81	114
81	120
81	132
81	155
81	159
81	167
81	218
81	219
81	220
81	265
81	270
81	274
81	413
81	449
81	481
81	484
81	497
82	91
82	121
82	135
82	268
82	312
82	407
82	442
82	451
82	460
82	462
82	485
82	491
83	182
83	267
83	278
83	304
83	325
83	378
83	409
83	417
83	432
83	436
83	455
84	163
84	171
84	181
84	223
84	224
84	271
84	321
84	328
84	329
84	330
84	355
84	363
84	374
84	394
84	436
84	441
84	444
84	447
84	471
84	498
85	107
85	109
85	134
85	152
85	177
85	188
85	259
85	261
85	284
85	304
85	339
85	358
85	370
85	410
85	414
85	434
85	438
85	451
86	88
86	91
86	94
86	95
86	98
86	102
86	106
86	107
86	114
86	204
86	220
86	238
86	242
86	243
86	282
86	319
86	322
86	342
86	353
86	356
86	372
86	398
86	410
86	461
86	473
86	476
87	103
87	143
87	171
87	186
87	229
87	244
87	257
87	265
87	295
87	297
87	312
87	337
87	365
87	391
87	429
87	431
87	443
87	478
88	122
88	141
88	150
88	168
88	188
88	306
88	316
88	327
88	328
88	332
88	353
88	358
88	417
88	497
89	103
89	111
89	154
89	162
89	188
89	210
89	211
89	218
89	257
89	258
89	377
89	439
89	494
90	96
90	121
90	124
90	139
90	199
90	229
90	326
90	331
90	382
90	435
90	437
90	455
90	467
90	473
90	492
91	105
91	108
91	150
91	175
91	211
91	246
91	272
91	295
91	298
91	322
91	346
91	384
91	393
91	424
91	425
91	448
91	462
91	482
91	492
91	494
92	109
92	114
92	115
92	125
92	148
92	192
92	209
92	216
92	226
92	273
92	279
92	333
92	354
92	362
92	397
92	404
92	425
92	435
92	447
92	460
92	480
93	97
93	108
93	131
93	158
93	177
93	244
93	249
93	255
93	258
93	261
93	288
93	304
93	320
93	332
93	397
93	414
93	426
93	461
93	471
93	474
93	478
93	495
94	110
94	173
94	211
94	228
94	229
94	242
94	262
94	271
94	287
94	291
94	295
94	322
94	334
94	339
94	359
94	401
94	405
94	476
94	493
95	149
95	209
95	252
95	278
95	281
95	302
95	360
95	424
95	434
95	437
96	110
96	134
96	135
96	142
96	147
96	162
96	217
96	276
96	285
96	288
96	289
96	297
96	311
96	316
96	318
96	350
96	379
96	394
96	397
96	401
96	470
96	481
97	137
97	156
97	201
97	239
97	273
97	279
97	315
97	325
97	356
97	364
97	382
97	472
97	485
97	488
98	136
98	137
98	139
98	142
98	195
98	201
98	240
98	243
98	265
98	274
98	290
98	295
98	322
98	350
98	358
98	436
98	447
99	101
99	157
99	162
99	181
99	200
99	210
99	221
99	246
99	324
99	328
99	372
99	392
99	404
99	422
99	466
100	150
100	168
100	226
100	230
100	256
100	282
100	309
100	320
100	425
100	426
101	108
101	167
101	173
101	230
101	256
101	260
101	279
101	300
101	330
101	334
101	338
101	349
101	386
101	397
101	414
101	430
101	448
101	490
101	492
101	494
102	192
102	207
102	214
102	221
102	269
102	288
102	295
102	332
102	358
102	429
102	430
102	464
103	115
103	156
103	165
103	254
103	262
103	286
103	333
103	389
103	411
103	415
103	433
103	436
103	439
103	454
103	460
103	484
103	492
104	150
104	153
104	239
104	245
104	266
104	270
104	299
104	312
104	349
104	374
104	393
104	454
104	465
105	156
105	157
105	221
105	278
105	296
105	326
105	358
105	390
105	437
105	456
105	497
106	139
106	151
106	213
106	223
106	266
106	283
106	287
106	310
106	349
106	380
106	404
106	452
106	477
106	487
107	114
107	138
107	150
107	154
107	168
107	179
107	263
107	280
107	297
107	322
107	424
107	427
107	439
107	440
107	464
107	492
108	136
108	171
108	190
108	235
108	238
108	303
108	325
108	329
108	370
108	373
108	387
108	389
108	403
108	445
108	464
108	472
109	115
109	122
109	140
109	142
109	143
109	166
109	168
109	198
109	201
109	203
109	245
109	268
109	321
109	331
109	437
109	457
109	475
110	144
110	173
110	174
110	186
110	198
110	204
110	216
110	272
110	297
110	344
110	356
110	360
110	365
110	403
110	409
110	424
110	462
110	477
111	149
111	172
111	190
111	210
111	244
111	250
111	255
111	265
111	302
111	322
111	324
111	349
111	367
111	380
111	389
111	404
111	413
111	426
111	428
111	442
111	447
111	470
111	490
112	115
112	126
112	132
112	149
112	157
112	184
112	199
112	286
112	354
112	378
112	383
112	393
112	453
113	144
113	146
113	184
113	233
113	338
113	395
113	418
113	454
113	479
114	127
114	131
114	180
114	187
114	220
114	249
114	251
114	325
114	347
114	379
114	386
114	396
114	402
114	428
114	445
114	447
114	468
114	470
114	474
115	120
115	149
115	172
115	186
115	193
115	194
115	196
115	232
115	234
115	243
115	287
115	297
115	335
115	356
115	391
115	396
115	400
115	401
115	404
115	442
115	451
115	483
115	484
116	120
116	154
116	166
116	167
116	218
116	224
116	233
116	269
116	304
116	312
116	319
116	327
116	354
116	365
116	370
116	376
116	377
116	383
116	394
116	464
117	132
117	179
117	238
117	259
117	280
117	293
117	352
117	353
117	361
117	372
117	386
117	419
117	442
117	456
117	458
117	473
117	495
118	145
118	148
118	257
118	264
118	288
118	338
118	356
118	409
118	477
118	490
119	123
119	128
119	227
119	309
119	314
119	315
119	321
119	381
119	392
119	423
120	121
120	138
120	163
120	209
120	215
120	218
120	220
120	238
120	265
120	284
120	313
120	323
120	368
120	398
120	428
120	447
120	458
120	465
120	490
121	139
121	159
121	179
121	186
121	204
121	234
121	270
121	295
121	298
121	302
121	312
121	316
121	352
121	363
121	371
121	377
121	430
121	464
121	493
122	135
122	253
122	258
122	282
122	342
122	349
122	363
122	370
122	392
122	409
122	432
122	447
123	125
123	129
123	157
123	307
123	325
123	340
123	342
123	360
123	369
123	381
123	402
123	443
123	474
123	492
124	162
124	171
124	247
124	259
124	307
124	369
124	385
124	404
124	434
124	435
124	442
124	446
124	447
124	449
124	460
124	470
124	475
124	490
125	217
125	290
125	332
125	342
125	364
125	386
125	457
125	463
126	158
126	164
126	203
126	256
126	267
126	389
126	395
126	404
126	408
126	440
126	472
126	477
126	486
126	495
127	164
127	244
127	277
127	283
127	288
127	340
127	384
127	417
127	429
127	433
127	442
127	466
127	475
127	486
128	130
128	150
128	165
128	166
128	185
128	204
128	245
128	257
128	288
128	298
128	300
128	306
128	366
128	367
129	140
129	159
129	170
129	175
129	202
129	213
129	267
129	310
129	331
129	393
129	402
129	414
129	423
129	439
129	457
129	475
130	147
130	162
130	174
130	194
130	211
130	217
130	285
130	297
130	347
130	365
130	381
130	399
130	428
130	438
130	455
130	462
130	488
131	146
131	155
131	157
131	226
131	236
131	290
131	298
131	319
131	356
131	445
131	453
131	457
131	461
131	466
131	470
131	494
132	167
132	180
132	203
132	246
132	250
132	264
132	271
132	300
132	314
132	387
132	413
132	428
132	442
132	469
132	481
132	482
133	138
133	157
133	180
133	191
133	195
133	238
133	269
133	276
133	285
133	288
133	292
133	331
133	351
133	424
133	464
133	474
133	492
133	495
134	187
134	202
134	232
134	250
134	290
134	315
134	322
134	331
134	387
134	398
134	436
134	469
134	494
135	143
135	148
135	168
135	181
135	193
135	254
135	279
135	281
135	296
135	316
135	321
135	335
135	356
135	365
135	377
135	382
135	407
135	428
136	242
136	293
136	302
136	323
136	338
136	376
136	391
136	401
136	413
136	457
137	178
137	228
137	241
137	256
137	265
137	294
137	315
137	333
137	342
137	365
137	366
137	370
137	449
137	472
138	193
138	228
138	238
138	254
138	260
138	283
138	290
138	296
138	298
138	408
139	149
139	153
139	181
139	231
139	293
139	298
139	323
139	359
139	385
139	386
139	396
139	397
139	445
140	149
140	191
140	289
140	343
140	362
140	363
140	364
140	414
140	421
141	146
141	190
141	191
141	211
141	247
141	310
141	348
141	380
141	382
141	391
141	424
141	439
141	449
141	488
142	192
142	223
142	268
142	297
142	315
142	323
142	341
142	358
142	409
142	416
142	428
142	445
142	491
143	258
143	283
143	362
143	390
143	394
143	423
143	438
143	446
143	459
143	479
143	480
143	482
143	489
143	494
144	205
144	253
144	279
144	289
144	390
144	395
144	418
144	424
144	451
144	457
144	458
144	460
144	480
144	493
145	154
145	156
145	182
145	210
145	215
145	240
145	305
145	370
145	432
145	437
145	491
146	179
146	219
146	229
146	234
146	335
146	337
146	447
146	483
147	149
147	154
147	179
147	185
147	187
147	253
147	259
147	265
147	280
147	295
147	313
147	448
147	477
147	486
148	166
148	200
148	316
148	318
148	319
148	328
148	358
148	405
148	425
148	454
148	456
148	472
148	479
149	163
149	169
149	196
149	245
149	284
149	324
149	354
149	430
150	243
150	268
150	302
150	415
150	429
150	457
150	474
150	482
150	487
150	489
151	153
151	173
151	179
151	215
151	260
151	261
151	281
151	283
151	336
151	433
151	460
152	182
152	226
152	257
152	264
152	282
152	303
152	349
152	362
152	382
152	490
153	180
153	182
153	188
153	213
153	238
153	250
153	320
153	323
153	363
153	443
153	483
154	179
154	185
154	232
154	235
154	253
154	255
154	273
154	275
154	278
154	324
154	334
154	342
154	399
154	400
154	448
154	449
154	474
154	493
155	189
155	199
155	241
155	318
155	322
155	370
155	383
155	413
155	426
155	430
155	453
156	177
156	218
156	237
156	284
156	300
156	348
156	351
156	390
156	415
156	435
157	217
157	260
157	276
157	341
157	352
157	359
157	366
157	376
157	399
157	441
157	452
157	481
158	169
158	240
158	261
158	265
158	270
158	284
158	309
158	339
158	413
158	439
159	169
159	178
159	214
159	234
159	251
159	252
159	253
159	255
159	265
159	269
159	321
159	430
159	499
160	250
160	269
160	302
160	359
160	471
160	476
160	492
161	206
161	239
161	244
161	254
161	258
161	259
161	277
161	288
161	300
161	334
161	351
161	352
161	361
161	364
161	366
161	367
161	401
161	419
161	428
161	429
161	444
161	463
162	202
162	233
162	254
162	298
162	302
162	329
162	341
162	442
162	461
163	199
163	203
163	213
163	217
163	219
163	285
163	366
163	401
163	404
163	414
163	429
163	431
163	441
163	485
164	194
164	201
164	216
164	273
164	322
164	365
164	371
164	380
164	388
164	391
164	421
164	430
164	440
164	469
165	178
165	205
165	207
165	214
165	228
165	336
165	339
165	344
165	422
165	481
166	169
166	173
166	182
166	190
166	221
166	232
166	237
166	256
166	307
166	348
166	429
166	438
166	461
166	474
166	479
167	175
167	180
167	190
167	192
167	211
167	215
167	299
167	315
167	355
167	379
167	460
167	496
168	192
168	281
168	284
168	290
168	304
168	365
168	377
169	208
169	260
169	262
169	301
169	314
169	335
169	341
169	361
169	399
169	485
170	190
170	215
170	224
170	236
170	271
170	290
170	297
170	324
170	335
170	382
170	435
170	450
170	497
171	198
171	213
171	226
171	276
171	284
171	313
171	348
171	360
171	422
171	426
171	435
171	470
171	471
171	476
172	181
172	207
172	281
172	322
172	333
172	367
172	401
172	437
172	445
172	457
172	458
172	460
173	176
173	195
173	252
173	263
173	271
173	309
173	385
173	403
173	407
173	423
173	430
174	217
174	218
174	231
174	240
174	241
174	252
174	253
174	255
174	256
174	340
174	397
174	399
174	422
174	430
174	435
174	484
175	192
175	194
175	199
175	205
175	210
175	310
175	336
175	337
175	409
175	427
175	463
175	485
176	183
176	282
176	291
176	352
176	361
176	370
176	378
176	398
176	451
176	468
177	210
177	278
177	298
177	453
177	466
177	486
177	489
178	217
178	237
178	251
178	257
178	295
178	310
178	376
178	410
178	414
178	436
178	439
178	463
178	481
178	496
179	229
179	298
179	299
179	301
179	330
179	369
179	370
179	414
179	417
179	453
179	487
180	197
180	202
180	217
180	252
180	271
180	293
180	301
180	318
180	335
180	350
180	401
180	429
181	186
181	239
181	287
181	291
181	300
181	346
181	353
181	390
181	458
181	483
182	229
182	286
182	325
182	330
182	341
182	349
182	351
182	388
182	399
182	410
182	442
182	456
183	201
183	221
183	247
183	258
183	275
183	294
183	304
183	328
183	335
183	340
183	358
183	368
183	388
183	400
183	403
183	404
183	405
183	407
183	414
183	453
183	457
184	199
184	213
184	243
184	259
184	271
184	282
184	293
184	303
184	307
184	335
184	366
184	371
184	375
184	388
184	434
184	446
184	450
184	466
184	475
185	193
185	209
185	222
185	226
185	238
185	297
185	363
185	381
185	400
185	409
185	441
185	497
186	216
186	261
186	264
186	267
186	291
186	293
186	313
186	344
186	360
186	372
186	388
186	414
186	421
186	435
186	441
186	447
186	451
186	497
187	253
187	275
187	281
187	287
187	293
187	324
187	352
187	399
187	440
187	449
187	452
187	453
187	465
187	497
188	195
188	206
188	207
188	214
188	254
188	256
188	268
188	272
188	273
188	303
188	342
188	361
188	406
188	412
188	444
188	453
189	256
189	301
189	318
189	320
189	339
189	352
189	359
189	361
189	393
189	473
189	493
190	224
190	264
190	359
190	382
190	389
190	427
190	470
190	481
191	206
191	244
191	254
191	279
191	342
191	359
191	363
191	373
191	380
191	385
191	399
191	444
191	484
191	488
191	492
192	194
192	200
192	203
192	218
192	255
192	256
192	273
192	369
192	379
192	411
192	415
192	423
192	450
192	453
193	213
193	261
193	264
193	287
193	373
193	412
193	416
193	450
193	454
194	195
194	209
194	223
194	227
194	304
194	336
194	351
194	357
194	405
194	416
194	454
195	201
195	203
195	204
195	213
195	231
195	238
195	265
195	277
195	369
195	371
195	385
195	397
195	406
195	460
195	477
195	485
196	208
196	239
196	240
196	267
196	318
196	385
196	406
197	207
197	212
197	215
197	240
197	257
197	271
197	288
197	309
197	314
197	326
197	327
197	348
197	376
197	394
197	395
197	460
197	471
197	485
197	490
198	216
198	226
198	251
198	272
198	276
198	324
198	395
198	398
198	406
198	487
198	499
199	201
199	216
199	221
199	227
199	269
199	321
199	389
199	413
199	419
199	433
199	454
200	206
200	260
200	273
200	294
200	300
200	301
200	337
200	373
200	456
200	486
200	496
201	204
201	215
201	248
201	256
201	259
201	410
201	441
201	450
201	472
202	248
202	253
202	279
202	309
202	320
202	372
202	377
202	414
202	442
202	452
202	471
202	473
202	485
202	487
202	491
203	326
203	328
203	365
203	390
203	399
203	433
203	446
203	462
204	249
204	254
204	297
204	308
204	320
204	326
204	328
204	348
204	349
204	352
204	394
204	404
204	429
204	434
204	439
204	441
204	457
204	481
205	208
205	266
205	289
205	292
205	301
205	330
205	361
205	394
205	441
205	445
205	470
205	474
206	246
206	270
206	290
206	318
206	367
206	381
206	407
206	438
206	451
206	459
206	472
206	483
206	489
207	208
207	217
207	224
207	250
207	290
207	301
207	317
207	357
207	399
207	418
207	445
207	491
208	217
208	255
208	269
208	281
208	309
208	363
208	377
208	387
208	419
208	424
208	441
208	446
208	465
209	222
209	236
209	243
209	259
209	271
209	298
209	327
209	353
209	354
209	401
209	435
209	444
210	264
210	294
210	313
210	322
210	353
210	407
210	435
210	495
211	270
211	276
211	357
211	366
211	384
211	427
211	432
211	458
211	499
212	222
212	258
212	329
212	343
212	391
212	395
212	498
213	262
213	298
213	334
213	339
213	348
213	403
213	423
213	448
214	284
214	293
214	313
214	375
214	416
214	455
214	458
214	494
215	236
215	244
215	252
215	255
215	293
215	349
215	434
216	261
216	274
216	279
216	301
216	338
216	377
216	382
216	411
216	496
217	234
217	266
217	267
217	393
217	399
217	412
217	422
217	437
217	482
217	491
218	231
218	248
218	256
218	287
218	303
218	325
218	346
218	395
218	402
219	248
219	279
219	281
219	304
219	325
219	356
219	381
219	418
220	253
220	280
220	299
220	314
220	325
220	345
220	389
220	399
220	407
220	422
220	457
221	251
221	263
221	266
221	269
221	273
221	291
221	336
221	380
221	407
221	434
221	454
221	482
221	487
221	489
222	229
222	238
222	329
222	357
222	373
222	377
222	385
222	397
222	404
222	407
222	463
223	232
223	273
223	289
223	300
223	316
223	326
223	340
223	416
223	436
223	491
224	265
224	322
224	334
224	343
224	354
224	363
224	399
224	412
224	416
224	426
224	462
224	488
225	280
225	321
225	324
225	344
225	346
225	352
225	377
225	380
225	388
225	389
225	394
225	432
226	236
226	238
226	264
226	327
226	353
226	373
226	382
226	396
227	245
227	263
227	319
227	322
227	328
227	339
227	367
227	398
227	427
227	482
228	258
228	323
228	330
228	346
228	366
228	468
228	484
229	231
229	242
229	266
229	267
229	341
229	344
229	393
229	431
229	437
229	449
229	450
229	452
229	467
229	485
229	491
230	239
230	240
230	252
230	271
230	276
230	288
230	296
230	324
230	333
230	363
230	381
230	401
230	412
230	430
231	239
231	252
231	276
231	332
231	344
231	400
231	429
231	465
231	497
231	498
232	247
232	258
232	396
232	479
233	329
233	333
233	362
233	371
233	387
233	426
233	478
234	282
234	302
234	314
234	340
234	342
234	378
234	390
234	407
234	495
235	243
235	263
235	279
235	323
235	340
235	352
235	385
235	392
235	405
235	443
236	245
236	307
236	335
236	370
236	380
236	390
236	392
236	402
236	408
236	409
237	255
237	386
237	416
238	263
238	292
238	308
238	330
238	340
238	395
238	406
238	457
238	488
239	274
239	288
239	376
239	403
239	417
239	449
240	250
240	266
240	278
240	297
240	305
240	317
240	323
240	348
240	356
240	358
240	362
240	385
240	402
240	466
240	492
241	256
241	259
241	320
241	347
241	362
241	365
241	383
241	417
241	430
241	442
241	453
241	471
242	247
242	265
242	267
242	287
242	316
242	403
242	434
243	260
243	292
243	328
243	343
243	381
243	391
243	428
243	466
244	321
244	323
244	333
244	337
244	341
244	364
244	372
244	395
244	431
244	443
244	448
244	467
244	499
245	249
245	320
245	332
245	366
245	368
245	397
245	415
245	431
245	443
245	467
246	305
246	311
246	318
246	336
246	366
246	412
246	421
246	423
246	490
247	278
247	299
247	320
247	331
247	332
247	340
247	353
247	358
247	367
247	375
247	381
247	387
247	388
247	399
247	406
247	460
247	465
248	253
248	292
248	355
248	377
248	379
248	399
248	405
248	407
248	435
248	438
248	468
248	472
249	290
249	368
249	384
249	418
250	275
250	295
250	311
250	371
250	392
250	420
250	444
250	446
250	447
250	465
251	268
251	278
251	307
251	341
251	363
251	400
251	406
251	432
251	454
251	467
251	490
252	262
252	268
252	269
252	270
252	277
252	329
252	353
252	375
252	421
252	422
252	450
252	470
253	296
253	326
253	379
253	396
253	453
253	473
253	489
253	493
254	259
254	279
254	283
254	294
254	322
254	339
254	359
254	396
254	402
254	411
254	466
254	469
255	289
255	300
255	304
255	308
255	318
255	331
255	345
255	346
255	392
255	396
255	419
255	422
255	431
255	463
256	264
256	306
256	315
256	342
256	350
256	375
256	377
256	414
256	418
256	433
256	448
256	457
256	464
256	491
257	287
257	308
257	321
257	346
257	357
257	368
257	371
257	430
257	452
257	482
258	262
258	272
258	278
258	282
258	299
258	324
258	337
258	356
258	369
258	374
258	389
258	394
258	416
258	424
258	431
258	468
259	322
259	331
259	347
259	361
259	375
259	449
259	466
259	470
259	471
259	487
260	277
260	278
260	283
260	314
260	331
260	360
260	370
260	382
260	447
260	487
261	324
261	328
261	350
261	399
261	423
261	442
261	447
261	457
262	285
262	294
262	304
262	321
262	361
262	381
262	453
262	460
262	461
262	462
262	465
263	271
263	295
263	335
263	345
263	389
263	427
263	458
263	473
263	486
263	490
263	495
264	287
264	299
264	319
264	355
264	360
264	380
264	414
264	437
264	446
264	454
265	279
265	287
265	324
265	332
265	344
265	374
265	420
265	438
265	449
265	466
265	482
265	484
265	488
266	284
266	288
266	306
266	317
266	384
266	387
266	413
266	434
266	436
266	446
266	447
266	455
267	432
267	456
267	458
267	473
268	287
268	302
268	332
268	339
268	344
268	347
268	402
268	408
268	431
268	450
268	454
268	474
268	478
268	496
269	317
269	363
269	364
269	371
269	375
269	429
269	439
269	455
269	461
269	473
269	474
269	476
270	284
270	298
270	306
270	315
270	340
270	392
270	394
270	479
271	281
271	309
271	330
271	337
271	385
271	392
271	424
271	444
271	452
271	471
271	474
271	478
272	279
272	321
272	338
272	341
272	353
272	376
272	398
272	409
272	442
272	451
272	455
272	495
273	299
273	321
273	322
273	330
273	355
273	356
273	373
273	406
273	416
274	324
274	354
274	359
274	381
274	440
274	441
274	455
274	464
274	469
274	475
274	485
275	278
275	362
275	375
275	387
275	397
276	287
276	329
276	338
276	346
276	375
276	403
276	472
276	479
276	487
277	307
277	308
277	310
277	337
277	363
277	388
277	393
277	409
277	414
277	457
277	466
277	487
278	326
278	330
278	361
278	399
278	405
278	411
278	414
278	423
278	450
278	466
278	495
279	284
279	288
279	294
279	327
279	329
279	334
279	344
279	352
279	362
279	363
279	368
279	372
279	389
279	392
279	397
279	404
279	426
279	466
279	485
280	299
280	311
280	350
280	383
280	420
280	436
280	457
280	467
280	476
280	478
280	482
280	490
280	493
281	316
281	347
281	360
281	370
281	379
281	383
281	399
281	449
281	471
281	488
281	494
282	291
282	304
282	321
282	334
282	350
282	360
282	367
282	369
282	376
282	399
283	284
283	296
283	346
283	357
283	360
283	421
283	423
283	495
284	290
284	299
284	306
284	333
284	337
284	356
284	371
284	387
284	390
284	474
284	492
284	498
285	356
285	370
285	438
285	454
285	485
285	487
286	288
286	317
286	369
286	372
286	398
286	415
286	420
286	423
286	429
286	462
286	463
286	488
287	342
287	383
287	389
287	452
287	465
288	307
288	365
288	388
288	456
288	469
288	483
288	499
289	292
289	312
289	349
289	464
289	478
289	491
290	352
290	386
290	398
290	415
290	435
290	439
290	455
290	464
291	312
291	352
291	354
291	369
291	398
291	401
291	433
291	455
291	499
292	297
292	362
292	392
292	431
292	440
292	450
292	478
293	313
293	314
293	315
293	322
293	391
293	429
293	434
293	435
293	453
293	468
293	472
293	491
294	307
294	349
294	353
294	355
294	387
294	404
294	485
295	312
295	314
295	362
295	383
295	432
295	493
295	494
296	373
296	472
296	495
297	299
297	363
297	392
297	433
297	453
297	462
297	470
297	485
297	498
298	350
298	360
298	365
298	369
298	380
298	396
298	419
298	440
299	325
299	331
299	332
299	475
300	321
300	338
300	402
300	405
300	426
300	462
300	482
301	315
301	322
301	341
301	350
301	351
301	404
301	438
301	478
301	491
302	305
302	313
302	330
302	362
302	384
302	394
302	411
302	428
302	456
302	479
303	326
303	329
303	337
303	385
303	388
303	415
303	425
303	431
303	442
304	335
304	367
304	374
304	378
304	412
304	420
304	460
304	461
304	476
305	308
305	317
305	330
305	349
305	386
305	438
305	450
305	478
306	312
306	317
306	322
306	326
306	387
306	411
306	413
306	439
306	440
306	459
306	464
306	479
307	345
307	374
307	445
307	472
307	494
307	497
308	313
308	346
308	364
308	369
308	374
308	376
308	419
308	494
309	422
309	442
309	464
309	472
310	313
310	314
310	324
310	336
310	430
310	451
310	454
311	312
311	326
311	378
311	390
311	421
311	437
311	467
312	319
312	326
312	349
312	403
312	439
312	442
312	450
312	469
312	475
313	323
313	413
313	419
313	457
314	316
314	319
314	355
314	358
314	396
314	444
314	455
314	465
315	342
315	377
315	385
315	386
315	419
316	318
316	356
316	372
316	384
316	392
316	440
316	442
316	472
317	334
317	339
317	362
317	374
317	402
317	405
317	410
317	419
317	440
317	497
318	326
318	378
318	463
318	490
319	355
319	397
319	398
319	475
320	384
320	385
320	393
320	394
320	407
320	452
320	453
320	479
321	390
321	412
321	434
321	443
321	482
321	497
322	332
322	350
322	365
322	367
322	387
322	403
322	407
322	436
322	470
322	479
322	482
323	324
323	340
323	357
323	397
323	415
323	423
323	425
323	431
323	445
323	448
323	451
323	456
323	477
323	486
323	488
324	325
324	335
324	391
324	409
324	439
324	448
324	484
325	363
325	381
325	419
325	455
325	456
325	466
325	472
325	475
326	368
326	428
327	339
327	377
327	415
327	417
327	422
327	433
327	437
327	474
328	359
328	364
328	377
328	396
328	407
328	435
328	437
328	447
329	369
329	382
330	337
330	404
330	417
330	454
330	476
331	435
331	466
331	472
331	487
331	494
331	496
332	374
332	399
332	420
332	451
332	487
332	492
333	344
333	382
333	388
333	418
333	475
334	354
334	370
334	405
334	416
334	431
334	451
334	466
334	477
334	484
335	381
335	401
335	408
336	354
336	361
336	381
336	383
336	417
337	369
337	418
337	438
337	449
337	467
337	474
337	477
338	343
338	348
338	385
339	360
339	366
339	367
339	482
339	486
339	492
340	347
340	352
340	359
340	382
340	402
340	434
340	485
341	353
341	407
341	433
341	467
341	484
342	344
342	397
342	400
342	466
343	345
343	396
343	460
343	479
343	490
343	493
343	498
344	367
344	432
344	435
344	444
344	450
344	464
344	476
344	481
345	365
345	456
345	469
345	481
346	367
346	461
346	474
346	483
346	484
347	406
347	446
347	477
347	494
348	354
348	361
348	386
348	398
348	411
348	446
348	454
348	461
348	462
348	470
348	480
349	358
349	365
349	375
349	380
349	391
349	408
349	438
349	491
350	361
350	363
350	385
350	452
350	459
351	385
351	473
351	479
351	483
352	355
352	383
352	401
352	405
352	407
352	489
353	411
353	427
353	473
354	360
354	370
354	402
354	419
354	426
354	463
354	479
355	387
355	439
355	452
355	465
355	492
355	494
356	395
356	476
356	490
357	443
357	469
357	475
358	388
358	424
358	444
358	465
358	487
358	489
359	375
359	377
359	388
359	393
359	421
359	463
359	475
359	497
359	498
360	365
360	391
360	415
360	437
360	442
361	385
361	386
361	404
361	439
361	443
362	377
362	471
363	364
363	399
363	412
363	427
363	491
364	386
364	391
364	396
364	418
364	428
364	430
364	455
364	491
364	494
365	416
365	489
366	396
366	400
366	480
366	491
366	499
367	389
367	432
367	459
367	477
368	377
368	383
368	417
368	422
368	447
368	448
368	481
369	398
369	433
369	449
369	494
369	496
370	395
370	397
370	468
370	478
370	486
370	492
371	382
371	388
371	399
371	405
371	435
371	453
371	462
372	442
372	461
373	375
373	380
373	381
373	414
373	466
373	478
373	493
374	385
374	421
374	459
374	484
375	376
375	383
375	417
375	473
375	478
375	494
375	495
376	395
376	410
376	430
376	431
376	438
376	452
376	457
376	470
376	484
377	408
377	415
377	496
378	386
378	400
378	406
378	433
378	448
378	452
378	474
378	486
379	388
379	389
379	428
379	441
379	445
379	465
379	467
379	482
380	394
380	405
380	421
380	429
380	455
381	414
381	419
381	423
381	437
381	480
381	481
382	415
383	421
383	423
383	443
383	453
383	458
383	467
383	477
384	410
384	422
384	435
384	464
384	477
385	400
385	405
385	408
385	415
385	426
385	429
385	438
385	462
386	390
386	439
386	457
386	493
387	422
387	424
387	454
387	456
387	470
387	473
387	475
388	439
388	460
388	489
388	492
389	402
389	406
389	408
389	420
389	430
389	442
389	459
389	462
389	472
389	480
390	401
390	438
390	442
390	446
391	410
391	417
391	446
391	481
392	407
392	428
392	431
392	449
392	452
392	459
392	460
392	482
393	432
393	443
393	450
393	464
394	395
394	400
394	406
394	414
394	427
394	443
394	444
394	447
394	477
395	443
395	457
395	491
395	498
396	417
396	472
396	497
397	410
397	426
397	488
398	410
398	412
398	419
398	458
398	477
398	489
398	490
398	492
399	443
399	463
400	409
400	417
400	474
400	481
400	494
401	462
401	478
401	498
401	499
403	424
403	485
404	448
404	461
405	410
405	431
405	445
405	464
406	410
407	494
408	437
408	449
408	468
408	469
409	410
409	455
410	418
410	457
411	464
411	477
411	481
411	488
412	416
412	420
412	444
412	448
412	480
413	449
413	460
413	471
413	479
414	415
414	475
415	422
415	424
415	474
415	476
415	492
416	445
416	448
416	451
416	499
417	418
417	468
418	424
418	437
418	459
419	421
419	424
419	437
419	446
419	469
419	489
419	493
420	437
420	451
420	464
420	474
420	477
420	485
421	476
422	436
422	458
422	459
422	469
422	474
423	453
423	479
424	429
424	435
424	472
424	492
425	426
425	444
425	471
426	482
427	436
427	456
427	467
427	475
427	481
427	493
428	479
429	430
429	431
429	482
431	443
431	471
431	490
431	495
432	436
432	472
432	474
433	484
433	497
434	441
434	447
434	459
435	439
435	449
435	466
435	493
436	455
436	474
437	452
437	483
438	473
438	476
438	483
440	444
440	447
440	469
441	462
441	483
441	492
442	456
442	459
442	463
443	452
443	471
443	482
444	452
444	456
445	452
445	455
445	458
445	460
446	475
447	482
448	487
448	496
449	463
449	479
449	494
449	497
450	485
450	487
451	455
451	458
451	466
451	479
451	499
452	459
452	470
452	490
453	454
453	473
453	478
454	483
454	494
455	487
456	488
457	458
459	460
459	486
460	467
460	474
460	492
461	492
461	497
462	475
462	484
462	489
464	475
465	486
466	470
466	476
467	471
467	477
468	478
471	488
471	491
471	497
472	476
473	481
473	486
475	481
477	487
479	485
480	486
483	486
483	487
486	488
488	490
495	499
