# Undirected graph (each unordered pair of nodes is saved once): Random3373Nodes5978.txt
# Nodes: 3373 Edges: 5978
# NodeId	NodeId
1	407
1	485
1	826
1	2719
1	2733
2	704
2	1599
2	1900
2	2203
3	597
3	914
4	876
4	988
4	1774
4	2615
5	365
5	1848
5	3215
5	3249
5	3333
6	286
6	521
6	2374
7	924
7	1489
7	1619
7	2017
7	2245
7	2568
7	2892
7	3045
8	151
8	578
8	846
8	2130
8	2442
8	2835
9	427
9	528
9	743
9	927
9	1109
9	1238
9	3200
10	259
10	1970
11	18
11	1046
11	1642
11	1676
11	1738
11	1742
12	683
12	881
12	1250
12	2238
12	2294
12	2874
13	390
14	371
14	484
14	644
14	1719
14	2087
14	2608
15	1673
16	428
16	1681
16	2570
17	354
17	1569
17	2359
17	3087
18	38
18	356
18	2749
19	321
19	349
19	2198
19	2355
20	342
20	458
20	1991
20	3347
21	27
21	1483
21	2178
22	1037
22	3111
22	3340
23	1272
23	1747
23	2679
23	2942
23	3110
24	2077
24	2243
24	2588
24	2913
24	3048
25	2176
25	2676
25	2982
25	3161
25	3255
26	2362
26	3035
26	3130
27	1732
27	1886
27	3148
28	1647
28	2655
29	565
29	1034
29	1511
30	2901
31	2812
31	3113
32	1420
32	2653
32	2824
33	720
33	2510
34	2178
34	3050
35	2513
35	2642
35	2730
36	1571
36	2487
36	3305
37	99
37	592
37	987
37	1043
37	1746
37	3209
38	1008
38	2394
38	2673
39	207
39	562
39	1638
39	3229
40	128
40	438
40	2243
40	3127
40	3131
40	3260
41	2176
41	2490
41	2786
41	3320
42	1589
42	1941
42	2640
42	3188
43	771
43	801
43	2205
44	430
44	744
44	808
44	853
46	1265
46	1904
46	1939
46	2141
47	491
47	1458
47	1939
47	2125
48	770
48	814
48	1609
48	1907
48	2411
48	3193
49	87
49	2568
50	2188
52	189
52	1907
52	2280
52	2465
52	2566
52	2574
53	977
54	497
55	129
55	1203
56	2065
56	2241
56	2636
57	461
57	665
57	1155
57	1850
57	2093
57	3108
57	3242
58	2352
58	2741
59	2403
59	2561
60	107
60	942
60	1312
60	1676
60	2831
60	3037
61	1590
61	2074
61	2826
62	1685
62	2381
62	3366
63	683
63	849
63	1034
63	1638
63	1749
63	1994
63	2216
63	2242
63	2272
63	2291
63	2717
64	1810
64	2225
64	2252
64	2858
65	543
65	546
65	1918
65	2173
65	3083
65	3350
66	557
66	815
67	176
67	1564
67	1775
67	1987
67	2108
67	2624
67	2771
67	3047
68	73
68	632
68	2184
68	2687
69	3281
69	3298
69	3303
70	2318
70	2369
70	3182
71	415
71	1015
71	2159
72	1746
72	1903
72	2806
72	2903
72	3125
73	486
73	690
73	1568
74	974
74	2806
75	244
75	336
75	363
75	1151
75	1503
76	1459
76	1567
76	2354
76	2720
76	2805
77	1468
77	1822
77	1855
77	2057
77	3024
78	296
78	1603
78	1914
78	2236
79	3061
80	1024
80	1103
80	1612
80	1910
80	2217
80	2486
80	3100
81	318
81	442
81	1103
81	1722
81	2148
82	360
82	1502
82	1917
82	2513
82	3204
83	886
83	2668
84	798
84	1814
84	2105
85	1058
85	1474
85	2594
85	2708
85	2951
86	243
86	761
86	2493
86	2842
87	268
87	1384
87	2398
87	3042
88	177
88	1391
88	2424
88	2953
89	2712
90	178
90	370
90	1248
90	1262
90	1299
90	1412
90	2287
90	2892
91	1451
91	1599
91	2069
91	2385
91	2505
92	363
92	774
92	1531
92	1756
92	2508
92	2817
92	3351
93	755
93	883
93	1324
93	1751
93	1780
94	1331
94	1362
94	2230
95	1350
95	2100
95	2477
95	2627
96	690
96	886
96	982
96	3196
97	729
97	1139
97	2688
98	132
98	706
98	755
98	1156
98	2106
98	2745
99	1652
99	2156
99	2397
100	281
100	1271
100	2034
100	3082
101	129
101	1930
101	2390
102	964
102	3118
103	2582
104	644
104	913
104	1023
104	1228
104	1735
104	2662
105	1060
105	1336
105	2728
105	2958
106	828
106	2598
106	2604
106	2931
107	397
107	507
107	586
107	1563
107	2849
107	3292
108	322
108	2845
108	3363
109	132
109	533
109	1213
109	1284
109	1318
109	3330
110	1395
110	2230
111	745
111	1791
111	2618
111	2626
112	166
112	1421
112	1617
112	1644
112	2390
113	196
113	354
113	655
113	797
113	2064
113	2822
114	487
114	1158
114	1268
114	2438
114	2440
114	3195
115	1203
115	1332
115	2528
116	376
116	1411
116	1715
116	2487
116	2587
116	2816
116	2967
117	291
118	1630
119	420
119	647
119	2119
119	2314
120	169
120	907
120	2874
120	3346
121	838
121	910
121	997
121	1026
121	1137
121	2392
121	2920
121	3336
122	753
123	955
123	1642
124	396
124	632
125	1332
125	1905
125	3099
126	2890
127	3105
128	356
128	3343
129	273
129	1175
129	3281
130	404
130	1256
130	2671
131	2280
132	236
132	620
133	1632
134	277
134	1071
134	1871
134	1933
135	2046
135	3286
136	1314
136	1718
136	2314
136	2441
136	2906
136	2922
136	3249
137	467
137	1403
137	2345
137	2790
137	2922
138	1669
138	2383
138	2406
138	3195
139	1593
139	1685
139	2419
140	439
140	1808
140	2169
141	181
141	308
141	2592
141	3252
142	2371
143	485
143	2109
144	1788
144	3315
145	1521
145	2035
146	1393
146	1909
146	2391
147	2070
148	164
148	1029
149	370
149	2008
149	2420
149	2533
150	1678
150	3145
152	477
153	803
153	1171
153	2000
153	2810
154	1966
154	2652
154	2802
154	3364
155	315
155	1140
155	2128
155	3128
156	809
156	1015
156	1077
156	2651
157	266
157	493
157	1036
157	1872
157	2340
158	866
158	1137
158	1312
159	2441
159	2543
159	2919
160	1132
161	2225
162	335
162	732
163	1732
163	1805
163	3256
164	466
164	576
164	599
164	926
164	1035
164	1070
164	1278
164	1949
164	2286
165	1829
165	1937
165	2735
165	2764
166	843
166	1702
166	1878
166	1918
167	883
167	1028
167	1234
167	1413
167	3031
167	3232
168	557
168	759
168	1613
168	3195
169	2508
169	2574
169	2985
170	186
170	1992
170	3036
171	1093
171	1250
171	1416
171	1546
172	180
172	716
172	2410
174	939
175	1213
175	1734
175	2820
176	316
176	916
176	1927
176	2092
176	2606
178	2624
178	3324
179	734
179	1115
179	1695
179	2015
179	2484
180	701
180	829
180	2318
180	2699
181	834
182	255
182	1744
182	2011
182	3354
183	1112
183	2303
183	3333
183	3334
184	600
184	763
184	828
184	1544
184	1827
184	1973
184	2538
184	2913
184	2986
184	3086
185	1365
185	1935
186	1651
186	3047
187	1969
187	2138
189	529
189	2018
189	2095
189	2741
189	2877
190	257
190	1510
191	272
192	1409
192	2461
192	2686
192	3062
193	334
193	644
193	1230
193	1569
194	795
194	1904
194	2619
195	1343
195	3067
196	1315
196	2870
196	3084
197	230
197	487
197	2925
197	3255
198	1040
198	1189
198	1219
198	1757
198	2404
198	2835
198	3209
199	472
199	727
199	2443
199	3366
200	464
200	2343
200	2888
201	262
201	625
201	832
201	1384
201	1415
202	697
202	1165
202	1860
202	1968
203	2318
203	3184
204	688
205	257
205	287
205	645
205	1146
205	2434
206	1023
206	1681
206	2002
206	2324
206	2969
207	1436
207	2484
207	2762
208	408
208	1255
208	3351
210	283
210	628
210	633
210	3196
213	636
213	1489
213	1859
213	1980
213	2176
214	920
214	1338
214	2005
215	488
215	689
215	1512
216	476
216	546
216	830
216	1385
217	283
217	498
217	936
217	1243
218	675
219	3008
219	3073
221	430
221	1576
221	1614
221	1747
222	1685
222	3239
223	1164
223	2024
223	3029
224	1322
224	1691
224	1710
224	3177
225	3332
226	502
226	575
226	749
226	2111
227	1096
227	1163
227	1683
227	3311
228	2407
228	2800
229	2403
229	2514
229	2547
230	325
230	2379
230	2555
230	3225
231	1014
231	1344
231	2935
232	2611
232	2877
233	406
233	1441
233	1859
233	3118
233	3180
234	272
234	3229
235	284
235	378
235	912
235	2125
235	2211
235	3364
236	467
236	1578
236	2040
236	2554
236	3357
237	1670
238	601
238	933
238	1979
238	2550
238	2622
239	1894
240	927
240	1652
240	2039
241	288
242	503
242	1089
242	1838
242	2490
242	2915
242	3242
243	733
243	1686
243	2563
243	3105
244	690
244	1860
245	1033
245	1543
245	2105
245	2952
245	3335
246	1129
246	1440
246	2729
247	296
247	679
247	1073
247	1999
248	621
248	2223
249	478
249	1705
249	2100
249	3364
250	415
250	2006
250	2629
250	2865
251	1650
251	3058
252	611
252	880
252	2723
253	1030
254	1221
254	1413
254	3337
255	451
255	1400
257	1187
257	2478
257	3136
258	596
258	931
258	1075
258	1770
258	1972
258	2160
258	2899
259	2805
260	2534
260	2839
261	2788
261	2792
262	872
262	992
262	2282
263	2209
263	2689
264	2554
264	2969
265	545
265	1451
265	2349
265	2611
265	3311
266	3077
267	278
267	485
267	1014
267	2182
267	3264
268	1004
268	1994
270	639
270	852
270	1236
270	1315
270	2834
270	2997
271	365
271	1120
271	1172
271	3268
272	422
272	997
272	1331
273	891
273	971
273	1682
273	3192
274	573
274	1916
275	418
275	1251
275	2416
275	2641
275	3054
275	3328
276	1530
276	3109
277	533
277	634
277	729
277	1509
277	1996
277	2456
278	1004
278	2068
278	2782
279	1699
279	2122
279	2917
280	387
280	1110
280	1317
280	3135
280	3221
280	3295
281	3336
282	1004
282	2439
283	694
283	821
283	921
283	1288
283	1331
283	2231
283	2908
284	530
284	798
284	1925
284	2587
284	2623
285	1174
285	1748
286	1933
286	1964
286	2348
287	1100
287	3205
288	511
288	653
288	1333
288	1688
288	2142
288	3348
289	629
289	758
289	1764
289	2831
290	566
290	930
290	2437
290	2726
290	3011
290	3164
291	413
291	1134
291	2019
293	1371
294	793
294	2277
294	2487
295	3171
296	1194
296	1462
296	3269
297	1316
298	1206
298	2747
299	1415
299	1582
300	994
300	2273
300	3266
300	3277
300	3348
301	1257
301	1432
301	1439
301	1893
301	2160
302	1429
302	2246
302	2281
302	2465
302	3082
303	583
303	2650
304	1233
304	1451
304	3321
305	734
305	2374
306	1022
306	1588
306	1934
306	2341
306	2425
306	2486
307	348
307	2862
307	3242
308	693
308	1168
308	2292
309	816
309	1228
309	1956
310	345
310	1277
310	2630
310	3088
311	516
311	847
311	1142
311	2580
311	2871
312	891
312	1639
312	1650
312	2029
313	2539
313	2949
314	972
314	1462
314	2765
315	1984
316	1150
317	518
317	1468
317	2678
317	3319
318	2856
318	3034
319	477
319	1844
320	636
320	2225
320	2879
321	1434
321	1464
322	1566
322	2738
322	2742
322	3070
323	2204
323	3268
323	3334
324	894
324	2720
324	3256
325	785
325	1927
325	2616
326	637
326	726
326	750
326	1091
326	1946
326	3110
327	774
327	929
327	1500
327	2725
328	776
328	826
328	2341
329	383
329	1200
329	1533
329	2707
330	1419
331	786
331	880
331	944
331	1710
332	727
333	891
333	3053
333	3256
334	374
335	536
335	607
335	1172
335	2091
335	2339
335	2860
335	3150
336	347
336	763
336	899
336	1276
336	1647
336	3199
336	3347
337	1371
337	2523
338	1555
338	2833
338	2891
339	440
339	456
339	1022
339	3352
340	1031
340	1768
340	1926
340	2354
340	3290
341	1711
341	2785
341	2964
342	844
342	2178
342	2897
342	2945
342	3254
343	734
343	779
343	1481
343	2007
344	885
344	1482
344	1978
344	2685
344	2724
345	2444
345	2978
346	2923
347	1016
347	2291
347	2327
347	2697
347	3319
348	1682
348	2888
348	3037
349	780
349	2346
350	399
350	539
350	2175
351	809
351	1044
351	1315
351	1804
352	2060
353	599
353	747
353	1637
353	2457
353	3058
353	3171
354	1440
354	1637
355	715
355	1756
355	2000
355	2797
356	2616
357	879
358	438
358	2927
359	763
359	1523
359	1550
359	1898
359	2272
359	2442
360	441
360	521
360	1122
360	1450
360	2428
361	655
361	2528
361	2536
362	1304
362	1334
362	3116
363	1780
363	2154
363	2985
363	3179
364	517
364	533
364	2977
367	761
367	949
367	1355
367	2285
367	2612
367	3276
368	858
368	863
368	1091
368	1953
369	854
369	1108
369	1152
369	1289
369	1464
369	2177
370	1862
370	2460
371	1799
372	399
372	683
372	825
372	1668
372	3311
373	1076
373	2397
373	2961
373	3134
374	712
374	1451
374	2865
374	3006
375	2166
375	2186
375	2542
375	2781
375	2896
376	1019
376	1427
376	1593
376	1748
376	2714
376	3072
377	463
377	1021
377	1244
377	2111
378	3299
379	2347
380	1517
380	1534
381	1443
381	2782
381	2997
383	1078
383	2003
384	1889
385	1713
385	2504
385	3083
386	1213
387	467
387	944
387	2276
387	2343
387	2965
388	1660
389	933
389	2052
389	3226
390	922
390	2859
391	2363
391	3176
392	1626
392	2293
392	2400
392	2825
392	2991
392	3139
392	3324
394	449
394	578
394	1670
394	1906
394	2089
394	2412
394	2799
395	521
395	2661
396	1327
396	2300
397	1462
397	2541
397	3228
398	1702
399	410
399	2077
399	2802
400	2113
400	2714
400	3116
401	620
401	2910
402	936
402	2223
402	2577
402	2855
402	2990
403	1576
403	2016
405	560
405	867
405	2114
405	2680
405	2736
406	1267
406	2912
407	560
407	1342
407	2690
407	3074
407	3223
408	1565
408	1683
408	2739
409	1345
409	1346
409	2659
409	2989
410	597
410	1058
410	1465
410	3179
410	3180
411	1753
411	1934
412	419
412	534
412	2328
413	525
413	631
413	1642
413	2077
414	2865
416	1410
416	2396
417	2078
417	2328
418	1032
418	1369
418	1627
418	1838
418	2232
419	1865
420	1299
420	3075
420	3126
421	1101
421	1541
421	2281
422	473
422	1949
422	2558
422	3117
424	1315
424	1386
424	3220
426	1259
427	1331
427	1768
427	2002
427	2810
427	3143
428	1986
428	2930
429	494
429	1593
429	1649
429	1860
430	1261
430	2271
430	3203
431	795
431	1122
431	1318
431	1709
431	2676
432	1964
432	2260
433	539
433	1454
433	1831
433	3092
434	542
434	3154
435	1102
435	1170
435	3124
436	655
437	2572
437	3242
437	3334
438	739
438	2982
439	1142
439	1160
439	1478
439	2285
440	2853
440	2875
441	2230
441	2457
441	2656
441	3314
442	1227
442	1407
442	2655
442	3142
443	2150
445	700
445	896
445	1602
445	2427
445	2726
445	2804
445	2865
446	546
446	1001
446	1318
446	1574
446	2239
447	501
447	2299
447	3183
448	1395
449	1423
449	2551
450	777
450	3062
451	2031
451	2216
451	3366
452	537
452	3276
453	656
453	2174
453	2469
454	494
454	634
454	1150
454	2087
454	2547
454	2772
455	1899
456	2146
457	1304
457	1547
457	1808
457	2425
458	2984
458	3355
459	1913
459	3366
460	858
460	1575
460	1786
460	2130
461	572
461	904
461	2214
461	2640
462	807
462	932
462	1273
462	1720
463	2860
464	1332
464	1423
464	2262
464	3357
465	778
465	1252
465	1430
465	1604
465	2449
465	2464
465	3198
466	800
466	857
466	1802
466	3368
467	1312
467	2075
467	2397
467	3302
467	3348
468	943
468	1039
468	3194
469	2664
470	2953
470	3129
471	953
471	1831
471	1870
471	2024
471	2390
472	551
472	2985
473	1701
473	1804
473	2037
473	2544
473	3130
473	3279
474	1921
474	2577
474	2942
474	3341
475	653
475	3026
476	1738
476	2188
477	1185
477	1347
477	2535
477	2583
477	3178
478	720
479	883
479	2297
480	862
480	911
480	2933
481	598
481	2051
481	2296
482	2326
482	2361
482	2735
484	930
484	1788
484	2620
484	3197
485	1710
485	2925
486	507
486	855
487	1306
488	1608
488	3205
489	615
489	2268
490	1423
490	1593
490	1985
490	2236
491	2152
492	2269
492	2607
492	3265
493	1759
493	1984
493	2349
494	761
494	1446
495	1407
495	1489
495	2685
495	2708
495	3155
496	1773
496	2396
496	2411
496	2470
497	1803
498	659
498	829
498	1130
498	1487
498	2056
498	2347
499	2268
499	3014
499	3085
500	1063
501	812
501	1065
501	2311
502	1253
502	1423
502	1483
502	1683
502	2623
503	671
503	766
503	1219
504	1293
504	1862
504	2860
505	1816
505	2577
505	2627
505	2628
505	2994
505	3091
506	1448
506	2253
506	3074
506	3155
506	3315
507	766
507	2240
507	2327
507	2493
507	3224
508	2227
509	538
509	1544
509	2760
510	718
510	1349
511	822
511	1565
511	1857
511	1926
511	1986
511	2639
511	2973
512	975
512	1798
512	2643
512	2863
513	1303
513	1498
513	3128
514	1525
514	2651
514	2675
515	2978
516	553
516	1825
516	2829
517	1621
517	1994
517	2503
517	2908
518	2744
519	1946
519	2142
519	2723
520	1504
520	1546
520	3150
521	973
522	625
522	1419
523	810
523	2147
523	2527
524	699
524	956
524	1192
524	1695
524	2899
524	3104
525	3264
526	2666
526	3002
528	757
528	1054
528	1169
529	2993
529	3310
530	1801
531	1844
531	2728
532	729
532	2770
532	3266
533	832
533	840
533	1474
533	2378
533	2990
534	902
534	1822
534	3207
535	805
535	1036
535	2398
535	3107
536	567
536	1128
536	1481
536	1860
537	1318
537	2275
537	2617
537	3028
537	3269
538	697
538	1012
538	2206
538	2234
538	2777
539	2016
540	2272
540	3043
540	3062
541	1016
542	683
542	1674
542	1988
542	2954
543	2419
543	2577
544	1492
545	1278
545	2776
546	913
547	1196
547	2144
547	2146
547	2669
548	680
548	1369
548	1892
548	1943
548	2274
548	2446
548	2727
549	554
549	826
549	860
549	1088
549	3185
550	1741
550	2725
551	907
551	990
551	3086
552	2994
553	861
553	3229
554	3311
555	605
555	1785
556	911
556	2433
556	2606
557	1713
557	1806
557	2077
558	1071
558	3211
559	575
559	2455
560	990
560	1220
560	1628
560	2767
561	3247
562	1509
562	1867
563	1010
563	2000
564	2473
564	2980
564	3205
565	1039
565	1213
565	1524
565	1959
565	2109
566	749
566	990
566	2013
566	2131
566	2878
566	2912
566	2996
567	611
567	740
567	2184
568	919
569	874
570	2639
570	3301
571	1084
571	1288
571	1888
571	2120
571	2292
571	2541
571	3148
571	3287
573	2589
573	3069
574	1557
574	1646
574	1751
575	957
575	1739
575	2250
575	2608
575	2708
576	1482
576	1595
577	1718
577	2062
578	2643
578	2788
578	2987
579	2962
580	2307
581	2167
582	1887
583	2339
583	2806
583	3320
584	1868
584	3201
585	663
585	785
585	1130
585	1161
585	1652
586	1000
586	1102
586	1997
587	3041
587	3368
588	1391
588	2419
588	3044
588	3196
589	847
589	2235
590	1042
590	1953
590	2264
590	2740
591	747
591	938
591	1205
591	1411
591	2648
591	2902
592	794
592	2093
592	2339
593	1019
593	3109
593	3272
594	1395
595	796
595	1262
595	1489
595	2526
595	2949
596	700
596	1563
597	763
597	1533
597	2309
597	2968
598	792
598	802
598	1830
599	1186
599	1755
599	1763
599	2063
599	3173
599	3249
600	1404
600	1814
600	3117
601	620
601	824
601	836
601	2016
602	980
602	987
602	1156
602	1782
602	2375
603	3139
603	3330
604	1417
605	863
605	1898
605	2749
605	2798
606	910
606	1276
606	2071
607	656
607	986
607	1917
607	2259
607	2957
608	961
608	1243
608	1636
608	1778
608	2678
609	2093
609	3108
610	625
610	992
610	2627
611	2463
611	3240
612	887
612	919
612	988
612	1296
612	2586
613	1777
614	1649
614	2242
614	2929
615	2686
616	876
616	1339
616	2098
616	3278
617	2326
617	2796
617	2833
618	1140
618	1895
618	2345
618	2802
619	1164
619	2107
619	2845
619	2883
620	2017
621	1075
621	1703
621	3163
622	1155
622	1496
622	1759
622	2631
622	3317
623	1165
623	3064
623	3293
624	1946
625	1329
625	1478
625	1745
625	2544
626	1802
626	1915
626	2064
626	2378
627	2574
628	1892
628	2501
628	2960
629	2630
630	1241
630	2114
630	2563
631	2076
632	858
632	2106
632	2689
633	2582
634	977
634	1485
634	1558
634	2422
635	780
635	3147
636	1259
636	1329
636	1829
636	2276
636	2775
637	673
637	1068
637	2830
637	3106
638	1024
638	1065
638	1432
638	1757
639	2864
640	2139
640	2348
641	1108
641	1134
641	1741
641	2289
642	1485
642	2802
642	2835
642	3319
643	784
643	1033
643	1036
643	1395
643	1751
643	1961
643	2904
643	3326
644	1629
645	1975
645	2192
645	2947
646	648
646	2507
647	1097
647	2686
647	3108
647	3162
648	1243
648	1721
648	3113
648	3363
649	2053
649	2199
650	1297
650	2081
650	2852
651	1672
651	2547
652	1094
652	1579
652	2114
653	1619
653	1860
654	1776
654	1941
655	934
655	2979
656	1064
656	2258
656	3015
656	3251
656	3315
657	2858
657	2868
657	3201
658	2520
658	3214
659	757
659	2699
659	3141
660	712
660	2173
661	1201
661	1809
662	1694
663	2072
663	2763
663	3146
664	1237
664	1855
664	2479
664	3203
664	3358
665	2097
665	2787
665	3244
666	1290
666	1862
666	1927
666	2546
666	3000
667	1374
667	1531
667	2530
667	3167
668	1080
668	2332
669	1763
669	2228
669	3158
669	3193
669	3285
670	2397
670	2522
670	2788
670	3175
671	1868
671	3163
671	3221
671	3244
672	778
672	937
672	956
672	2096
672	2490
672	2846
672	3144
673	1473
673	1820
673	3149
674	1136
674	1764
675	810
675	2390
676	835
676	2796
676	3118
676	3264
677	680
677	1109
678	1076
678	1149
678	1664
678	1922
678	2010
678	2270
678	2636
678	2777
678	3005
678	3159
678	3317
679	2115
679	2213
679	2772
679	3009
680	1128
680	1179
680	2176
681	1005
681	1062
681	2641
682	1433
682	1575
682	1870
682	2755
683	805
683	1042
683	2059
684	3113
684	3336
685	809
685	2620
685	2965
686	1336
686	3231
686	3295
687	1980
688	1253
688	2594
689	1103
689	2765
689	3005
690	1682
690	2099
690	2577
691	1303
691	1484
691	1824
691	2556
692	918
692	1112
692	2654
693	903
693	1626
694	1279
694	1576
694	2097
694	3160
695	1611
696	1106
696	3365
697	2062
697	2372
698	2779
699	1155
699	1603
699	2457
700	810
700	1142
700	2154
700	2283
701	1860
701	2913
701	3215
702	3293
704	908
704	929
704	2634
704	2992
705	2946
706	841
706	2094
706	2232
708	1085
708	1639
708	1826
708	1921
708	2187
709	1790
709	2471
709	2894
710	1365
710	2794
711	1445
711	2626
712	1453
712	1474
712	2035
713	1053
713	1110
713	1776
713	2570
713	3041
714	3249
715	1219
715	1243
715	1945
715	3044
715	3328
716	1058
716	1245
716	2361
716	3262
717	1725
718	2432
718	2467
718	2756
718	2830
719	1324
719	1899
719	2762
720	2689
721	1687
721	2482
721	2493
722	1525
722	1569
723	1019
723	2241
723	3193
724	1599
725	736
725	1740
725	2118
725	3025
725	3312
726	1446
726	1467
727	1207
727	1845
728	3351
729	1384
729	2100
729	2854
729	3061
730	1659
731	2633
731	2988
732	846
732	1362
732	1779
732	2666
732	3351
733	1378
733	1933
733	2052
734	2018
735	918
735	2564
735	2744
735	2978
736	1453
736	2191
737	2385
737	2407
738	2319
739	2051
739	2463
739	2817
739	2835
739	3234
740	1310
740	2379
740	2512
741	3011
742	1130
742	1825
742	2253
743	1542
744	1258
745	2123
745	2415
746	2070
746	2102
746	2819
747	1863
747	1939
747	2263
747	2485
748	1713
749	1564
749	2345
750	1321
750	2067
751	1631
751	3204
752	1500
752	1693
752	1715
753	923
753	2046
753	2478
753	2692
753	2789
753	3110
754	2910
755	1662
755	1917
755	2266
755	2877
755	3168
755	3303
756	876
756	2648
756	2689
757	1008
757	2174
757	2415
757	2715
758	766
758	830
758	854
758	1123
758	2386
758	3302
759	876
759	1399
759	1929
759	2658
760	955
760	1540
761	1024
763	1246
763	2123
763	2400
764	1024
765	772
765	1464
765	2291
766	1597
766	2935
766	3139
767	820
767	914
768	2221
768	2226
768	3345
769	1866
769	2063
770	1958
770	2594
770	3134
770	3217
771	1025
771	1071
771	2010
771	2172
771	3182
772	1723
773	1552
773	2164
774	2286
774	2404
775	939
775	1496
775	2001
775	2385
775	2515
776	818
776	2612
777	2185
777	2542
777	2832
777	3201
778	788
778	2078
778	2406
778	3053
779	1453
779	2453
779	2523
780	1337
780	3128
781	1219
781	1802
781	2191
782	869
782	2971
783	1071
783	1517
784	1122
784	2027
784	2379
784	3132
784	3180
785	2133
785	3065
786	2215
787	1224
787	1367
787	1611
787	2228
788	958
788	2064
788	2198
788	2761
789	2121
790	1792
790	2533
790	2730
790	2939
791	1215
791	2000
791	2918
792	1409
792	2482
792	2539
793	2117
793	2155
793	3011
794	1454
794	1462
794	2347
794	2423
795	797
795	893
796	1112
796	1159
796	1726
796	2639
796	3087
798	1254
798	2944
799	1953
800	1741
800	1966
801	2375
802	1215
802	3199
802	3294
803	1926
804	1396
804	2242
804	2702
804	3267
805	941
805	1134
805	2407
806	863
806	1798
807	2038
807	2054
808	1820
808	1935
809	1376
809	1635
809	2334
809	3365
810	1181
810	1850
810	3027
810	3299
811	2739
811	3092
811	3208
811	3281
812	1133
812	2684
813	880
813	1151
813	2207
813	2829
814	1844
814	2569
816	1456
816	1725
817	2106
818	3253
821	1539
821	1663
821	1812
821	2907
822	1201
822	1526
822	2302
822	2938
823	1512
823	2518
823	2755
824	1570
824	1691
824	1782
824	1880
824	2806
825	993
825	1004
825	1959
827	927
827	1174
827	2120
827	2593
827	2975
828	1667
828	1700
828	2276
828	2956
828	3313
829	1000
829	2592
829	3265
830	1367
830	2338
830	2659
830	2809
831	1147
831	1356
831	1413
831	1623
831	2089
832	2091
833	932
833	1105
833	1109
833	1165
833	2337
833	3261
834	1755
834	2409
834	2946
834	3143
835	2862
836	1127
836	1827
837	2217
837	2576
838	1386
838	2036
838	3256
839	2033
839	2308
839	2687
840	901
840	2010
841	1134
841	1182
841	1721
842	1237
842	2816
842	3161
843	1012
843	1691
843	2253
843	2609
843	2746
843	3096
844	956
844	1022
844	1493
844	1843
844	2004
845	940
845	1332
845	2615
846	908
846	1498
846	2073
846	2358
846	2999
847	1376
847	1827
847	1866
848	1847
848	1963
848	2326
848	2515
849	1218
849	3363
850	2715
851	1052
851	3059
852	1595
852	2515
853	1383
853	2683
853	2776
853	3280
854	2766
855	1903
855	1931
855	2588
855	3073
856	1145
856	2755
856	2902
857	1907
857	3328
858	2652
858	2827
859	1240
859	2285
860	2566
860	3012
860	3059
860	3351
861	1147
861	1422
861	1772
862	1307
862	1897
862	1979
863	2919
864	1672
864	2036
864	3025
866	2255
867	1444
867	2013
869	3216
870	1561
870	1916
870	3210
870	3293
871	968
871	2872
871	2907
871	2909
871	2975
872	1428
872	2882
873	1536
873	3001
874	2042
874	2309
875	3103
875	3291
877	1474
877	1563
877	1646
877	2965
877	3168
878	969
878	1506
878	2806
878	3084
879	1410
879	2702
879	2918
880	2044
880	2380
880	3316
881	1053
881	2489
881	3051
882	1225
883	1535
883	1991
883	2529
883	2918
884	1465
885	1151
885	1733
885	2507
885	2743
886	1903
886	3068
887	1128
887	1695
887	2200
887	2397
888	1810
888	1953
888	2342
888	3082
889	1224
889	1444
890	2592
890	3204
891	2559
891	2699
893	1286
893	3372
894	980
894	1728
894	3262
895	2516
895	3233
895	3371
897	969
897	2525
898	2609
899	2953
900	1605
900	1758
901	1246
901	1308
901	2571
902	937
902	1196
902	1598
902	2589
903	1269
903	1981
903	2523
904	1116
904	1515
904	3120
905	2023
906	2227
906	2499
906	2616
907	1066
907	2089
908	2504
908	3017
908	3027
909	1505
909	1824
909	2284
910	1554
910	2637
910	3084
912	970
912	1025
912	2275
912	2683
913	1598
913	2531
914	1284
914	2437
914	2817
914	3138
915	994
915	1773
915	1776
916	1409
916	2412
916	2758
916	3345
917	1713
917	2248
917	2406
917	2917
918	1797
918	2383
918	2520
919	987
919	992
919	1657
919	2166
920	1043
920	1248
920	1830
921	1123
921	1172
921	1805
921	1981
922	1512
922	1979
922	2090
922	3257
923	1236
923	1511
923	1953
923	2068
923	2439
923	3345
924	1690
924	3311
925	1221
925	2473
926	950
926	1558
926	2399
926	3194
927	1048
927	1523
927	1525
927	1728
927	2703
927	3281
928	2702
928	2839
928	3195
930	1043
931	1035
931	1074
931	2446
931	2747
931	3119
932	1970
932	2381
933	1605
933	3200
934	1460
934	2099
934	2140
934	2670
934	3024
934	3186
935	1837
935	2325
935	2888
935	3261
936	971
936	1419
936	2847
937	1853
937	2131
937	2284
937	2471
937	3139
937	3182
938	1487
938	1570
938	1656
938	1786
938	3090
938	3282
939	2424
939	2697
940	2252
941	1055
941	1351
942	2462
942	2555
942	3250
943	1045
944	1527
944	1988
944	2149
944	3159
945	1124
945	1817
945	1840
945	1938
945	2519
945	3206
946	1123
946	1170
946	1247
946	1580
946	2188
947	1589
947	1614
947	1912
948	1512
948	2545
948	2879
948	3217
950	1366
950	1572
951	1208
951	2125
952	1788
952	2638
952	2737
952	2869
952	3182
953	1579
954	1193
954	1571
955	1100
955	2274
955	2797
956	1074
956	1313
956	2666
957	1107
957	1351
957	1874
957	3212
957	3278
958	2364
959	2811
959	3287
960	1788
960	2741
961	1163
962	2654
963	2224
963	2457
963	3050
963	3368
965	1334
965	1826
965	2037
965	3075
966	1080
966	1968
967	1088
967	1505
967	3247
968	1376
968	1423
968	2868
968	3316
969	1018
969	1734
970	996
970	1623
970	2193
970	2929
971	1038
971	1773
971	2617
971	2993
972	1373
972	1686
972	2064
972	2654
973	2117
973	2535
974	2062
974	2878
974	3200
975	1397
975	2505
975	2705
975	3322
976	1926
976	2343
978	1444
978	1906
978	2372
978	2682
979	1419
979	1583
979	3294
980	1114
981	2758
982	990
982	2029
982	3197
983	1178
983	1185
983	1864
983	2193
983	2667
983	2842
983	3092
984	2214
985	987
985	3035
985	3255
986	1327
986	2494
986	2602
986	3138
986	3141
987	1111
987	1219
988	1016
988	1583
988	2488
988	2745
988	3147
989	1339
989	3102
990	1499
990	1762
990	2457
991	1734
991	2244
991	2655
992	1542
992	1724
992	1891
992	2455
992	2682
992	2870
993	1240
993	2286
993	3097
994	1406
994	1995
995	1433
995	1621
995	2178
995	2338
995	3005
996	1643
996	2531
996	2767
997	1242
997	1327
997	2014
997	2534
998	1220
999	2380
1000	1001
1000	1054
1001	1501
1001	2306
1001	2437
1002	1530
1002	1832
1002	2353
1002	3095
1002	3258
1005	1179
1006	3306
1007	2223
1008	1246
1008	1392
1008	2020
1008	2323
1008	2365
1008	2448
1008	2748
1008	3223
1009	2959
1010	1311
1010	1360
1010	1429
1010	2084
1010	2709
1010	3010
1010	3157
1011	2132
1012	1476
1012	2781
1013	3151
1013	3235
1014	2026
1014	2172
1014	2641
1015	1428
1015	2825
1015	3293
1015	3306
1016	2910
1017	1428
1017	1584
1017	2538
1019	1102
1019	1262
1019	2353
1019	3093
1019	3212
1020	1302
1020	1880
1020	1937
1021	2269
1022	2008
1022	3315
1022	3347
1023	1610
1023	1921
1024	1316
1024	2327
1025	2715
1025	3205
1027	1803
1027	3035
1028	1292
1028	1317
1028	1327
1028	2689
1029	1244
1029	1638
1029	1685
1030	1387
1030	2386
1030	2784
1031	2255
1031	3245
1032	1225
1032	2558
1032	2695
1032	2891
1033	2536
1034	2476
1035	1084
1035	1652
1035	2212
1035	3065
1035	3280
1036	1972
1036	2214
1036	3087
1037	1968
1037	2003
1038	1457
1039	1315
1039	1967
1040	1122
1040	3115
1042	1301
1042	1641
1042	2401
1043	2056
1043	2202
1044	1158
1044	1408
1044	1852
1044	2787
1044	2880
1044	3245
1045	3084
1045	3254
1046	1160
1046	1186
1048	2119
1048	2222
1048	2408
1048	2940
1048	3162
1048	3174
1049	1399
1049	2048
1050	1314
1050	1821
1050	2827
1050	3311
1051	2794
1051	2850
1051	3142
1052	2572
1052	2608
1052	2753
1053	1229
1053	1411
1054	1166
1055	1456
1055	1558
1055	3093
1056	2738
1056	2952
1057	1092
1057	1432
1058	1832
1058	2487
1059	1782
1059	2668
1060	1166
1060	1865
1060	2253
1060	2267
1061	1374
1061	2318
1061	3030
1062	2881
1062	2970
1063	2839
1064	1474
1064	2269
1065	1964
1065	2884
1065	3203
1065	3341
1067	2802
1067	3270
1068	1218
1068	2424
1069	1094
1069	1701
1070	1473
1070	1545
1070	2245
1070	2622
1071	2172
1071	2766
1071	2841
1072	1145
1072	1978
1073	2473
1073	2595
1073	3006
1074	1486
1075	1191
1075	1955
1075	3251
1076	1946
1076	2024
1079	2391
1079	2712
1079	2752
1079	3028
1080	1571
1080	2859
1081	1713
1083	2218
1083	2372
1083	2901
1083	3169
1085	1164
1085	1359
1085	1891
1085	2620
1086	2302
1086	3008
1087	2080
1088	3297
1089	1209
1089	2292
1089	2727
1091	1327
1092	1510
1092	2589
1093	1157
1093	1995
1093	2233
1093	3147
1094	1528
1094	1529
1094	2105
1094	2155
1095	1583
1095	1623
1095	2708
1098	2491
1098	2700
1098	2794
1098	3261
1099	2318
1100	1361
1100	1382
1100	1804
1101	1747
1101	3145
1102	2909
1103	1266
1105	2566
1106	1625
1106	2164
1106	3258
1107	2316
1107	3303
1108	1138
1108	1540
1108	3103
1109	1435
1109	2446
1109	2732
1110	1809
1110	1877
1110	2203
1110	3000
1111	1740
1111	2677
1111	2728
1112	2193
1112	2654
1112	2869
1113	1450
1113	1985
1113	2812
1114	1332
1114	1369
1114	1447
1115	1937
1115	1966
1115	3163
1116	2262
1116	2377
1116	3133
1118	1318
1118	1352
1118	2033
1118	3067
1118	3327
1119	1200
1119	1558
1119	1679
1120	2653
1121	2554
1121	3358
1122	2145
1122	2801
1122	2967
1122	3181
1123	1451
1123	2336
1123	3124
1125	1383
1125	1496
1125	2358
1125	3079
1126	1299
1126	1613
1126	2149
1126	3194
1127	1193
1127	1495
1127	1604
1127	1665
1127	3003
1128	1154
1128	1288
1128	1980
1128	2150
1128	2228
1128	3106
1128	3222
1129	3118
1131	1712
1131	2033
1131	2291
1131	2599
1132	1173
1132	1251
1132	1952
1132	2183
1132	2845
1133	3087
1134	1455
1134	1547
1134	1991
1134	2770
1135	2978
1136	2015
1136	2172
1136	2651
1136	3370
1137	1303
1137	3316
1139	2947
1140	1259
1140	3004
1140	3226
1141	1440
1141	2089
1141	2557
1142	2288
1142	3150
1143	2872
1144	1472
1144	1880
1144	2236
1145	1495
1145	1851
1145	2398
1145	2739
1145	3323
1146	1383
1146	2505
1146	3158
1147	2349
1148	2946
1149	1363
1150	1856
1150	2011
1150	2919
1150	3118
1150	3164
1150	3192
1151	1886
1151	2563
1151	3141
1152	1705
1152	2297
1153	1452
1153	2604
1154	1630
1154	1977
1154	2198
1154	2686
1155	2355
1155	2393
1155	2400
1155	3126
1156	1216
1156	1768
1156	2638
1156	2956
1157	2297
1157	2935
1157	3300
1158	1376
1158	1492
1158	1561
1158	2721
1158	3180
1160	1423
1161	1193
1161	2324
1162	2180
1162	2183
1162	2647
1162	3275
1163	1476
1164	1682
1165	3231
1166	2243
1166	2323
1166	2407
1166	2456
1166	3018
1167	2617
1167	2986
1168	2129
1168	2562
1170	1779
1170	1882
1170	2276
1172	2192
1173	1672
1173	1900
1174	1884
1174	2098
1175	1365
1175	1387
1175	2154
1175	2754
1176	1787
1177	2565
1177	2681
1177	3042
1178	1647
1178	3162
1178	3322
1179	1829
1179	2092
1179	3245
1180	2766
1181	2088
1181	2898
1182	2148
1182	3141
1182	3272
1183	2355
1183	3195
1184	2075
1184	3049
1185	1903
1185	3091
1185	3367
1186	1303
1186	1342
1186	2409
1186	2977
1187	1381
1187	1566
1187	1674
1187	3077
1187	3336
1189	2790
1189	3088
1189	3260
1190	2209
1190	2680
1191	2749
1191	3089
1192	2666
1192	3236
1193	1306
1194	1697
1194	1935
1194	2981
1195	2545
1196	1241
1196	2387
1196	3015
1196	3259
1197	1213
1197	1509
1199	1864
1199	2256
1200	1634
1200	2411
1200	2551
1200	3143
1201	1651
1201	1687
1202	1857
1202	3260
1203	2637
1204	1732
1204	2045
1204	2861
1204	3113
1205	2539
1205	2853
1206	1335
1207	1950
1207	1956
1207	2120
1208	1602
1208	2385
1209	2502
1209	2793
1211	1278
1211	1563
1211	1691
1212	1948
1212	1999
1212	2110
1212	2317
1213	1276
1213	2710
1213	2789
1214	1353
1214	2530
1214	2879
1214	3273
1215	1551
1215	3215
1215	3319
1216	2739
1216	2784
1217	3221
1218	3178
1219	2792
1219	3135
1220	2277
1220	2398
1221	1387
1221	1757
1221	2725
1221	2792
1221	3157
1222	2449
1222	2738
1222	3051
1223	1439
1223	2784
1224	2849
1225	1378
1225	2061
1225	2745
1225	3197
1226	1749
1226	1807
1226	2765
1227	2551
1228	2412
1228	2678
1228	2941
1228	3026
1228	3279
1229	2186
1229	2765
1230	1643
1230	1866
1230	2546
1230	2885
1231	1433
1231	3350
1233	1548
1233	1817
1233	2212
1233	2353
1233	2950
1233	2996
1234	1332
1234	1412
1235	1321
1235	2292
1235	2755
1235	2772
1235	3352
1236	3001
1237	2359
1237	2474
1237	3290
1238	2331
1239	1421
1239	2500
1239	3309
1240	2661
1240	2991
1241	2240
1241	3020
1242	1507
1242	1915
1242	2391
1242	3347
1244	1743
1244	2154
1244	2263
1246	2058
1246	2502
1247	2093
1247	2812
1248	2408
1248	3046
1251	2387
1251	2510
1252	3071
1253	2480
1253	3076
1254	1636
1254	2040
1254	2366
1254	3196
1255	2598
1257	1494
1257	2046
1257	2218
1257	2583
1257	2663
1257	2765
1258	1408
1258	2016
1258	2885
1258	3049
1258	3317
1260	2623
1260	3350
1261	1424
1261	1446
1261	3119
1261	3131
1262	1559
1262	1783
1262	2452
1262	2913
1262	3367
1263	1700
1263	3007
1264	1332
1264	1805
1264	2016
1264	2296
1264	2912
1265	1756
1265	1783
1265	2124
1265	2614
1265	2629
1265	2838
1266	2751
1266	3108
1267	2130
1267	2208
1267	2612
1268	2318
1268	2378
1269	2626
1269	3174
1270	2194
1270	2459
1270	2972
1271	3323
1272	1784
1273	1448
1273	1842
1273	3111
1273	3256
1273	3361
1275	1360
1275	1465
1275	1609
1276	1827
1276	2704
1278	2517
1280	1830
1280	1936
1280	2355
1280	2682
1280	2782
1281	1443
1281	1727
1281	2280
1281	3071
1282	2252
1282	3368
1283	1813
1283	3180
1284	1551
1284	2660
1285	1856
1285	2005
1285	2621
1286	1994
1286	2685
1286	2957
1287	1901
1287	2426
1287	2766
1288	2743
1289	2308
1289	2406
1290	1369
1290	2480
1291	2927
1292	1964
1292	2558
1292	2898
1293	2712
1293	2913
1293	3211
1294	1482
1295	3110
1296	1571
1296	2105
1296	2699
1296	3072
1298	1492
1298	3252
1299	1548
1299	3000
1301	1786
1301	3207
1302	2002
1302	2789
1302	2986
1304	1369
1304	2104
1304	2583
1305	1618
1305	2589
1306	1436
1306	1688
1306	2314
1306	2861
1306	2889
1307	2569
1308	1630
1309	1537
1309	1683
1309	2464
1309	2917
1310	2920
1310	3118
1310	3203
1311	1542
1311	2254
1311	2557
1311	2761
1311	3175
1312	1859
1312	2689
1313	1685
1313	1862
1313	2386
1315	2869
1316	2085
1316	3354
1318	2572
1318	3341
1319	2929
1321	1405
1321	2929
1322	1528
1322	3164
1323	1668
1324	1713
1324	2336
1324	2501
1326	1622
1326	3281
1327	1610
1327	3112
1328	1708
1328	2633
1328	2789
1329	3175
1329	3279
1329	3331
1330	1854
1330	2223
1331	1521
1333	1846
1333	2340
1333	2727
1333	2854
1334	1367
1334	1580
1334	2800
1334	3047
1334	3136
1335	1487
1335	2683
1335	2884
1336	1397
1336	2073
1336	2696
1336	2995
1337	2153
1338	1667
1338	2263
1338	3131
1338	3172
1339	2045
1340	1684
1342	1368
1342	1482
1342	2477
1343	1669
1345	1478
1346	2222
1346	2849
1347	1482
1347	2290
1347	2610
1347	2744
1348	2049
1348	2960
1349	1546
1349	1736
1350	2757
1351	1553
1351	2156
1351	2162
1351	2950
1352	2846
1353	1629
1353	1888
1353	1930
1355	1429
1355	1897
1355	2811
1355	3120
1357	3248
1358	1479
1358	1596
1358	2411
1359	1668
1361	1670
1361	1945
1361	1963
1361	3115
1363	1621
1364	1387
1364	3263
1365	2127
1365	3323
1366	2561
1367	1494
1367	3124
1368	1928
1368	2266
1368	2338
1369	1967
1369	2025
1369	3063
1369	3300
1370	1531
1370	2112
1370	2344
1370	2366
1370	2627
1371	1647
1371	1908
1371	2200
1371	2443
1373	1657
1373	2052
1375	1868
1375	2248
1376	1903
1377	1954
1377	2605
1377	3341
1378	2061
1378	2837
1379	1380
1379	1547
1379	1746
1380	2054
1380	3348
1381	1888
1381	1922
1382	2067
1383	1560
1384	1815
1385	2656
1385	3170
1387	1511
1389	1558
1389	2107
1389	3035
1390	1507
1390	2325
1391	1590
1391	1599
1391	1834
1391	2054
1391	2107
1391	2536
1391	2737
1392	2865
1393	2898
1393	3132
1394	1639
1394	1880
1394	2113
1394	2156
1394	2940
1394	3012
1394	3203
1395	2932
1395	3073
1396	2185
1396	3073
1397	1510
1397	1732
1397	2735
1397	3273
1398	3136
1400	1516
1400	1527
1401	3238
1402	2922
1402	3135
1402	3150
1404	1694
1405	1539
1405	1958
1405	2220
1406	1684
1406	3231
1407	1511
1407	2197
1407	2359
1408	1467
1408	2412
1408	3061
1409	2108
1409	2326
1409	2728
1409	3214
1410	1680
1411	2731
1414	2041
1414	2558
1414	3169
1415	3326
1416	2329
1418	1701
1419	1579
1419	1584
1419	1665
1419	1700
1419	1777
1419	3120
1420	1439
1420	1499
1420	1594
1420	1713
1421	1474
1421	2077
1421	2086
1421	2428
1421	2444
1422	2250
1422	2434
1422	2709
1422	2773
1423	2595
1424	1719
1426	2252
1426	2376
1426	3284
1427	2928
1428	1440
1428	1505
1428	2539
1429	1495
1429	2776
1429	3350
1430	1476
1432	1522
1432	2693
1433	3274
1434	1453
1434	1788
1434	2507
1434	3054
1434	3308
1435	1641
1435	1955
1435	2370
1436	1767
1436	2444
1436	2553
1436	3041
1437	2296
1438	2667
1438	2943
1440	1849
1440	2148
1441	3244
1441	3303
1442	2604
1442	2676
1443	1707
1444	2241
1444	2447
1444	3152
1445	1472
1445	1793
1445	2130
1446	2103
1447	2334
1447	2943
1448	1939
1448	1963
1448	3085
1450	2063
1450	2964
1451	1568
1451	1922
1451	3149
1452	2018
1453	2979
1455	2105
1455	3012
1456	1817
1456	2600
1456	2738
1456	3273
1457	2424
1458	2418
1458	3150
1459	1539
1459	2640
1459	2953
1460	1926
1461	3226
1463	3168
1465	1673
1465	2089
1465	2501
1466	2098
1467	1569
1467	2156
1467	2224
1467	2443
1468	2061
1469	2376
1470	3087
1471	3260
1472	1771
1474	3105
1475	2221
1475	2408
1476	2221
1476	2330
1476	2784
1477	1478
1477	1823
1477	2046
1477	2305
1477	2959
1478	1905
1478	3035
1479	1534
1479	1937
1480	1792
1481	1921
1481	2658
1481	3303
1482	2237
1482	2308
1482	2356
1482	3215
1483	2905
1483	3307
1484	1533
1484	3023
1485	2399
1485	2433
1486	1822
1486	2211
1486	3306
1487	1937
1487	3352
1488	1757
1488	2343
1488	2619
1488	2643
1490	2079
1490	2193
1490	3160
1490	3228
1491	2848
1491	3353
1492	2333
1492	2418
1492	2468
1492	2964
1493	3213
1494	1818
1495	2640
1495	3188
1497	1582
1497	1680
1497	2785
1498	1907
1498	2225
1498	2295
1499	2491
1499	3180
1500	1902
1500	2423
1500	2656
1501	1598
1501	2277
1502	1755
1502	2770
1502	2933
1502	3287
1503	1618
1503	2056
1503	2241
1503	3174
1504	2423
1505	2057
1505	2328
1506	2051
1507	2713
1507	3217
1508	3048
1509	1828
1509	3007
1509	3189
1510	1903
1510	2940
1512	1978
1512	3229
1512	3292
1513	1660
1513	1798
1513	1850
1513	2308
1513	2422
1513	3121
1514	2205
1514	2765
1515	2885
1517	3180
1518	1775
1518	2571
1519	1800
1519	2269
1519	2635
1520	2462
1521	2615
1522	2050
1522	3060
1522	3170
1523	1755
1523	2147
1523	2891
1524	3308
1525	1770
1526	2357
1527	1780
1527	1853
1527	2630
1528	2597
1528	3202
1529	2289
1529	2692
1529	3313
1530	1786
1530	2188
1530	2731
1530	3041
1531	2486
1531	2579
1531	2892
1532	1635
1532	1642
1533	2341
1533	3288
1534	3370
1535	2577
1535	3323
1536	2381
1536	2849
1536	3011
1536	3188
1537	1760
1538	2277
1540	1821
1540	2237
1540	2462
1540	2925
1541	1595
1541	2811
1542	2244
1543	2799
1544	2645
1545	2728
1547	2321
1547	2476
1547	3285
1548	2136
1549	2641
1549	2753
1550	2362
1551	1961
1551	2066
1551	3044
1552	2866
1552	3328
1554	2239
1554	2362
1554	2495
1554	2973
1555	1609
1555	2303
1555	2358
1557	2709
1559	2031
1559	2470
1560	1924
1560	1956
1560	2972
1560	3156
1561	1750
1561	3205
1562	2307
1562	2600
1562	2996
1563	2150
1564	2359
1564	2522
1565	2875
1566	1616
1568	2989
1569	2432
1569	3165
1570	1953
1570	2435
1570	2892
1570	3203
1571	2044
1571	2251
1571	3017
1572	2403
1572	2407
1572	2936
1574	2299
1574	3166
1575	2513
1576	2257
1576	2926
1577	2293
1577	2574
1577	3199
1579	1599
1579	1786
1579	2156
1579	2222
1580	2310
1581	1786
1582	2191
1583	2849
1583	3205
1586	1765
1588	2561
1589	2672
1590	2211
1590	2315
1590	3297
1591	2773
1591	2934
1592	2157
1592	2331
1592	2759
1592	2787
1594	1815
1594	2316
1595	2715
1595	2980
1596	2966
1596	3078
1596	3337
1597	2351
1597	2583
1598	2483
1598	2538
1598	3225
1598	3242
1599	2290
1599	2931
1599	3051
1601	2576
1601	2845
1602	1655
1602	3266
1602	3369
1603	1845
1603	1900
1603	1916
1603	1924
1603	1998
1603	2201
1603	3061
1604	2197
1604	2796
1605	1887
1605	2552
1606	2228
1608	2150
1608	2528
1608	3028
1613	2473
1613	2497
1614	2265
1614	2773
1616	1804
1617	2717
1617	3064
1618	1805
1618	3042
1619	1769
1619	2326
1619	2909
1620	1976
1620	3264
1621	1775
1622	2178
1622	2656
1622	2880
1624	2079
1625	1720
1625	2663
1626	1778
1626	2434
1626	2606
1626	3112
1627	1757
1627	1781
1627	2762
1628	3045
1629	3055
1630	1973
1631	2993
1631	3161
1632	2660
1632	3104
1633	1903
1633	2976
1633	3006
1633	3222
1634	2550
1634	2734
1635	2926
1635	3220
1636	1988
1637	3011
1637	3025
1638	2933
1638	3268
1639	3082
1641	1845
1641	2574
1641	2618
1642	1958
1643	2793
1646	1870
1646	2420
1647	3372
1648	1846
1648	2376
1649	3176
1650	1758
1650	2822
1652	2055
1652	2203
1652	2714
1652	3255
1653	3282
1654	2324
1655	2380
1656	2787
1656	2845
1657	2869
1658	2519
1659	2051
1659	2279
1659	2518
1659	3170
1661	3159
1661	3225
1662	2273
1664	2129
1665	2098
1665	2238
1667	1950
1667	2497
1667	2650
1669	3200
1669	3262
1671	1717
1672	2630
1672	2901
1673	2240
1673	3371
1674	2811
1675	2203
1675	2259
1675	2315
1676	1924
1676	2350
1676	2634
1677	2223
1677	3230
1677	3246
1678	1919
1678	3142
1679	2457
1679	2564
1680	2588
1680	2760
1681	1765
1681	1775
1682	2646
1683	1926
1683	3156
1684	2018
1684	2932
1685	2106
1685	3090
1686	2907
1688	1809
1688	3021
1688	3372
1689	2383
1689	3039
1689	3150
1689	3161
1691	2601
1691	3002
1693	2943
1693	2949
1694	1729
1694	2322
1694	3325
1695	3293
1697	2432
1698	2219
1698	2260
1699	3155
1699	3168
1700	2116
1700	2331
1701	1943
1702	3199
1703	1825
1704	2139
1704	2670
1704	3157
1705	2517
1705	2647
1706	2132
1706	2270
1706	3283
1707	1961
1707	2385
1708	2083
1708	3042
1711	1810
1711	1911
1711	2118
1711	2187
1711	2811
1711	3140
1712	2685
1712	2753
1712	2847
1712	3007
1712	3105
1716	1759
1717	2000
1717	2373
1717	2874
1718	1809
1718	2182
1718	2356
1718	2523
1720	2466
1721	2261
1721	2396
1721	3269
1722	3223
1725	2213
1727	2499
1728	2087
1728	2329
1728	2944
1729	2347
1729	3018
1729	3240
1730	2733
1731	2490
1731	2677
1731	2940
1732	1980
1733	3154
1734	2676
1734	3115
1734	3177
1735	2609
1737	2381
1738	2728
1739	2254
1739	2299
1739	2714
1740	2196
1741	2297
1741	2531
1741	2539
1741	3340
1742	2962
1743	2121
1743	2229
1743	2460
1744	2613
1744	3255
1745	2896
1745	3191
1746	2735
1746	2786
1746	3040
1747	1827
1748	2014
1749	1947
1749	2310
1750	1792
1750	1954
1750	2988
1750	3080
1750	3286
1751	2075
1751	2163
1751	2330
1751	3039
1752	1876
1752	2401
1752	2976
1754	2718
1755	2255
1755	2301
1755	3135
1756	2338
1756	2937
1757	2025
1757	2491
1757	3011
1757	3034
1758	3316
1760	2444
1760	2706
1760	2992
1761	2812
1761	3231
1762	1945
1762	3255
1765	2961
1768	3319
1769	2456
1769	2830
1769	3039
1770	2254
1770	2852
1771	1959
1771	2354
1771	2529
1772	2018
1772	2323
1773	2703
1775	2663
1775	3258
1776	3230
1777	3335
1778	1891
1778	3011
1780	2598
1780	2886
1781	3012
1781	3072
1782	2224
1782	2543
1783	2758
1783	2819
1783	2833
1784	2088
1784	2835
1784	3196
1784	3271
1785	2253
1785	2700
1786	3031
1787	2126
1788	1807
1788	2787
1789	2000
1789	2685
1790	2149
1791	1823
1791	2442
1794	1960
1794	2196
1794	2861
1794	3006
1795	2613
1795	2986
1796	1815
1796	2070
1797	2119
1797	2749
1797	2828
1799	2211
1800	1942
1800	2387
1801	1907
1801	2246
1801	2389
1802	2372
1803	2973
1803	3331
1804	2634
1804	3135
1805	3047
1806	1845
1806	3021
1806	3131
1807	2124
1807	2364
1807	2775
1807	3098
1807	3311
1808	2234
1808	2371
1808	2657
1809	2592
1810	1963
1810	2287
1810	3047
1811	2062
1812	1890
1812	2461
1812	3241
1813	3361
1814	2022
1814	2677
1814	2845
1814	3293
1814	3338
1815	2033
1816	1984
1816	3116
1817	1891
1818	2080
1818	3163
1819	2856
1820	1957
1820	2811
1821	2126
1821	2546
1821	2670
1822	3054
1822	3116
1823	3116
1823	3274
1824	1879
1824	2152
1824	2602
1824	3041
1825	3163
1825	3199
1826	1910
1826	2987
1827	2118
1827	2605
1827	2818
1828	2218
1828	2645
1828	2934
1828	3232
1829	2710
1829	3078
1829	3223
1830	2738
1831	2494
1831	2746
1831	2990
1832	2361
1832	3248
1834	2903
1834	3045
1834	3235
1835	3092
1836	2247
1836	2943
1837	3248
1838	1897
1838	2026
1839	3079
1841	2035
1843	2904
1844	2931
1844	3213
1845	2426
1846	2528
1847	2456
1847	2940
1848	2148
1848	2331
1851	2629
1856	1894
1856	2860
1859	1985
1859	2311
1859	3016
1861	2747
1861	2968
1861	3313
1863	2228
1863	3118
1865	2588
1865	3119
1865	3242
1866	2838
1867	2014
1867	2630
1868	2659
1868	3325
1871	2073
1871	2346
1872	3002
1872	3256
1873	1986
1873	2608
1873	2885
1874	2464
1874	2486
1874	3127
1874	3202
1875	1878
1875	1949
1875	2512
1875	2699
1875	3046
1877	3164
1877	3301
1879	2061
1879	2219
1879	2506
1880	2277
1880	2700
1881	3339
1882	2408
1883	2277
1883	2920
1884	2109
1885	2518
1885	2862
1885	2863
1885	3287
1886	2934
1887	1947
1887	2084
1888	2267
1889	2079
1889	3126
1891	1917
1891	2077
1891	2849
1891	2888
1892	2024
1892	2392
1893	2222
1893	2619
1894	2673
1894	3281
1895	3212
1896	2580
1896	2934
1896	3159
1897	1971
1897	2572
1897	2859
1898	2579
1899	3242
1902	2498
1902	2762
1902	3118
1903	2601
1904	2942
1905	3244
1905	3305
1908	1935
1908	2195
1908	2273
1908	2403
1908	2428
1908	2599
1908	2768
1908	2804
1908	2845
1909	2138
1911	3067
1912	3139
1913	2257
1914	2058
1914	2270
1914	2652
1914	3242
1916	2314
1916	3350
1917	2578
1917	2842
1918	2122
1918	2603
1918	2661
1919	2837
1920	2454
1920	2891
1920	3142
1921	2102
1921	2278
1922	2492
1923	3111
1923	3318
1924	2085
1924	2166
1924	3028
1925	2277
1926	2192
1926	2570
1926	2770
1927	2231
1927	2422
1927	2692
1927	2819
1927	3322
1929	3092
1930	2130
1931	2294
1931	2992
1932	2687
1932	3160
1933	2299
1933	2741
1933	2824
1935	1954
1935	2430
1936	2713
1937	2011
1937	2948
1937	2979
1938	2071
1940	2233
1940	2837
1941	2765
1942	2199
1942	2258
1942	3091
1943	3191
1944	2972
1945	2065
1946	2598
1947	2367
1949	2674
1950	2722
1950	2788
1952	2875
1953	2272
1955	2461
1956	2089
1956	2949
1957	2021
1957	2697
1957	2897
1958	3263
1959	2540
1960	2090
1960	2497
1960	3029
1961	2221
1961	2283
1962	2102
1962	2296
1962	3284
1962	3293
1963	2187
1964	2118
1965	2399
1966	2096
1966	2413
1966	2787
1966	3047
1967	2277
1967	2743
1968	2122
1968	2622
1969	2098
1969	2618
1969	3056
1969	3086
1970	2920
1970	3315
1971	2135
1972	3122
1973	2136
1973	3179
1974	3221
1975	2109
1976	3098
1977	2042
1978	2728
1980	1999
1981	1984
1982	3215
1982	3350
1984	2572
1984	2620
1984	3064
1985	2183
1985	2448
1985	2640
1985	2840
1986	2903
1986	3218
1987	2791
1988	3313
1989	2386
1989	3019
1990	2246
1991	2488
1991	2920
1991	3243
1992	2011
1992	2475
1992	3267
1992	3289
1993	2920
1994	2026
1994	2644
1995	3298
1996	2542
1996	2876
1997	2859
1998	3129
1999	2400
1999	2567
1999	2765
2000	2766
2001	2517
2001	3185
2001	3216
2002	2938
2002	3042
2002	3050
2004	2613
2006	2497
2006	2648
2007	2683
2007	2817
2007	3038
2008	2033
2008	2130
2008	2247
2008	2641
2009	3119
2011	2222
2011	3021
2012	2244
2012	2289
2012	2985
2013	2886
2014	3202
2015	2418
2015	2462
2015	3123
2015	3302
2016	3038
2017	2882
2018	2823
2019	2681
2020	2253
2021	2962
2021	3032
2021	3299
2022	2283
2022	2863
2024	2059
2024	2758
2024	2822
2025	2412
2025	2812
2025	3130
2026	2142
2026	2173
2026	2174
2026	2985
2026	3308
2027	2249
2028	2092
2033	2158
2033	2389
2033	3092
2034	2753
2035	2521
2035	2705
2035	3224
2036	2692
2036	2720
2037	2238
2037	3209
2038	3035
2038	3330
2039	2263
2039	2710
2041	3088
2042	2758
2042	3119
2043	2557
2044	2262
2046	2573
2046	3088
2050	2261
2050	3188
2050	3208
2050	3346
2051	2186
2051	2677
2052	3207
2052	3284
2054	2777
2057	2687
2057	3059
2058	2063
2058	2065
2058	2299
2058	3014
2058	3045
2059	3045
2060	2152
2060	2957
2060	3081
2061	2241
2061	2477
2061	3179
2063	2720
2064	2728
2065	3161
2065	3279
2066	2575
2067	2935
2069	2349
2069	2541
2069	2833
2072	2356
2072	2961
2072	3093
2072	3234
2074	2743
2075	2119
2075	2190
2075	2981
2077	3134
2079	2422
2082	2231
2082	2248
2082	3092
2083	2297
2083	2868
2084	2717
2085	2161
2086	2228
2086	2600
2087	2887
2088	2822
2089	3302
2090	2748
2091	2640
2091	2765
2093	3019
2093	3156
2093	3173
2093	3204
2094	2819
2096	2277
2096	2757
2097	2181
2098	2519
2098	3255
2102	2888
2103	2252
2103	2679
2103	2863
2104	2115
2104	3085
2106	2419
2106	2589
2106	2924
2106	2945
2107	2286
2107	3172
2110	2581
2111	2749
2112	2744
2113	3073
2114	2686
2117	2644
2117	2972
2117	3330
2118	3140
2120	2207
2122	3011
2122	3062
2123	2581
2123	2842
2124	2777
2125	2760
2125	2978
2126	2341
2127	2528
2127	2938
2127	3078
2128	2464
2130	2780
2131	2458
2131	3281
2132	2559
2133	2534
2134	2920
2135	2277
2135	2442
2135	2522
2135	2739
2138	2721
2139	2181
2141	2495
2141	3249
2142	2155
2142	2272
2142	3347
2143	2666
2143	2776
2144	2277
2144	2518
2144	3073
2145	3006
2145	3303
2146	2720
2146	3253
2147	2610
2148	2775
2150	2691
2151	2265
2151	2883
2152	2419
2153	2715
2154	2350
2154	2754
2154	2882
2154	3298
2155	3226
2157	2528
2157	2669
2158	2808
2160	2982
2163	3082
2164	2370
2165	2760
2166	2602
2167	2823
2167	3142
2168	2264
2169	2348
2169	2913
2169	3205
2170	2484
2170	3166
2171	2219
2172	2735
2172	3235
2174	2266
2174	2861
2175	2201
2175	2225
2175	3358
2177	2200
2177	2429
2177	2895
2177	3340
2177	3354
2178	2741
2178	2937
2179	2788
2180	2953
2181	3021
2182	3057
2182	3273
2182	3318
2183	2195
2185	2550
2186	2272
2186	2484
2186	2537
2186	3240
2188	3026
2189	2239
2189	2495
2189	2940
2189	3108
2190	2533
2191	2881
2192	2307
2193	3342
2194	2480
2194	2853
2196	3079
2197	2283
2197	2490
2197	3118
2198	2307
2198	3025
2200	2327
2200	3040
2201	3124
2203	2871
2204	3117
2205	2914
2205	3011
2207	2295
2207	2532
2208	2211
2208	2251
2210	2479
2210	2856
2211	2317
2211	3209
2214	2433
2214	2746
2215	2242
2216	2226
2216	2305
2216	2826
2217	2219
2217	2668
2219	2370
2219	2662
2219	2708
2219	3031
2219	3133
2220	2276
2220	2392
2220	3124
2221	2894
2222	3193
2226	3145
2229	2331
2230	2676
2230	2919
2232	2862
2233	2586
2234	2776
2235	3224
2238	2502
2238	3229
2238	3349
2239	3300
2240	2424
2241	2499
2241	2734
2242	2489
2242	2857
2245	3324
2246	2317
2247	2488
2247	2871
2248	2410
2248	3095
2251	2877
2251	3219
2252	2674
2252	2754
2252	2864
2253	2923
2254	3145
2255	2977
2256	2415
2256	2988
2256	3280
2257	2360
2257	2436
2257	3188
2258	2825
2259	2879
2261	2951
2261	3084
2261	3274
2262	3318
2264	3267
2265	2982
2267	2968
2268	2737
2271	2316
2272	2922
2273	2455
2273	2672
2274	2304
2275	2627
2276	2851
2276	3158
2276	3163
2277	3325
2278	2660
2278	2972
2279	2432
2280	2956
2280	3352
2281	2553
2281	3033
2282	2766
2282	2847
2283	2877
2283	2926
2283	3080
2284	2421
2284	3005
2284	3164
2285	3089
2286	2297
2287	3058
2289	3020
2292	2412
2292	2938
2292	3124
2294	2298
2294	2812
2294	3284
2295	2745
2297	3264
2298	2468
2298	2908
2298	3294
2299	2790
2299	3186
2302	2749
2303	2525
2303	3302
2304	2361
2305	2556
2306	2659
2307	2577
2307	3140
2307	3252
2308	2374
2308	2681
2308	2712
2309	2326
2310	2749
2313	2615
2313	2963
2314	2889
2315	2384
2317	3004
2317	3172
2318	2898
2318	3199
2319	2695
2319	3339
2320	2639
2321	2823
2321	3217
2322	2470
2322	2593
2322	3238
2323	2944
2323	3340
2324	3230
2325	3038
2325	3145
2326	2632
2327	3069
2330	2387
2330	2802
2330	2862
2330	3003
2330	3140
2331	2934
2332	2708
2332	3230
2333	3286
2335	2806
2336	2471
2337	2404
2337	2422
2338	2349
2338	2538
2338	3235
2340	2410
2340	3337
2341	2854
2342	3093
2343	3322
2347	3041
2347	3368
2348	2411
2349	2370
2349	2581
2351	2732
2351	2769
2353	2811
2353	3312
2356	2371
2357	2672
2359	2803
2359	3273
2359	3292
2362	2746
2362	3220
2363	2529
2363	3133
2364	2484
2365	3093
2367	2886
2367	3083
2369	2895
2369	2935
2371	2949
2372	2661
2372	3368
2373	2769
2374	2778
2374	3184
2375	3332
2376	2876
2376	2920
2378	2788
2379	3324
2380	3058
2381	2649
2382	2404
2382	2934
2383	3001
2387	2824
2389	2493
2390	2910
2391	3194
2392	2406
2394	2841
2395	2406
2397	3080
2400	2548
2400	2571
2400	3185
2400	3214
2402	2869
2403	2714
2404	3126
2405	3350
2409	2438
2409	2499
2411	3011
2412	2572
2412	2712
2413	2450
2415	2509
2415	3067
2415	3259
2419	2578
2420	2914
2421	2755
2422	3260
2424	2548
2424	2865
2424	2920
2424	3287
2425	2831
2425	3238
2426	3309
2431	2485
2432	3037
2433	2536
2434	2807
2435	3256
2436	2998
2436	3163
2437	3011
2440	2781
2440	2877
2440	2947
2442	2661
2442	3017
2442	3103
2443	2713
2443	2989
2444	2499
2446	2916
2448	2462
2448	3034
2451	2796
2451	3290
2452	2844
2453	3342
2455	2583
2455	3262
2456	3203
2457	2559
2457	2702
2458	2526
2460	2943
2460	3272
2461	2624
2465	2626
2465	3038
2466	3282
2467	3090
2469	2692
2470	2927
2471	2584
2471	3030
2473	2923
2473	2959
2474	3056
2481	3028
2484	2752
2484	3316
2488	2893
2488	3320
2489	2759
2492	2920
2493	3094
2493	3153
2497	3081
2498	2611
2498	3224
2499	3226
2504	2832
2505	2862
2506	3299
2508	2618
2508	3321
2510	3206
2510	3294
2511	2562
2511	3239
2515	2638
2515	2952
2515	3362
2516	3339
2517	3338
2517	3344
2518	3075
2519	3176
2521	3056
2521	3199
2521	3230
2523	2751
2523	2925
2524	2731
2524	2910
2524	2988
2524	3172
2526	3175
2527	2658
2529	2985
2530	2986
2532	3109
2532	3327
2533	3339
2534	3244
2534	3308
2535	2775
2537	3131
2538	2730
2540	2639
2543	3198
2544	2731
2545	2780
2545	2816
2545	2853
2547	3096
2550	3074
2551	2884
2552	2786
2553	2809
2553	2903
2554	2957
2556	2684
2556	3125
2557	2980
2558	2721
2559	3228
2561	3188
2562	3237
2563	3344
2563	3368
2565	2891
2565	3045
2565	3367
2567	2818
2568	2585
2568	2805
2572	3276
2573	3014
2574	3181
2581	2914
2581	3334
2582	2621
2582	2856
2582	2881
2582	3304
2583	3258
2583	3261
2584	3270
2586	2615
2587	3070
2590	2804
2590	3315
2591	2995
2592	3353
2593	2938
2597	2778
2599	3149
2601	2881
2602	2604
2602	2964
2602	3013
2605	2775
2607	2698
2609	3325
2610	3258
2618	2771
2618	2889
2620	3180
2622	2640
2624	3032
2627	3100
2627	3155
2630	2841
2634	2870
2634	3030
2634	3296
2635	2758
2637	3225
2638	2941
2640	2839
2640	2886
2642	3085
2642	3323
2647	2736
2647	3064
2648	2659
2649	3111
2656	3317
2657	3025
2657	3232
2659	2850
2661	3301
2662	2886
2662	3157
2662	3170
2663	3094
2663	3233
2664	2851
2667	2793
2669	3095
2670	2711
2670	3158
2672	3214
2673	3055
2673	3083
2674	2933
2675	3359
2680	2893
2682	2955
2683	3200
2685	2973
2688	3011
2688	3314
2691	3251
2692	3165
2694	3228
2695	3045
2699	2903
2699	3255
2700	2737
2700	3169
2702	2799
2703	3021
2705	3266
2706	3133
2706	3302
2707	2924
2707	2961
2708	2997
2708	3001
2709	3363
2710	2969
2711	3361
2713	3043
2714	2958
2715	2865
2717	2849
2721	3052
2723	3062
2723	3130
2724	2976
2724	3182
2724	3241
2724	3353
2725	3278
2727	3163
2728	3039
2728	3304
2729	3319
2731	3305
2738	3141
2740	2919
2740	3163
2743	3006
2745	3261
2746	2894
2748	2994
2750	3230
2752	3049
2755	3116
2756	2804
2757	2773
2757	2933
2757	3263
2758	3026
2763	3199
2764	3141
2768	3201
2769	3162
2769	3339
2773	3231
2774	2901
2774	3364
2775	2974
2776	3262
2776	3327
2779	2940
2780	2990
2780	3050
2780	3278
2781	3127
2781	3276
2783	3274
2787	3121
2789	3320
2793	3147
2794	3346
2796	3058
2796	3271
2797	3299
2799	3311
2800	3136
2804	3328
2805	2806
2805	3308
2807	2849
2807	3315
2814	3050
2816	2969
2817	2950
2818	2985
2818	3030
2823	3166
2827	2932
2827	3325
2828	3174
2830	2999
2832	3244
2834	3011
2834	3223
2835	3145
2837	3198
2838	3087
2842	3053
2843	3308
2844	3232
2845	2954
2846	2926
2846	3176
2847	3372
2850	3148
2850	3271
2851	3145
2852	3186
2853	2899
2855	3144
2856	2898
2859	3206
2860	3059
2860	3195
2862	3335
2866	3010
2866	3308
2867	2876
2869	3302
2869	3331
2873	3069
2875	3032
2876	3035
2876	3074
2877	3105
2877	3327
2878	3088
2880	3044
2882	3191
2884	2889
2884	3298
2884	3301
2885	3088
2886	2996
2887	3223
2887	3366
2890	3051
2892	3200
2893	2976
2893	3224
2897	2941
2897	3018
2899	3322
2905	3295
2908	3068
2910	2912
2910	3215
2913	2947
2914	2993
2914	3144
2917	2997
2920	3024
2924	2951
2925	3080
2927	3237
2928	2936
2930	3099
2932	3148
2934	3211
2934	3283
2937	2988
2941	3292
2943	3234
2948	3137
2948	3193
2949	3056
2950	2978
2953	3110
2953	3233
2954	3188
2957	3195
2959	3062
2961	3011
2963	3300
2964	3067
2965	3313
2966	3249
2968	3099
2968	3199
2981	3113
2981	3155
2981	3275
2981	3331
2985	3043
2986	3255
2990	3056
2991	3016
2991	3188
2995	3253
2995	3290
2997	3368
3000	3183
3003	3289
3004	3346
3008	3183
3009	3092
3016	3229
3021	3072
3021	3160
3031	3308
3035	3133
3036	3169
3036	3249
3036	3353
3037	3111
3047	3054
3047	3308
3047	3356
3047	3370
3050	3146
3058	3110
3066	3302
3067	3286
3070	3304
3075	3185
3084	3212
3086	3272
3088	3165
3089	3276
3096	3324
3099	3229
3099	3290
3101	3155
3107	3304
3108	3114
3109	3162
3112	3236
3114	3357
3116	3140
3116	3205
3122	3330
3126	3360
3128	3237
3132	3335
3139	3194
3147	3256
3149	3369
3151	3269
3156	3288
3158	3289
3160	3242
3160	3340
3161	3219
3164	3313
3164	3360
3165	3179
3165	3356
3168	3214
3177	3208
3177	3310
3178	3309
3180	3229
3187	3352
3192	3194
3202	3255
3205	3315
3210	3355
3214	3339
3217	3261
3220	3309
3227	3312
3230	3271
3232	3343
3234	3256
3247	3266
3248	3369
3253	3339
3259	3302
3272	3275
3275	3301
3277	3370
3306	3347
3308	3332
3311	3372
3325	3341
3363	3371
