# Undirected graph (each unordered pair of nodes is saved once): Random5620Nodes8804.txt
# Nodes: 5620 Edges: 8804
# NodeId	NodeId
0	3348
1	4554
2	1249
2	2307
2	2972
2	5402
3	2876
3	2972
3	5069
4	525
5	110
5	222
5	767
5	1217
5	1413
5	2462
5	3312
5	3940
6	1626
6	2918
7	4665
8	4732
9	761
9	1298
9	2333
9	4149
9	4198
10	1166
10	3418
11	2567
11	4027
12	2647
13	915
13	2113
13	2531
13	2945
13	4277
14	871
14	1441
14	1578
14	2055
14	3683
15	999
15	2884
16	3169
16	4426
16	5473
17	996
17	2352
17	2628
17	2918
17	3109
18	3965
19	1719
19	2029
20	2006
20	3475
21	1771
21	2150
22	4093
23	2502
23	3653
23	5560
24	334
24	1564
24	1778
24	1857
24	3931
24	4178
25	466
25	855
25	2083
26	122
26	2404
26	3724
26	5124
26	5505
27	3843
27	5460
29	2544
29	3498
29	3614
29	3883
29	4134
29	4149
29	5288
29	5420
30	1111
30	1182
30	3139
30	5026
31	743
31	2330
31	3296
31	4279
32	1053
32	2534
33	2700
33	4513
34	799
34	4386
35	1402
35	1918
35	2541
35	2609
35	3373
35	3662
35	4642
36	1777
36	3591
37	289
37	2599
37	4719
37	5494
38	121
38	1435
38	2139
39	81
39	898
39	1111
40	327
40	1169
40	2644
40	2919
40	4618
41	617
41	3253
41	5204
41	5321
42	1601
43	1759
43	1951
43	2889
43	3241
43	3284
43	3430
44	2594
44	4165
44	4653
45	1561
45	1580
46	4944
47	811
47	1030
47	2546
47	3620
48	5461
49	744
49	1727
50	3806
50	4350
51	437
51	4326
51	5034
52	1472
52	1880
52	3307
53	307
53	1178
53	1828
53	5520
54	1373
54	4180
55	3655
56	525
56	672
56	1320
56	3328
56	4758
57	145
57	2334
57	5107
58	5092
59	2258
60	2088
60	4935
60	5482
61	309
61	4154
63	1999
63	2735
63	4350
64	536
64	4551
64	5244
65	186
65	2106
66	620
66	719
66	1700
67	383
67	1608
67	5244
68	1924
68	3190
68	4383
69	1430
69	4969
70	1648
71	4717
71	4891
72	194
72	1018
72	3810
72	4087
72	5294
73	752
73	2147
73	3437
73	3556
73	5120
74	1116
74	2306
74	3945
75	2057
75	5483
76	1859
76	2511
76	2707
76	3491
76	5294
77	784
77	2207
77	4402
77	5249
78	2256
78	3665
78	4195
78	4374
80	729
80	2670
80	4685
81	392
82	1027
82	1044
83	3849
83	4083
84	3117
84	3577
85	1665
85	3081
85	3272
85	4413
85	4981
86	2678
86	2687
86	2716
87	1035
87	2116
87	5216
88	860
88	5296
88	5520
89	696
89	2198
89	2325
89	3019
89	4017
89	4712
89	5432
90	1472
90	2248
90	3461
90	4729
91	877
91	5111
91	5328
92	5566
93	689
93	785
93	948
93	1488
94	1053
94	4339
95	1127
95	3757
96	4171
97	499
97	889
97	1014
97	2076
97	4657
98	481
98	3295
100	878
100	1026
100	2207
101	2956
101	4908
102	373
102	545
102	1511
102	3423
102	4993
103	2835
103	3948
104	3962
104	5060
105	422
105	3783
105	4058
106	513
106	1357
106	3994
107	2366
107	3177
107	4573
107	4779
107	5572
108	1535
109	4318
110	2368
110	3920
110	4413
111	1312
111	4192
112	1017
112	3751
112	3912
112	4347
112	4648
113	1055
113	3889
114	148
114	2326
114	4320
115	3915
116	366
116	770
116	2453
116	3172
116	3445
117	217
117	971
117	1528
117	3459
117	4304
117	5385
118	2733
119	1588
119	2801
119	5533
120	3054
120	3483
121	2957
121	3351
121	3881
122	2271
123	3053
123	4529
124	2013
124	4077
125	1095
125	3362
126	441
126	4627
126	4771
127	753
127	4273
128	2064
128	4674
129	1450
129	5070
130	391
130	3044
130	3614
130	4357
130	4484
130	5008
131	183
131	401
132	4717
133	640
133	3376
133	4123
133	4604
134	2128
134	3240
135	760
135	1123
135	5473
137	1951
137	4068
137	4492
138	394
138	3357
138	4880
139	1110
140	2303
140	3661
140	5191
141	609
141	624
141	2137
142	611
142	2670
142	3415
142	4590
143	386
143	955
143	1558
143	1966
143	3295
143	4878
144	1629
144	5583
145	1490
145	5233
146	747
146	850
146	3752
146	5512
147	2371
147	3471
148	370
148	1818
148	2972
148	3871
148	4630
149	1648
149	1666
149	5477
149	5509
150	3616
150	4158
151	4058
151	4639
152	1060
152	4721
153	569
153	639
153	1378
153	4158
154	4701
155	4897
155	5221
156	2501
156	3595
157	446
157	2770
158	347
158	365
158	2180
158	3084
158	4281
159	806
159	921
159	1238
159	2021
159	3510
159	3818
159	3866
159	4133
160	1030
160	2842
160	4572
161	2050
161	4145
162	5324
163	200
163	654
164	316
164	1496
165	2401
165	3133
166	1264
166	3462
166	5246
167	813
167	2476
167	3294
167	4615
167	5171
167	5176
167	5279
168	557
168	607
168	655
168	1340
168	3187
168	4381
168	4834
169	1857
169	2030
169	3248
169	4031
171	1221
171	2112
171	2290
171	5324
173	656
173	1586
173	2519
173	2688
173	4532
174	352
174	412
174	1969
174	2265
174	2547
174	4543
175	2056
175	2365
175	2735
175	3320
175	3848
176	2219
176	2257
176	4808
176	5436
177	3042
178	4334
178	4481
178	4729
178	5224
179	566
179	1261
179	1411
179	1688
179	3126
179	3437
179	5079
180	1188
180	1581
180	1675
180	3908
181	1042
181	2545
182	3802
183	353
183	1548
183	2141
183	2467
183	3279
183	4045
183	5034
184	1992
184	4321
185	686
185	2395
185	2896
185	3233
186	201
186	1536
186	1544
186	3591
187	327
187	1088
187	1815
187	5333
188	2806
188	4585
189	433
189	4185
189	4753
190	1427
191	4648
191	4650
192	1704
192	2050
192	4990
193	2179
193	5355
194	824
194	2665
194	4203
195	569
195	1829
195	2591
195	4392
196	668
196	1192
196	1284
196	2596
196	2716
196	2959
197	709
197	1769
197	1877
197	3122
197	3235
197	3766
197	3808
198	471
198	540
198	4220
198	4538
198	5012
199	498
199	1315
199	2767
199	3603
200	1104
200	1502
200	5566
201	3236
201	5334
202	947
202	1305
202	2228
203	2552
203	3249
203	4174
203	5149
205	522
205	4232
205	4281
205	4480
206	260
206	814
206	4321
207	1827
208	2655
208	2882
208	3949
208	4209
208	5480
209	1519
209	2089
209	2452
209	4215
209	5394
209	5515
210	1316
210	4020
210	4777
211	1425
211	2053
211	3915
211	4985
211	5609
212	1438
212	2483
213	775
213	855
213	4167
214	564
214	1186
214	3853
214	4032
214	5137
214	5301
215	1526
215	3237
215	3711
215	5520
216	843
216	1668
217	5237
218	1527
218	5078
219	2345
219	2803
219	4789
220	1167
220	3712
220	3723
220	5423
221	695
221	3129
221	4637
222	3545
223	2654
224	383
224	2629
224	4263
224	5078
227	1718
227	2675
227	3971
227	4226
228	260
228	2861
228	5056
229	559
229	579
229	1271
229	3018
229	3039
230	1238
231	1777
231	4157
231	5367
232	521
232	1551
232	5535
233	2899
234	960
234	1082
234	1278
234	2664
234	3557
234	3987
235	590
235	796
235	1448
235	1655
235	2301
236	901
236	1795
236	2474
236	3472
236	4365
236	5351
237	3251
239	2129
239	2900
239	5069
239	5325
240	453
240	2014
240	2355
240	2728
240	3554
240	3704
240	5228
240	5237
240	5426
241	3120
241	4648
242	2240
242	2713
242	3797
243	483
243	1657
243	4724
243	4850
244	5530
246	2440
246	2471
246	3532
246	4762
247	3175
248	4739
250	2723
251	3499
251	3503
251	3768
251	4997
252	1795
252	1910
252	2376
253	2984
253	3179
253	3410
253	4688
254	2354
254	2968
254	3349
254	4207
255	874
255	4182
255	4776
256	328
256	3775
258	2909
258	3867
258	4067
259	391
259	541
259	1676
259	3677
260	1778
260	3583
261	280
261	2414
261	4850
261	4979
261	5447
262	3908
263	5105
264	1548
264	1843
264	4256
265	935
265	2745
265	5038
266	1006
266	5455
267	4942
267	5510
268	3165
268	3934
269	4656
269	4973
269	5270
269	5512
270	798
270	2193
270	2583
270	2637
271	2670
271	2868
271	3481
271	3984
272	580
272	2684
273	1732
273	2301
273	4028
273	4723
274	413
274	598
274	1370
274	2575
274	2707
274	4545
275	2417
275	2962
276	1357
276	2212
276	2753
276	3790
276	4491
276	4822
277	4433
277	5470
278	796
278	1146
278	1611
278	3786
279	2053
279	2319
280	1470
280	1766
280	5561
281	1211
282	1163
282	3309
282	4250
283	3911
283	5505
284	820
284	3608
284	5224
285	1262
286	315
286	1311
286	1382
286	1504
286	3659
287	1679
287	2298
287	2816
288	2652
288	2686
288	3006
289	940
289	3682
289	3914
289	4632
290	1965
291	349
291	548
292	957
292	1704
292	2093
293	5061
293	5499
294	1069
294	3939
294	4733
294	5287
295	3565
296	1490
296	3160
297	520
297	1231
298	1121
298	2610
298	3845
299	2303
299	3379
300	3972
301	1370
301	3289
302	828
302	1336
302	2420
302	2826
302	4289
303	3388
303	3955
303	5017
304	549
304	1841
304	4156
304	4517
305	3143
305	4570
306	2601
306	3080
306	4651
306	4660
306	5317
307	1862
307	3232
307	3320
308	3737
308	5411
309	1307
309	3756
309	4361
309	4523
309	4638
310	1453
310	1758
310	2847
310	2937
310	4359
310	4729
311	2888
311	5508
312	612
312	1900
312	4969
313	4946
314	418
314	2465
314	3453
314	5205
315	421
315	4194
315	4707
315	4947
316	1348
316	2051
316	3229
316	5175
316	5344
317	624
317	3971
317	4796
318	4612
318	4794
319	3015
319	3835
320	597
320	679
320	2115
320	2494
320	2966
321	1055
321	4321
321	4434
321	5279
322	3190
323	1343
323	3084
323	3171
323	3752
323	5544
324	2300
324	4135
324	4657
324	4922
325	2680
325	4256
326	880
326	2469
326	2645
326	4059
326	4108
327	875
327	3773
327	4756
327	5188
328	1422
328	1603
328	1623
328	2098
328	2296
328	2398
328	2498
328	3590
328	3742
328	3833
329	2196
329	2541
329	3407
329	3594
329	3686
330	1515
330	3336
331	1905
331	2458
332	1046
332	1569
332	4222
332	4667
333	1096
333	4587
334	3932
334	4259
335	660
335	4761
336	5026
336	5165
337	3351
338	1334
338	4955
339	3389
339	4135
339	4775
342	2605
343	1408
344	465
344	4301
344	4853
345	881
345	2287
345	2353
345	2668
345	3712
345	4940
346	2141
346	5354
347	1563
348	582
348	2255
348	2995
348	3509
348	5092
349	1121
349	2902
350	3450
351	809
351	1991
351	2589
351	3974
351	4743
352	1171
352	2776
352	4225
352	4484
353	3183
353	5259
354	662
355	501
355	2936
355	2987
355	3182
355	5341
356	1339
356	2005
356	2730
356	4510
356	5296
358	1115
358	1232
358	1410
358	3526
358	4592
359	1531
359	2391
359	3600
359	4032
360	425
360	2250
360	4972
361	881
361	4113
361	4821
362	3631
362	3738
362	3861
362	4778
363	2292
363	2647
363	4217
363	5233
363	5241
364	5004
365	2315
365	2542
366	1886
366	3423
366	4042
367	2769
368	586
368	2649
369	1338
369	1908
369	4425
369	4503
370	1529
370	4966
370	5364
371	1548
371	2962
371	3927
371	5105
372	3443
372	4617
373	5174
373	5189
374	4901
375	1802
375	2214
375	2972
375	4373
375	4417
375	5342
376	1306
376	1529
377	1740
377	1795
377	2807
377	4170
377	4514
378	779
378	1734
378	2894
379	2067
379	2201
379	3826
379	4506
379	5123
379	5529
380	3467
380	4501
381	587
381	2680
381	2945
381	4382
382	3873
383	874
383	1419
383	3213
383	4271
383	4560
383	4705
384	387
384	993
384	1306
384	2016
384	5575
385	1616
385	1970
385	2664
385	4026
385	4473
385	5254
386	1117
386	3220
386	3221
386	4383
387	1397
387	1754
387	3318
387	5031
388	3456
389	905
389	3328
389	4025
390	2715
391	1365
391	1510
391	2652
391	3962
391	5437
392	2238
392	2634
392	3200
392	3910
393	945
393	1313
393	1845
393	2744
393	5430
394	4305
395	495
395	5246
395	5303
396	1642
396	2960
396	4633
396	5024
397	1712
397	3313
397	4914
397	5617
399	2720
399	5228
400	569
400	2514
402	2402
403	514
403	2249
403	2515
403	3240
403	3613
404	3247
404	4217
404	4255
404	5278
405	2935
405	2940
405	3225
405	5363
406	2162
406	2965
406	3111
406	3168
406	3515
406	4124
406	5115
407	1242
408	4592
408	5446
408	5616
409	1794
411	3998
411	4465
412	1236
413	1651
413	2751
413	5129
413	5216
414	923
414	969
414	1447
414	1731
415	607
415	4412
415	4465
416	914
416	1812
416	2922
416	3757
417	1137
417	3176
417	4562
418	902
418	3152
419	1931
419	2662
419	4062
419	4318
419	5395
420	4489
421	1685
421	3483
421	5034
421	5410
422	635
422	2880
423	4071
424	616
424	1345
424	2265
424	3028
425	1578
425	2480
426	2517
427	492
427	1516
427	3082
427	5548
428	1990
428	2262
428	3395
428	5233
429	1794
429	1886
429	2438
429	3899
429	4229
429	4661
430	2645
430	4420
430	4848
431	719
431	1278
431	1688
431	2220
431	3395
431	3606
431	4543
431	5272
432	2570
432	2632
432	2686
432	4206
432	4637
433	1211
433	4041
433	4405
433	4575
433	4607
434	1272
434	1505
434	1800
434	2253
434	2267
434	3295
434	4233
435	3266
435	4607
436	538
436	1722
437	1078
437	5079
438	3728
438	4799
439	4468
439	5289
440	4417
440	4976
441	2691
441	5357
442	2990
442	3113
443	1937
443	2924
443	3951
444	852
444	4683
444	5246
445	2570
445	4034
445	4968
446	2272
446	3760
447	530
447	5489
448	2703
448	4752
448	4935
448	5060
449	1513
450	2775
450	3655
450	4233
451	2021
452	976
452	2654
452	4330
452	5586
452	5601
453	656
453	949
453	4520
453	5330
453	5563
454	509
454	1646
454	4417
455	2219
455	4371
456	950
457	1933
457	2453
457	2492
457	5572
458	524
458	2533
458	4837
459	1609
459	2100
459	2888
459	2942
460	587
460	4161
461	5101
462	3064
462	3971
462	4605
463	605
463	1054
463	3947
463	4832
464	1320
465	1060
465	3878
465	4244
465	4319
465	5135
466	2232
466	2967
467	635
467	1153
467	1966
468	2430
468	4016
468	5051
469	2877
469	3650
469	3751
470	1731
470	5027
471	3703
471	4573
473	1676
473	3767
473	4503
473	4637
473	5300
474	4303
474	5500
475	1088
475	1602
475	1777
475	3347
476	883
476	1492
476	1904
476	2566
476	2654
476	3179
476	3434
476	4004
476	5310
477	1485
477	2916
477	3708
477	5289
478	1653
478	1733
478	2192
478	3024
478	3290
478	3758
478	3857
478	4837
479	1212
479	4658
481	1101
481	1123
481	1776
482	1775
482	5426
483	5007
483	5586
484	5453
485	2125
486	991
486	3019
486	3552
486	5310
487	1809
487	2927
488	1516
488	1689
488	3190
488	4636
489	1416
489	2181
489	3732
489	3959
489	4098
489	5047
490	1768
490	2576
490	4726
491	5131
492	859
492	1494
492	2435
492	3542
493	772
493	1124
493	3602
494	1299
494	1737
494	2179
494	2307
494	2557
494	5010
495	1198
495	1257
495	1539
495	1714
495	2057
495	3287
495	3598
495	3637
495	4744
496	912
496	1735
496	4911
497	3583
497	5243
498	1591
498	2079
498	5524
499	2328
499	3367
499	3897
499	3903
500	2322
500	2678
500	4251
500	4751
500	4856
500	5141
501	3472
501	4802
502	3131
502	3381
502	3760
502	5082
503	1576
503	2446
503	2779
503	3219
503	4504
503	5538
504	1706
504	1729
505	651
505	670
505	1833
505	3144
505	3978
505	5451
506	1185
506	3133
507	1453
507	1799
507	3847
508	2051
508	3748
509	4510
510	5381
512	2604
512	4615
512	5417
513	1230
514	838
514	3657
515	1724
515	2325
515	3459
516	2314
516	2328
516	3240
516	3658
516	4689
517	1647
517	2905
517	3058
517	4708
518	1918
518	1989
518	4184
519	1364
519	1741
519	2506
519	2712
519	4085
520	1972
520	2161
521	540
521	2566
522	1093
522	2854
522	3254
522	4190
523	2767
523	5097
523	5155
524	1527
524	3084
525	2083
526	1810
527	1345
527	1351
527	1412
527	5222
528	2403
528	2933
528	3478
528	4147
529	3218
530	757
530	912
530	2332
530	3161
530	4248
530	5041
530	5516
531	619
531	2250
531	3639
531	4388
531	4837
531	4998
532	560
532	3218
532	3497
533	2068
533	4353
533	5243
534	5401
535	3132
535	3354
536	1444
536	2393
536	4509
537	868
537	881
537	4154
537	4710
538	2136
538	3688
538	3804
539	1099
539	1942
539	3038
539	3244
539	4177
539	4929
539	5023
540	1979
540	2380
540	2791
540	5270
541	2111
541	3267
542	1252
542	2790
542	5236
542	5241
543	4466
545	1341
545	2407
545	2491
545	3826
546	1059
546	3159
547	2787
547	4141
547	4989
548	712
548	799
548	4632
548	4706
548	4930
548	5250
549	853
549	2467
549	4481
551	1375
551	2512
551	2840
551	4369
552	2891
552	3604
552	4794
553	2586
553	3585
553	3923
554	1628
554	2373
554	3177
555	2695
555	3163
556	939
556	1909
557	3176
558	2397
558	2720
558	3774
559	5256
559	5271
560	2035
560	3154
560	5094
561	1831
561	1938
561	5532
562	5013
563	1565
563	5598
565	2209
566	2582
566	3891
567	2049
567	3983
569	2486
569	2797
570	2585
570	3392
570	4930
571	1160
571	1418
571	1560
571	2307
571	4186
572	1269
572	1316
572	3214
572	4661
573	2847
574	3764
574	5480
575	4663
575	4786
576	1308
576	4715
576	5164
577	851
577	977
577	2431
577	4492
578	2918
578	3860
578	5061
579	4104
579	5289
580	2764
580	3981
581	750
581	3658
582	2262
582	2498
582	2551
582	3911
582	4507
583	1167
583	3501
584	3262
585	1533
585	3511
586	1080
586	4145
586	4191
586	5199
587	1075
590	1807
590	4578
591	2688
591	3965
592	4728
593	2324
593	2370
593	3013
593	3702
594	1920
595	1651
596	721
596	1958
596	3828
596	4646
596	4696
597	1505
597	1597
597	4078
597	5075
597	5594
598	2963
598	3141
598	3785
598	5263
599	3478
600	2885
600	4108
600	5066
601	1047
601	2601
601	3966
601	5203
602	860
602	4450
602	5305
603	4384
604	983
604	1105
604	1992
604	2884
604	4123
604	4178
604	4407
604	4757
604	5117
605	1676
605	2189
605	2197
605	2881
605	2949
605	3241
605	3621
605	5324
606	5244
607	3225
607	3715
607	4311
607	4818
608	881
608	2551
608	3826
609	1679
609	2591
609	3870
609	4161
609	4792
610	2266
611	1790
611	4548
611	5350
612	2116
612	2251
612	4040
612	4081
612	4547
613	2001
613	3915
614	3707
614	3954
614	4436
615	2561
615	3459
615	4740
616	1328
616	2220
616	2758
616	4611
616	5344
617	4168
617	5580
618	2011
618	2076
619	2604
619	5157
620	3753
620	5041
621	2184
621	2860
621	5071
622	3173
622	3345
623	743
623	3971
623	4589
624	2021
624	2284
624	4125
624	4635
625	1926
625	2131
625	2731
625	4624
625	4919
626	1133
626	1955
626	4751
627	4209
629	842
629	1576
629	2191
630	2820
632	3844
632	3901
633	952
634	2849
634	2855
635	1613
635	3717
635	4027
635	5011
636	3552
636	4456
637	1503
637	4691
638	1782
638	3476
638	3694
638	4607
638	4648
638	4785
639	997
639	2908
639	4473
640	702
640	2330
641	1310
641	3911
641	4085
641	4396
641	4864
642	1433
642	2172
642	4943
643	4765
643	5153
644	726
644	1205
644	2427
645	1678
645	3317
645	3444
645	4645
645	5016
645	5282
645	5524
646	2665
648	847
648	873
648	931
648	1988
648	4713
648	4955
649	2043
649	2630
649	3710
650	2099
650	5554
651	2059
651	5326
652	662
652	1074
652	2074
653	2479
654	1929
654	3205
654	4575
655	3578
655	5193
656	2114
656	3506
656	3854
656	4034
656	4278
656	4304
657	1019
657	3410
657	3606
658	959
658	2256
658	2886
659	1115
659	1736
659	4430
660	2313
660	3744
660	4141
661	755
661	2803
661	5386
661	5413
662	1057
662	1084
662	2138
662	4644
664	1234
664	2521
664	3228
664	4490
665	942
665	4190
665	4194
666	1409
666	1955
666	4095
667	2854
667	2911
668	736
668	861
668	2905
669	1021
669	4989
670	1924
670	4576
670	5060
671	2961
671	3978
671	4140
671	5343
672	4194
673	1152
674	695
674	1920
674	2667
674	4021
674	5104
675	4365
675	4431
676	1759
676	2279
676	3684
676	4891
677	1433
678	1537
678	2893
678	5522
679	803
680	950
680	3774
681	4705
681	4973
682	2005
682	2950
682	4781
682	5047
683	2594
683	3392
683	3871
683	4893
684	1447
684	3809
684	3848
685	1819
685	2909
686	3668
686	3704
686	4256
686	4561
686	4750
687	3524
687	4337
688	1598
688	2492
688	3453
688	4685
688	4825
689	3204
689	3241
689	3412
690	1083
691	1460
691	1577
692	1217
692	3806
693	5150
694	1420
695	1776
695	4685
696	1271
696	2313
696	5308
697	2283
697	2648
697	3302
697	3488
698	1261
698	3072
699	4412
700	1476
700	1789
701	860
701	1577
701	2360
701	2590
701	2709
701	2891
701	5602
702	2363
702	2751
702	4125
703	1996
704	3001
704	3058
704	3113
705	1039
705	2753
705	2836
705	3150
705	3153
705	3169
705	4127
705	4256
706	1962
706	3801
706	4631
707	1385
707	1821
707	2063
707	2491
707	2994
707	3666
707	3840
708	2600
708	2765
708	3829
709	761
710	1084
711	1393
711	1437
711	3133
712	1818
713	2345
713	3011
713	5035
713	5250
714	2958
714	5235
716	3383
717	3309
717	3752
717	4392
718	3596
718	4170
719	1578
719	2355
720	1625
721	1040
722	1220
722	4717
722	4799
723	2714
723	4704
724	3301
724	3315
725	2928
726	948
726	1970
726	3208
726	4906
726	5221
727	1056
727	4117
728	853
728	1710
729	1390
729	2755
729	4924
730	3206
730	3242
730	3524
730	3813
731	1353
731	2302
731	4551
732	1667
732	1848
732	2458
732	3517
732	3667
732	4144
732	4668
733	2736
733	3622
734	4095
734	4984
734	5166
735	3438
736	1244
736	3423
736	4159
736	5187
737	2114
737	3373
737	4113
738	1136
739	3997
740	1686
740	2894
741	1611
741	2315
741	4466
741	4720
741	5366
741	5477
742	1084
742	2634
742	4465
742	5326
743	3828
743	5147
744	3788
745	1637
747	1931
747	2523
747	4311
747	5415
749	3851
750	1045
750	1455
750	2515
750	2869
751	2447
751	4927
753	3328
753	3659
753	3840
753	3851
753	4514
754	1317
754	2671
754	4386
755	962
755	2641
755	3162
755	3571
756	1184
756	2258
756	2705
756	2887
756	3087
756	3535
757	3039
757	3210
757	3799
758	3839
758	4833
758	4886
759	781
759	1435
759	5195
760	2275
760	3256
760	4132
761	3956
762	1464
763	2179
763	2234
763	3253
763	4809
763	4905
763	5199
764	3482
764	4001
764	4820
765	1401
765	5302
766	1812
766	2787
766	5359
767	2845
767	2958
767	3289
767	5428
768	815
769	1557
769	3329
770	1515
770	2572
772	842
772	943
772	1363
772	2314
772	4699
772	5388
774	2250
774	5535
775	1119
775	1901
775	1941
775	3717
775	3943
775	4065
776	1285
776	4521
777	2432
777	3989
778	1778
779	855
779	1396
779	3512
779	3798
780	1738
780	2543
781	1805
781	4721
782	1935
782	3099
783	3120
783	3277
783	3958
783	4386
784	2386
785	3013
785	4235
785	5321
787	1030
787	1630
787	2161
787	4582
788	4547
788	5085
789	2410
789	3749
789	4378
789	4819
789	5230
789	5594
790	1209
790	2209
790	2382
790	2569
790	2615
790	2982
790	3651
790	5372
791	3535
791	3648
791	4440
791	4813
792	1690
792	4070
793	2362
793	3872
794	1330
794	2893
794	5077
794	5392
795	4290
795	5117
796	1844
796	4849
797	1191
797	2008
797	2662
797	5200
798	2199
798	4206
799	3705
799	3993
799	5403
800	2387
800	4144
800	5229
801	4437
802	1404
802	3549
802	4828
803	1438
803	2279
803	5421
803	5570
804	2125
804	3951
804	5283
805	1210
805	3888
805	4505
805	4657
807	4340
807	4770
808	3921
808	4051
809	1352
810	3278
810	4724
810	5514
811	1450
811	2015
811	2159
811	3557
811	3706
812	1109
812	1293
812	1623
812	3364
812	3961
812	5345
813	3458
813	4046
814	2588
814	3444
814	5092
814	5409
815	3232
816	851
816	1461
816	2529
816	3679
816	4131
816	4719
817	1104
817	3481
819	1521
819	1705
819	3129
819	3778
819	5184
819	5448
820	1000
820	1354
820	4113
821	1009
821	2688
821	3161
821	3911
821	4980
822	2775
822	4538
823	2153
823	2743
823	3037
823	3475
824	1231
824	4944
825	3282
825	4052
826	4286
826	5438
827	1125
827	1848
827	1861
827	2740
828	2976
829	3938
829	4157
829	4398
829	4615
830	2400
830	2499
830	4080
830	4153
830	4870
832	1578
832	3965
832	5351
832	5408
833	2434
833	3035
833	3371
833	4490
833	4949
834	3205
834	3743
834	3969
834	5034
834	5258
835	2219
835	3569
835	5120
836	1969
836	4333
837	1390
837	4033
838	1161
839	1047
839	1831
839	2936
839	4682
840	2123
840	2496
840	4790
840	5046
841	1574
841	3225
841	4074
842	1060
842	1272
843	2074
843	3646
844	845
844	5215
846	1163
846	2508
846	2821
846	4011
846	5431
847	1624
848	5400
849	1663
849	4479
851	1767
851	2660
851	4937
851	4987
851	5274
852	1274
852	2806
852	2867
852	5350
853	3294
853	4931
854	2354
854	2387
855	1878
856	2513
856	2794
856	5440
856	5608
857	1984
857	4485
857	4859
858	2854
858	5200
859	1104
859	2287
859	2800
859	2875
859	3195
859	5290
859	5378
860	1014
861	4361
861	4912
861	4981
861	5303
861	5416
862	2354
862	3868
863	1348
863	3101
864	1814
865	1895
865	3849
866	892
866	3295
867	1730
867	2328
867	2764
867	3146
868	1035
868	2409
869	1657
870	1945
870	4023
871	2232
872	3010
873	2644
873	4520
874	2679
874	4196
874	4650
874	4870
875	2485
875	5391
876	1414
876	4047
876	5596
877	4260
877	4356
877	4638
878	3328
878	4805
879	2115
879	2336
879	3830
879	4557
880	3290
880	3615
880	3785
880	3861
880	4412
881	1312
881	3893
882	2159
882	2212
882	2742
882	4879
883	4227
884	2342
884	2608
884	3395
885	1552
885	1789
885	5550
886	4727
887	1454
887	2147
888	2444
888	4038
888	4532
888	5273
889	2663
889	3677
890	4040
891	2707
891	3530
891	5614
892	941
892	3868
893	2906
893	3250
893	4519
894	3300
894	5373
895	2316
897	3415
897	4174
897	5328
898	2303
898	4331
901	1335
901	4132
901	5245
901	5343
901	5525
902	1811
902	4423
903	3145
904	5156
905	2255
905	5333
906	2969
907	1779
907	2189
907	2663
907	3089
907	3224
908	3431
909	1467
909	2535
909	4943
911	1377
911	1545
911	2208
911	4722
911	5338
911	5556
912	2417
913	2650
913	4799
913	5460
914	2063
915	1669
915	3290
916	1389
916	2165
916	5258
917	1321
917	1961
917	4082
918	4765
918	4834
919	4496
920	1357
920	4604
921	5515
922	1757
922	2164
922	5020
922	5312
923	1345
923	1918
923	2513
925	3379
926	2345
926	2491
927	1036
927	1526
927	2937
927	3616
927	5227
928	2549
928	3245
928	5451
928	5521
929	2574
929	4624
929	5429
930	2677
930	3092
930	3127
930	4922
931	1565
931	5380
932	2744
933	1931
933	2325
933	4272
934	4360
935	1294
935	2236
935	5203
936	1523
936	2022
936	3972
936	4464
936	4904
937	1250
937	3166
938	2370
938	3439
938	5074
939	4020
939	5592
940	1162
941	1454
941	3514
941	4236
941	4303
942	1779
943	2343
944	975
944	2990
944	5327
945	1186
945	2101
945	2418
945	3184
945	3487
945	3618
945	4556
945	5173
946	1543
946	3999
947	1335
947	1656
947	3528
947	4052
947	4305
947	4379
947	5124
948	1077
948	4287
949	2272
949	4661
949	5210
950	4799
950	4965
951	2134
951	3283
952	1791
952	3117
953	2157
954	1006
954	5570
955	2819
955	4480
955	4537
955	5137
956	4693
957	4593
958	1404
958	2733
959	2132
959	2998
959	3230
959	3879
959	4279
960	1055
960	1151
960	1594
960	2112
960	4859
961	1782
961	3188
961	4251
962	3115
963	2765
963	3646
963	4901
965	4337
966	3847
966	4806
967	1087
967	1267
967	4169
968	1899
968	3268
968	4854
969	1147
969	5125
970	1873
970	3622
971	1310
971	1525
971	4245
972	1144
972	3139
972	3282
972	3467
972	4471
973	2686
973	3186
974	1215
974	3911
974	4286
975	2603
975	4406
976	1814
976	1904
976	1937
977	1274
977	3011
977	4984
977	5049
978	2187
979	1181
979	1798
979	2250
979	2949
979	3415
979	5320
980	3480
980	4237
981	2008
981	2482
981	4415
982	2039
982	3383
982	4653
982	5533
983	1682
983	2892
984	1073
984	2546
984	2849
984	3292
985	1691
985	3754
985	3983
985	4474
986	2164
986	3640
986	5066
987	2096
987	4258
988	1979
988	2641
988	5036
991	3577
991	4671
991	5075
992	2241
992	2306
992	4357
992	4364
992	4855
993	2678
994	1760
994	3349
994	3871
995	4426
995	4560
996	1231
996	2375
996	3546
996	4439
997	2085
997	4034
998	2318
998	5593
999	2287
999	3254
1000	2981
1000	5089
1001	2034
1001	2213
1001	3650
1001	5252
1001	5287
1002	1664
1002	1827
1002	2785
1002	4882
1003	1741
1003	1961
1003	2463
1003	3992
1004	2282
1004	5161
1005	1564
1005	3244
1005	3447
1005	4135
1005	5561
1006	3255
1006	5501
1007	5070
1008	1090
1008	2137
1008	3134
1008	5220
1009	1486
1010	2168
1010	2994
1011	4938
1012	1225
1012	4457
1012	4585
1012	4901
1012	5287
1013	4100
1014	2816
1015	1497
1015	5174
1015	5594
1016	2571
1016	3755
1018	1963
1018	5004
1019	2639
1020	2050
1020	3573
1020	3633
1020	4040
1020	5559
1021	1394
1021	1487
1021	4553
1021	4610
1022	1566
1023	1533
1023	1695
1023	3962
1023	4520
1024	1488
1024	2315
1024	3244
1024	4530
1025	1111
1025	1599
1025	3701
1026	3397
1027	1398
1027	5206
1028	2686
1028	4910
1028	5478
1029	1113
1029	1459
1029	3391
1029	4466
1029	4791
1030	2327
1030	2592
1030	3001
1030	3872
1031	2065
1032	1848
1032	1903
1032	3526
1033	2020
1034	1877
1034	4317
1034	4494
1034	4717
1034	4927
1035	3548
1035	4089
1036	2701
1036	5539
1038	2083
1039	1745
1039	2706
1039	3848
1039	3963
1040	3955
1041	4664
1042	3732
1042	5470
1043	2025
1043	2384
1044	3346
1044	4657
1044	4988
1045	4192
1046	2216
1046	3071
1047	3542
1047	4427
1048	2985
1048	3244
1048	3909
1049	1841
1049	2432
1049	3021
1050	1365
1051	2585
1051	4942
1052	1500
1052	3280
1052	4507
1053	1943
1054	5069
1055	3307
1055	4180
1055	5334
1055	5406
1056	3659
1057	1912
1058	2823
1058	3089
1058	5129
1059	4263
1059	5019
1059	5038
1060	1069
1060	1653
1061	3888
1061	4076
1061	4300
1063	1639
1063	1852
1063	4964
1065	1779
1065	2347
1065	4328
1066	1464
1066	5022
1067	1608
1067	2792
1067	4547
1068	2588
1068	3693
1068	4356
1069	1433
1069	2061
1069	2566
1070	1818
1071	2041
1072	2315
1072	4177
1073	3168
1073	3336
1073	3621
1073	4250
1074	2160
1074	2263
1074	2369
1074	3054
1074	5399
1075	1383
1075	2537
1075	2693
1075	4545
1076	1512
1076	1571
1076	4144
1076	4938
1077	4050
1077	4975
1078	1936
1078	2798
1079	2939
1079	5409
1080	1574
1080	4130
1080	4371
1081	3249
1081	5316
1082	1748
1082	3337
1082	3689
1082	4992
1084	1628
1084	2632
1084	4311
1084	4383
1085	1153
1085	3296
1086	1905
1086	2617
1087	2972
1088	3771
1088	4589
1088	5320
1088	5337
1091	2117
1091	2254
1091	2650
1091	3791
1093	2240
1093	4953
1095	1328
1095	2330
1095	4912
1096	2009
1096	3967
1096	5002
1097	1801
1097	1884
1097	2527
1097	2684
1097	2948
1098	3272
1098	4550
1100	2335
1102	2779
1102	3163
1102	4044
1102	4070
1103	1384
1103	2192
1105	1572
1105	3650
1105	4181
1106	3447
1106	4355
1106	4982
1107	1983
1107	2324
1107	2579
1107	5205
1108	1510
1108	3297
1109	4880
1109	5252
1111	1695
1111	2180
1111	3720
1111	4387
1112	4810
1112	4874
1112	4995
1113	2715
1113	2852
1113	3206
1114	3946
1115	1237
1115	4140
1115	4506
1115	5093
1115	5320
1116	2399
1116	3378
1118	2014
1118	2023
1118	2921
1118	3970
1118	4207
1118	5495
1119	1251
1119	1916
1119	3179
1121	2210
1122	4300
1122	4830
1122	5406
1123	1677
1123	2487
1123	3332
1124	2002
1124	2279
1124	4433
1124	4448
1124	5028
1124	5601
1125	2712
1125	3153
1125	3749
1126	2655
1126	4753
1126	5251
1127	3050
1128	1750
1128	2587
1128	4573
1128	4794
1129	1812
1129	2220
1129	2641
1129	3207
1129	3613
1129	3690
1129	5264
1130	2662
1130	2907
1130	3754
1130	5055
1131	1381
1131	3462
1131	5328
1132	2292
1132	3611
1133	3066
1133	3599
1133	4476
1133	4703
1133	4948
1134	2097
1134	4165
1134	4410
1135	3489
1135	4363
1136	1196
1136	1727
1136	3480
1136	5014
1136	5153
1137	1861
1137	2493
1137	2909
1137	3094
1137	3338
1138	1730
1138	4443
1139	3320
1139	4526
1140	1166
1140	1629
1140	3832
1140	3951
1140	4829
1141	2366
1141	3279
1141	3763
1141	4427
1141	5111
1142	2942
1142	4521
1143	1539
1143	2311
1143	2380
1143	4637
1144	2162
1144	4123
1144	4795
1144	5113
1145	5103
1146	1533
1146	2207
1146	2809
1146	3659
1146	5481
1147	4717
1148	3343
1148	4578
1149	3938
1149	5464
1150	5587
1151	1179
1151	2119
1151	4004
1151	5199
1152	1349
1152	2544
1152	3243
1152	3869
1153	2064
1153	5414
1154	2471
1155	2306
1155	4670
1155	4800
1156	1462
1157	5203
1158	3269
1158	4681
1158	5286
1159	3385
1159	3792
1159	5348
1159	5392
1160	2903
1160	3865
1160	4534
1161	2149
1161	4075
1161	5347
1161	5533
1162	4836
1163	1936
1163	3672
1165	1794
1166	1276
1166	2882
1166	3105
1167	1253
1167	2369
1167	2552
1167	2635
1167	4065
1167	5318
1168	2861
1168	3127
1168	4246
1168	4505
1168	4716
1169	2136
1169	2917
1169	3441
1169	3870
1169	4452
1169	5383
1169	5448
1170	1300
1170	2505
1170	4303
1170	4351
1171	1520
1171	3963
1172	1907
1172	3394
1172	4847
1173	1220
1173	2079
1173	5194
1173	5214
1174	1228
1175	1358
1175	2854
1175	5141
1175	5183
1175	5547
1176	1326
1177	1299
1177	1908
1177	2865
1177	3914
1177	5123
1178	1270
1178	1311
1178	2690
1178	3303
1178	3954
1178	4921
1178	5176
1179	2346
1179	5330
1180	1384
1180	1489
1180	2561
1180	2598
1180	2774
1180	3291
1180	3830
1180	4414
1181	1372
1181	2288
1181	4591
1181	4712
1182	1919
1182	2057
1182	3336
1183	1279
1183	1877
1183	2602
1183	5140
1184	1851
1184	2108
1184	2332
1184	3669
1185	1300
1185	1768
1185	2126
1185	5617
1186	4436
1187	3593
1187	3623
1187	4313
1187	4691
1188	3023
1188	3226
1188	3982
1189	1624
1189	3375
1189	5371
1190	4262
1190	5333
1191	1482
1191	1614
1191	2461
1191	3569
1192	2050
1192	3066
1192	4140
1192	4384
1193	2832
1193	4831
1193	5520
1194	2911
1194	4987
1194	5109
1195	1613
1195	2274
1196	2092
1196	4708
1196	4877
1197	1645
1197	1830
1197	1958
1197	5143
1198	2724
1198	4689
1199	4173
1199	4270
1199	4792
1200	1348
1200	1838
1200	4032
1201	4887
1202	1447
1202	4445
1202	4579
1203	2728
1203	3740
1203	4184
1204	1564
1205	2057
1205	2830
1205	3668
1205	4180
1205	5143
1206	2889
1206	3717
1206	5148
1207	4289
1207	4799
1208	3853
1208	5556
1210	3227
1210	4362
1211	2335
1211	4373
1211	5124
1212	2700
1212	2825
1212	4416
1212	4454
1212	4795
1212	4832
1212	5603
1213	4181
1214	1332
1214	1761
1214	2487
1215	2220
1215	4562
1216	1422
1216	2490
1217	1325
1217	2312
1217	3964
1217	4526
1217	4885
1218	4003
1221	1270
1221	2667
1221	4037
1221	4100
1222	1395
1222	2615
1222	3054
1222	4808
1222	5108
1223	2123
1223	2790
1223	4071
1223	5035
1224	2532
1224	3509
1225	1281
1225	3859
1226	2767
1226	4637
1227	3023
1228	3162
1228	3837
1228	5390
1228	5418
1230	1892
1230	2375
1230	4374
1231	2023
1231	2028
1231	2309
1231	3214
1231	3310
1231	3572
1231	5257
1232	3298
1232	3951
1232	5138
1233	2222
1233	4642
1233	5445
1234	2608
1234	3564
1234	5337
1235	3993
1235	4954
1235	5039
1236	2515
1237	4803
1237	4973
1239	1688
1239	2107
1239	4083
1240	1658
1240	2591
1240	4073
1241	2845
1241	3083
1241	3220
1241	4659
1242	1352
1242	5025
1244	1404
1245	1457
1245	2245
1245	2534
1245	4504
1246	2260
1246	4614
1246	5410
1247	1536
1247	3136
1247	4234
1247	4693
1247	5225
1248	1444
1248	4621
1249	1731
1249	4345
1250	1448
1250	5617
1251	1557
1251	4297
1251	4826
1251	5031
1252	2617
1252	3646
1252	4096
1253	1447
1253	1898
1253	2699
1254	1570
1254	2081
1254	2595
1254	2954
1254	4355
1254	5167
1255	2098
1255	2799
1255	3094
1255	4807
1256	2032
1256	3485
1256	5018
1257	2104
1257	3041
1258	2923
1258	3402
1259	1552
1259	2278
1259	2842
1259	3222
1259	3404
1259	4103
1259	4425
1260	2936
1260	3301
1260	3775
1261	2014
1262	4716
1262	4815
1263	2187
1264	1746
1264	3223
1264	3649
1265	1871
1265	2413
1265	4342
1266	1397
1266	3135
1266	3243
1266	3271
1267	2879
1267	3750
1267	3983
1268	3066
1268	3069
1268	3698
1269	3945
1270	1357
1270	2351
1270	4370
1270	5546
1271	1670
1271	2311
1271	2671
1272	1956
1273	1371
1273	3079
1274	2485
1274	2852
1274	3374
1274	3621
1275	1393
1275	3083
1275	3308
1276	2580
1276	3419
1276	4748
1277	4334
1278	2644
1278	3740
1279	1291
1279	4532
1279	4944
1279	5080
1280	2889
1281	3320
1282	2746
1282	2789
1282	4520
1282	4946
1282	5229
1283	1471
1283	1790
1283	3677
1283	4516
1283	5034
1284	2197
1285	5118
1285	5528
1286	3057
1287	1996
1287	3771
1287	4008
1288	3157
1288	3506
1288	4131
1289	4772
1290	1632
1293	4034
1293	4100
1294	1518
1294	2923
1294	4197
1295	4858
1296	3425
1296	3461
1296	3622
1296	5194
1297	1313
1297	1862
1298	3448
1298	4455
1300	5028
1301	2491
1301	2801
1301	3634
1301	5217
1302	3774
1302	4518
1302	5320
1303	2893
1303	3308
1303	4255
1304	1443
1304	3545
1304	4035
1304	5071
1305	3288
1305	3322
1306	2220
1306	4747
1307	1344
1307	3302
1308	3276
1308	3292
1308	3597
1308	4398
1310	1551
1310	4338
1311	2349
1311	2449
1311	4806
1311	4846
1312	1540
1312	2137
1312	4231
1312	4848
1312	4894
1313	1501
1313	2666
1313	5016
1314	4026
1314	4123
1315	5151
1315	5580
1316	1489
1316	1571
1316	4437
1317	2428
1317	4967
1317	5388
1318	4810
1319	5575
1320	2623
1321	4197
1321	4446
1321	5249
1321	5483
1322	4684
1323	1470
1323	1567
1324	1791
1324	2352
1324	3074
1324	5254
1325	1621
1325	3725
1325	5494
1326	1977
1327	1864
1327	4184
1328	1420
1328	1532
1328	4610
1329	4730
1330	2325
1330	2877
1331	1734
1331	1960
1331	2658
1331	5581
1332	1754
1332	3253
1332	3331
1333	3651
1333	4467
1335	3052
1335	5209
1336	1350
1336	3275
1336	4682
1336	4762
1337	2410
1337	5076
1338	2070
1338	3582
1339	3252
1339	3373
1339	5574
1340	1588
1340	1604
1340	3317
1340	3457
1341	1757
1341	1959
1342	3197
1342	3311
1342	3640
1343	2653
1343	3005
1344	1531
1344	1983
1344	2272
1344	2769
1344	3470
1346	2092
1346	3787
1346	3872
1346	4825
1347	4023
1348	1871
1348	1908
1348	3004
1348	5330
1349	4650
1350	3526
1350	4530
1351	3993
1351	4845
1351	5044
1351	5170
1352	3325
1352	4267
1352	4344
1352	4426
1352	4542
1353	3834
1354	3900
1354	4225
1354	5403
1354	5480
1355	3457
1355	4455
1356	2922
1356	5201
1357	1822
1357	2405
1358	3233
1358	4964
1360	1723
1361	2081
1361	2342
1361	2416
1361	2765
1361	5365
1362	2764
1362	2925
1362	3197
1362	3478
1363	2388
1363	2814
1363	3021
1363	3467
1363	3623
1363	4471
1364	2237
1364	4179
1365	2645
1365	4713
1366	3971
1366	4536
1367	2800
1368	3378
1369	2040
1369	4721
1369	4961
1369	5088
1370	3162
1370	5143
1370	5585
1371	2671
1371	3478
1371	3837
1372	3694
1372	5157
1373	1522
1374	1841
1374	4157
1374	4345
1375	1910
1376	1685
1376	2516
1376	4413
1377	3938
1378	3164
1378	3678
1378	5532
1378	5561
1379	1393
1379	4018
1379	4962
1379	5116
1380	1597
1380	3456
1380	4538
1380	4813
1381	1600
1381	2953
1382	4812
1382	5098
1382	5301
1383	1558
1383	2597
1384	1489
1384	2417
1384	3401
1385	2417
1385	4863
1386	2714
1386	3542
1387	2537
1387	2732
1387	3841
1387	4092
1388	2066
1388	4992
1389	2122
1389	2314
1389	3193
1389	3483
1390	4553
1391	2477
1391	3461
1392	4320
1393	2759
1393	2903
1394	3025
1394	3625
1394	3722
1394	4293
1394	5428
1395	2838
1395	2881
1395	5214
1396	4829
1397	4225
1397	4544
1398	3441
1398	4422
1398	5231
1399	5233
1400	4958
1401	1435
1401	2382
1401	4413
1402	1580
1402	3451
1402	4066
1402	4205
1403	2471
1404	2199
1406	3234
1406	3519
1406	4169
1409	2192
1409	3132
1409	3171
1409	3826
1409	3850
1410	2596
1410	4654
1411	3154
1411	4857
1412	2948
1413	3921
1413	4159
1413	5545
1414	1973
1414	2284
1414	3723
1414	4018
1416	2840
1416	3192
1416	4194
1416	4289
1417	1854
1417	2266
1417	4524
1418	3588
1418	3696
1418	4693
1418	5049
1419	2313
1419	3689
1419	4526
1421	2403
1421	3276
1421	3521
1422	4131
1422	4763
1423	3854
1423	3894
1423	4270
1423	4515
1424	4542
1424	4934
1424	5158
1424	5180
1424	5253
1424	5519
1425	3940
1425	4210
1427	1617
1427	4485
1428	3938
1429	2267
1429	5426
1430	4383
1431	2683
1431	5110
1432	1899
1432	4032
1433	4728
1433	4980
1434	3935
1434	4304
1434	5024
1435	1958
1435	3777
1435	3793
1435	3849
1435	4268
1436	2144
1436	3142
1436	4657
1436	4720
1437	1447
1437	1676
1438	1516
1438	3870
1440	3808
1443	1663
1443	1928
1443	3904
1445	3671
1446	3755
1446	5479
1447	2522
1447	2757
1447	2782
1447	3083
1447	3403
1447	4235
1449	5270
1449	5508
1450	2493
1450	3711
1450	3713
1452	4627
1453	3986
1454	1992
1454	3961
1454	5573
1455	3494
1455	3852
1455	5361
1455	5374
1455	5442
1456	1709
1456	2455
1456	3397
1456	4612
1457	2500
1459	5619
1461	2002
1461	3867
1461	4290
1462	3790
1462	4454
1464	3177
1464	4688
1465	2808
1465	3856
1465	5134
1466	1957
1466	5312
1467	2700
1467	3903
1467	4889
1467	5231
1468	2822
1468	2960
1468	3460
1470	2458
1470	5486
1471	1736
1471	1915
1471	3922
1472	3564
1473	2675
1474	4386
1475	2369
1477	4558
1478	1583
1479	1973
1479	2353
1480	2931
1481	4938
1482	3871
1482	4365
1484	3748
1485	1747
1485	2135
1485	2744
1485	2851
1485	3390
1485	3719
1485	4273
1486	1948
1486	3103
1486	4786
1486	4978
1486	4988
1487	2639
1487	3920
1487	4541
1487	5099
1488	1964
1488	4139
1491	2379
1491	2475
1491	3730
1491	4553
1491	5435
1492	2065
1492	3617
1492	3987
1492	5070
1493	5227
1495	4404
1496	3675
1496	3779
1497	3258
1497	5248
1498	1988
1498	2334
1498	4347
1498	4522
1499	3090
1499	4163
1499	5013
1500	2070
1500	3443
1500	3451
1500	5525
1501	3636
1501	4223
1501	4226
1501	4634
1502	4812
1502	5166
1503	2613
1503	2841
1503	4328
1503	4900
1503	5295
1504	2276
1504	2583
1504	5509
1504	5537
1505	4251
1506	1591
1506	4070
1506	5196
1506	5199
1507	4205
1507	5201
1508	4511
1509	2472
1509	4243
1509	5453
1510	3303
1511	1549
1511	3425
1511	3611
1511	4183
1512	1802
1512	3564
1512	4011
1512	4229
1513	3301
1513	5172
1513	5280
1514	4121
1515	2348
1515	4933
1516	3962
1516	5213
1517	4344
1518	1905
1518	4676
1519	3402
1521	2329
1521	2373
1522	1589
1522	4189
1522	5587
1523	5363
1523	5526
1525	4199
1525	4726
1526	2405
1526	2517
1526	4073
1527	2118
1527	2646
1527	3572
1527	4351
1528	3305
1528	5600
1529	2043
1530	2924
1531	1623
1531	1944
1531	2994
1531	3923
1533	1835
1534	2324
1534	2569
1534	2933
1534	3180
1534	4759
1535	5168
1537	3377
1537	4236
1538	2028
1538	3469
1538	4015
1538	4486
1539	2078
1539	3964
1540	2739
1540	3750
1541	2160
1541	4701
1542	2158
1542	2375
1543	3085
1543	3410
1543	3691
1544	1951
1545	4646
1545	4935
1546	2406
1546	4070
1546	4661
1549	4543
1549	5102
1549	5424
1551	1842
1551	2148
1551	2881
1551	3797
1551	4550
1551	5382
1552	3172
1552	3205
1553	2578
1553	4792
1553	5335
1554	5504
1555	2171
1555	2496
1555	3356
1557	2747
1557	4777
1558	4932
1558	5310
1559	1657
1559	2641
1559	4582
1562	3192
1562	4106
1563	5032
1564	4622
1565	4964
1565	5515
1566	2023
1566	4026
1566	4731
1568	1697
1570	3960
1570	5203
1571	1659
1571	2718
1572	4314
1573	1750
1573	1881
1574	1793
1574	4360
1574	4444
1575	3499
1575	4150
1575	4497
1575	5031
1576	2507
1576	2974
1576	4094
1576	4759
1577	2940
1577	3954
1577	4248
1579	1743
1579	4646
1579	4928
1580	2484
1581	1800
1581	3034
1581	4400
1581	5089
1582	1791
1582	2378
1582	3015
1583	2219
1583	2680
1585	3823
1585	3849
1585	4931
1585	5072
1586	3259
1586	3591
1586	4441
1587	2460
1587	3113
1589	4878
1589	5443
1590	2746
1590	5113
1592	1959
1592	1999
1592	3105
1592	4045
1593	1983
1593	2607
1593	2608
1593	4226
1593	4918
1594	1648
1594	2393
1594	3063
1595	2324
1595	3736
1596	3244
1596	5128
1598	2620
1598	2945
1598	3724
1599	2370
1599	4018
1599	5353
1600	5035
1600	5164
1601	3316
1601	4014
1601	4399
1602	1645
1602	2263
1602	3537
1602	4546
1602	5523
1603	2321
1603	2430
1603	4381
1604	3987
1604	4623
1605	3365
1605	4699
1605	5560
1606	2022
1607	3669
1609	1906
1609	2751
1610	1614
1610	3742
1610	3962
1610	4919
1610	5011
1611	3870
1612	3263
1612	4534
1612	5148
1612	5350
1613	2084
1613	2844
1613	3292
1613	3963
1613	5289
1615	2292
1615	4705
1616	4253
1617	2082
1617	2536
1617	4454
1619	2454
1620	1761
1620	2174
1620	3462
1620	3504
1620	3646
1621	3027
1621	4278
1623	3161
1623	3316
1623	5175
1625	1633
1625	2260
1625	3283
1625	4452
1625	5140
1625	5141
1626	3959
1626	4650
1627	4443
1628	1699
1628	1981
1628	4262
1629	2319
1629	2477
1629	4505
1629	4745
1629	4832
1629	5009
1631	4187
1631	4694
1632	2533
1632	3166
1632	3465
1632	5515
1633	3035
1633	4849
1633	4878
1634	3606
1635	1736
1635	2808
1635	3102
1635	3382
1635	4211
1635	4383
1635	4628
1636	3821
1636	4809
1637	2113
1637	2794
1637	3926
1638	4446
1638	4983
1638	5363
1639	2580
1640	1664
1640	2365
1640	2635
1640	3089
1640	5063
1641	4212
1642	2251
1642	3515
1642	4949
1642	5400
1642	5607
1643	5177
1644	4324
1644	4821
1645	1880
1645	2940
1645	4211
1646	2124
1646	2339
1646	3033
1646	3636
1646	3971
1647	4344
1647	4649
1648	1968
1648	2586
1648	5514
1649	3137
1649	3597
1649	3853
1649	5036
1652	1955
1652	2237
1652	3653
1652	3890
1653	1876
1653	3053
1654	2180
1654	2860
1654	3198
1654	3271
1655	3433
1656	3030
1656	3615
1656	4026
1656	4060
1656	4259
1656	4547
1657	2587
1658	2636
1658	3390
1659	3186
1659	4029
1659	4159
1659	4435
1659	5019
1659	5177
1659	5429
1660	1848
1661	4098
1661	4114
1666	2656
1666	4870
1667	3217
1667	4706
1668	1699
1668	3353
1669	2575
1670	2363
1670	3893
1670	4761
1671	2258
1672	2760
1672	4773
1673	2089
1674	1873
1674	4842
1675	2934
1675	4764
1676	2375
1676	3179
1676	4853
1676	5036
1677	4106
1677	4670
1678	2199
1679	3825
1680	3330
1681	4495
1682	1746
1682	3592
1682	4435
1682	4535
1683	2385
1683	2923
1685	1751
1685	2034
1685	2998
1685	5354
1686	3577
1686	5381
1687	2216
1687	5209
1689	2501
1689	5602
1691	3830
1691	5278
1692	4202
1692	4309
1692	4950
1692	5317
1693	2202
1693	2264
1693	5288
1693	5343
1694	2613
1694	3037
1694	3908
1694	4379
1694	5244
1695	4163
1695	5219
1695	5373
1696	1966
1696	2136
1696	4315
1697	2493
1697	5403
1697	5563
1698	4529
1699	1872
1699	4022
1699	4871
1699	5587
1700	4194
1700	5195
1702	3629
1702	3891
1702	5498
1703	3280
1703	4214
1705	2021
1705	2253
1705	3682
1705	4323
1705	5444
1706	4054
1706	4098
1706	5398
1707	1838
1707	3836
1707	5570
1708	4254
1709	2871
1709	3637
1710	1899
1710	2245
1710	5294
1711	3336
1711	3944
1712	2322
1712	3797
1712	3814
1712	3999
1712	5213
1714	1848
1715	3385
1715	5110
1716	2865
1716	4998
1717	2051
1717	3098
1717	3165
1717	3420
1717	5493
1718	2545
1718	3803
1718	4524
1718	4672
1719	1953
1719	5289
1719	5404
1719	5566
1719	5601
1720	3230
1720	5349
1721	2814
1721	3939
1721	4145
1722	2786
1722	3924
1723	3950
1724	2705
1724	3171
1724	5359
1725	4627
1725	5123
1726	1864
1726	2441
1727	4701
1728	5062
1729	3363
1730	4210
1730	5548
1731	2881
1731	3767
1732	2976
1732	4585
1733	3840
1734	3588
1734	3816
1735	1936
1735	2407
1735	3647
1735	4145
1736	2514
1736	2714
1736	2952
1736	3921
1736	4996
1737	2693
1737	3368
1738	2490
1738	3860
1739	2002
1740	2121
1740	2575
1740	3108
1741	1946
1742	4078
1742	4614
1743	3566
1744	2185
1744	4100
1745	2121
1745	3993
1746	2380
1747	5021
1748	5205
1749	2476
1749	2683
1749	4289
1749	4404
1750	2951
1750	4217
1750	5425
1752	4062
1752	4822
1752	5057
1754	5021
1754	5324
1755	2798
1755	4357
1755	5515
1756	2694
1756	4054
1756	5567
1757	2167
1757	3251
1757	3947
1757	4106
1758	4354
1758	4545
1759	3084
1760	2666
1761	2558
1761	3092
1761	5044
1762	2111
1762	3096
1762	3319
1762	3386
1762	3444
1763	2962
1763	3432
1763	4513
1763	5182
1763	5404
1764	4367
1764	4554
1764	5377
1765	1791
1765	5582
1766	2627
1767	2503
1767	2703
1767	3134
1767	4741
1767	5127
1768	2233
1768	2888
1768	3249
1768	3695
1768	4080
1769	1999
1769	2381
1770	2613
1771	4434
1772	2040
1772	3028
1772	3376
1773	3162
1773	4508
1773	4679
1773	5608
1774	2132
1774	2250
1774	4760
1774	5076
1775	3033
1775	3547
1776	3793
1776	5350
1777	3067
1777	4682
1779	2650
1779	4872
1779	5349
1780	2572
1780	3135
1780	3594
1780	5355
1781	5129
1783	3237
1783	4128
1784	1930
1785	2737
1785	4127
1787	3940
1789	4179
1790	2174
1790	2996
1790	3941
1791	3699
1791	3705
1791	3753
1791	4394
1791	4521
1792	5398
1793	4871
1794	2481
1794	3416
1794	3977
1794	5094
1795	4601
1795	5331
1797	3676
1798	4904
1799	3050
1800	2757
1800	3228
1800	3406
1800	3676
1800	5113
1802	4327
1805	4546
1805	5168
1805	5169
1806	1944
1806	4213
1806	5160
1808	2273
1808	2979
1808	3680
1808	4325
1808	4894
1808	5142
1808	5218
1809	4725
1809	5605
1810	2073
1810	3029
1811	2010
1811	2039
1811	2778
1811	4765
1812	3509
1812	4319
1813	3267
1814	2542
1814	3754
1816	2486
1817	3452
1818	2316
1818	4254
1821	2057
1821	2668
1821	3415
1821	5037
1822	4824
1823	2722
1823	5439
1825	2093
1825	4381
1826	2828
1826	5435
1827	4109
1828	3267
1828	4550
1828	5263
1829	3550
1829	5175
1830	4629
1830	5185
1831	2132
1831	2668
1833	2015
1833	4116
1834	2365
1834	3937
1834	4453
1835	4119
1835	4121
1835	4513
1835	5115
1835	5150
1836	4087
1837	2184
1837	3401
1838	2013
1838	3122
1839	3216
1839	3821
1840	4148
1840	4195
1840	4331
1840	4653
1841	1850
1841	1854
1841	3279
1842	5462
1844	2353
1844	3285
1844	4899
1845	2739
1845	3415
1846	2897
1846	3063
1846	3133
1847	2784
1847	4207
1848	3914
1849	2093
1849	4186
1849	4248
1850	4297
1850	5192
1851	3363
1851	3646
1851	4610
1851	5261
1852	3098
1852	4313
1852	5239
1853	4270
1854	5062
1855	3025
1856	3615
1857	3560
1858	2041
1858	3375
1858	3840
1858	5556
1859	4558
1859	4774
1859	4986
1860	2022
1860	3250
1860	3271
1861	3599
1861	4843
1861	4849
1861	5565
1862	1935
1862	5438
1863	1899
1863	3266
1863	3489
1863	3854
1863	4206
1863	4682
1863	5308
1864	2435
1864	2458
1864	2863
1865	2522
1865	3482
1866	3324
1866	5287
1867	3574
1867	5126
1868	3862
1868	5117
1869	2654
1869	5573
1870	2117
1870	2848
1870	3120
1870	5594
1871	3544
1872	3578
1872	3874
1872	4003
1873	4470
1874	1975
1874	2877
1874	3411
1874	5309
1875	3431
1876	2982
1876	5012
1877	5533
1878	2500
1878	3404
1879	2312
1879	5554
1880	5030
1881	2211
1881	2537
1881	3768
1881	4240
1882	3066
1882	3927
1883	2975
1883	3996
1883	4258
1884	3713
1884	4536
1884	5318
1885	2663
1885	3612
1885	5157
1886	2353
1886	3671
1887	2156
1887	3093
1887	3171
1887	4551
1887	5373
1891	2099
1891	3845
1891	4516
1892	4171
1893	2218
1893	2338
1893	4575
1893	4914
1894	1944
1894	2808
1894	4350
1895	4440
1896	3587
1897	2827
1897	3615
1898	2621
1898	3164
1898	3337
1898	4724
1898	5217
1899	2124
1899	2386
1899	3035
1899	4145
1899	5012
1900	1998
1900	2385
1901	2615
1903	2645
1903	3704
1904	5212
1905	1921
1905	2667
1905	4113
1906	3352
1907	5353
1908	4149
1909	4808
1909	5137
1910	2528
1910	2561
1910	4428
1910	5096
1911	3761
1911	4701
1913	3685
1913	5042
1914	4175
1914	5261
1914	5618
1915	4831
1916	5615
1917	2367
1917	4319
1918	3438
1918	5265
1918	5452
1919	2477
1919	2974
1919	3679
1919	4003
1920	4215
1920	4995
1921	1975
1921	4673
1922	2021
1922	2316
1922	4387
1922	4507
1923	3837
1923	5246
1923	5530
1925	4077
1926	2018
1926	2031
1926	5534
1926	5612
1927	1971
1927	2769
1928	1929
1928	2418
1928	3174
1928	5321
1929	3953
1929	4077
1929	5504
1930	4550
1930	5108
1930	5545
1931	4746
1932	2950
1932	3756
1933	3996
1934	2209
1934	3005
1935	4814
1936	2878
1936	3526
1937	2063
1937	2381
1937	3883
1937	5461
1938	2905
1939	3053
1939	3533
1941	2612
1941	5390
1942	2047
1942	2491
1942	4331
1943	4794
1943	5165
1944	2214
1944	3218
1944	3541
1944	4294
1944	5211
1944	5216
1945	2056
1945	2443
1945	2673
1945	4885
1945	5451
1946	3502
1946	3648
1946	3963
1946	5462
1947	4034
1947	4501
1948	4160
1949	3709
1950	5006
1952	3929
1953	1998
1953	3492
1953	4143
1954	4806
1955	2915
1955	4035
1956	2056
1956	2767
1956	3851
1957	2629
1957	3909
1957	4193
1958	5260
1958	5596
1959	5124
1960	2246
1960	5339
1961	5074
1964	1972
1965	2916
1965	3221
1965	3909
1966	2071
1966	2437
1966	2821
1966	4650
1966	5339
1967	3223
1967	4505
1968	5214
1968	5283
1968	5317
1969	2654
1969	3487
1969	3617
1969	4222
1969	4501
1969	4777
1969	5436
1970	2716
1970	2722
1970	2780
1970	3336
1970	4661
1970	5374
1971	2803
1971	2959
1974	3500
1974	3501
1974	3828
1974	5438
1976	2613
1976	5479
1979	2367
1979	2961
1979	3317
1979	3438
1979	4127
1979	5223
1980	3695
1980	4887
1981	4376
1981	5484
1982	2888
1982	4695
1983	2806
1983	4325
1983	4547
1983	4613
1984	2460
1984	4017
1985	4396
1986	3243
1986	3368
1986	3860
1987	2047
1988	2488
1989	2591
1989	3347
1989	5157
1990	5098
1991	3655
1992	3726
1993	3985
1993	4165
1993	5030
1993	5054
1994	4235
1995	2473
1995	3353
1995	3687
1995	5156
1996	2956
1996	5520
1997	4524
1997	5470
1998	3295
1999	3655
1999	3678
2000	2392
2000	2831
2000	3006
2000	3175
2000	4021
2001	3576
2001	3682
2002	2421
2002	3140
2002	3597
2003	2430
2003	3359
2003	3539
2003	5204
2004	4389
2004	5142
2004	5194
2005	4554
2005	5011
2005	5056
2006	3463
2006	3509
2007	2838
2007	4065
2008	2479
2008	4196
2008	4570
2010	2112
2010	5192
2011	5602
2012	2059
2012	2816
2012	5537
2013	2897
2014	3419
2015	4270
2015	4916
2016	2253
2016	2407
2016	3934
2016	4152
2016	4653
2016	4903
2017	2308
2018	2149
2018	4093
2018	5331
2019	2312
2019	2513
2019	3995
2020	2025
2020	4761
2021	4018
2023	5233
2024	5166
2024	5611
2025	2798
2025	3459
2025	4225
2025	4782
2026	2889
2026	4559
2027	3015
2027	3292
2027	3408
2028	3852
2028	4180
2029	2179
2029	2983
2029	3809
2029	4007
2030	2416
2030	4268
2032	4652
2033	3822
2033	4708
2034	2108
2034	4110
2036	4285
2036	4428
2037	4007
2038	2224
2038	2813
2038	3597
2038	4953
2039	2049
2039	3110
2039	3849
2039	3930
2040	4587
2041	2710
2041	2781
2042	2759
2042	3573
2043	3747
2044	3061
2044	4293
2044	4936
2045	2048
2045	3457
2046	4320
2046	4458
2047	2183
2047	3557
2047	5000
2047	5501
2048	2104
2048	4146
2048	5394
2049	3341
2049	4864
2050	2401
2050	4519
2050	5327
2051	2472
2051	3527
2052	2505
2053	2700
2054	2585
2054	3851
2055	2151
2056	2766
2056	2792
2056	2932
2057	2214
2058	2088
2058	2334
2058	3062
2058	3298
2058	4927
2060	2554
2060	2575
2060	3621
2061	2220
2061	2629
2062	2588
2062	4756
2063	3993
2063	4162
2063	4817
2064	2491
2064	4283
2064	5247
2065	2954
2065	4077
2066	2454
2066	3953
2066	4317
2068	2763
2068	2983
2068	4559
2070	2466
2070	2660
2070	3917
2070	5088
2070	5595
2071	3611
2072	3106
2073	4872
2073	5249
2074	2621
2074	3776
2074	5005
2076	2382
2076	2744
2076	5047
2077	4225
2077	4363
2077	4513
2078	4369
2078	4506
2079	2580
2079	3527
2079	4477
2079	5205
2079	5458
2080	2288
2080	3372
2080	3378
2082	2243
2082	5072
2084	2741
2084	4078
2085	2948
2085	4407
2085	5448
2086	2338
2086	3537
2086	4927
2086	5041
2087	3503
2087	4557
2087	4724
2088	3137
2088	5262
2089	3150
2089	5564
2090	3559
2090	3972
2090	4321
2091	5405
2092	2498
2092	3110
2092	3114
2092	4473
2093	3693
2093	4273
2094	2929
2095	2335
2095	4136
2095	4838
2096	2715
2096	3778
2097	3994
2098	3158
2099	5605
2101	2647
2101	5190
2101	5526
2102	2671
2102	3123
2103	2215
2103	3149
2103	3501
2103	3676
2103	3705
2103	3716
2103	5371
2104	4305
2104	4902
2104	5304
2105	3053
2105	5302
2106	3607
2106	3796
2107	3058
2107	4057
2107	4776
2107	4995
2108	2459
2108	2760
2108	4629
2108	4819
2111	3365
2111	3592
2111	4367
2111	4541
2113	2684
2113	4019
2113	4213
2114	2192
2114	4018
2115	4809
2117	3007
2117	4605
2118	3155
2118	3579
2118	4028
2118	4241
2118	5412
2119	3094
2119	4122
2119	5461
2120	2515
2120	3401
2120	3789
2120	4264
2121	3398
2121	4939
2122	2683
2122	3988
2122	4190
2122	4474
2123	3842
2124	4972
2125	2773
2126	4338
2126	5003
2127	2276
2128	3528
2129	4472
2130	5474
2131	2167
2131	4642
2132	2189
2133	2231
2134	3089
2134	5357
2135	2982
2136	2995
2136	4576
2137	2623
2137	3323
2138	4559
2138	5119
2139	2759
2139	3104
2140	3482
2141	2677
2141	2752
2141	4708
2141	5460
2143	2500
2143	2788
2143	4241
2144	3095
2147	4646
2148	3900
2148	4177
2149	4399
2149	4418
2150	3832
2150	4233
2150	4453
2150	4628
2151	3320
2153	3037
2154	2311
2154	2568
2155	3004
2155	4981
2155	5248
2156	4989
2157	4292
2158	4349
2160	2844
2160	2902
2160	4773
2161	3034
2162	3666
2162	5578
2164	2625
2164	3210
2164	4424
2165	4577
2165	4718
2166	3272
2166	4699
2166	5233
2167	4754
2167	4874
2168	2310
2168	2409
2168	3108
2170	5162
2171	2354
2171	4301
2171	5090
2171	5115
2171	5364
2172	2284
2172	4594
2172	5225
2173	2562
2173	2797
2173	4167
2173	4277
2173	4660
2174	3115
2174	4150
2175	2590
2175	5178
2176	3870
2176	5394
2177	2238
2177	3559
2178	4688
2179	2444
2180	5189
2181	2244
2181	3223
2182	2442
2182	2490
2182	3205
2182	4070
2183	4860
2184	4033
2185	4038
2186	4544
2187	2739
2188	2318
2188	5244
2189	3679
2189	4089
2189	5316
2189	5506
2190	2754
2190	2810
2190	2998
2190	3551
2190	5231
2191	4218
2191	5068
2191	5288
2192	4079
2193	2206
2193	2432
2193	2760
2193	4388
2193	4440
2194	4042
2195	3011
2196	4899
2196	5407
2197	3668
2198	3364
2198	5482
2199	3215
2200	2357
2200	2421
2200	4165
2200	5182
2201	2285
2201	2659
2201	3353
2201	5212
2202	3498
2202	4963
2203	3533
2203	4400
2204	3057
2204	4572
2204	4801
2205	4130
2207	4092
2207	5465
2209	4546
2209	4786
2210	2227
2211	2632
2211	3459
2211	4018
2211	5223
2213	2473
2213	2982
2214	3005
2214	4475
2214	4623
2214	4703
2214	5339
2215	2456
2215	4027
2216	2947
2216	4900
2217	2870
2218	2426
2218	5387
2219	2502
2220	2583
2220	2909
2220	4554
2221	2615
2221	4749
2222	2518
2222	3170
2222	4198
2222	5150
2222	5170
2224	3132
2225	3076
2225	3616
2225	4737
2226	3356
2226	3596
2227	2461
2227	2875
2227	4887
2227	5197
2228	2510
2228	2511
2228	3223
2228	4164
2228	4993
2229	3060
2229	4121
2229	4289
2229	4884
2231	3418
2232	3534
2232	3741
2232	4585
2232	4706
2232	4745
2234	2550
2234	4295
2234	4788
2236	2702
2237	2991
2237	4759
2237	5419
2238	4206
2238	5184
2240	4355
2241	3336
2241	4288
2241	5279
2242	2603
2242	3507
2242	4866
2243	3536
2243	3621
2243	4409
2243	5453
2244	4397
2244	4480
2244	5532
2245	3694
2246	2927
2246	5345
2247	2810
2248	4705
2248	4924
2250	5111
2251	2554
2251	3818
2251	4651
2251	4912
2252	2897
2252	3444
2253	3431
2253	5431
2254	4222
2255	2333
2255	4159
2255	4793
2255	5480
2256	3983
2256	5322
2256	5461
2257	2723
2257	3329
2257	4655
2258	2751
2258	4227
2260	2330
2261	2509
2261	4226
2261	5480
2262	3987
2264	4139
2265	4173
2265	5068
2266	2694
2266	3530
2266	3642
2266	5134
2267	2928
2267	4647
2267	5326
2268	2494
2268	2951
2269	4042
2270	3058
2270	3980
2270	4996
2271	4738
2271	5522
2272	3912
2272	5523
2273	2884
2273	3446
2276	4405
2277	2434
2277	3147
2277	4572
2277	5277
2278	3351
2279	4052
2279	5216
2280	3781
2280	4778
2280	5409
2281	2668
2281	3462
2281	5010
2282	4995
2282	5151
2283	3870
2283	4141
2283	4725
2283	5198
2285	4951
2285	5483
2286	3138
2287	2423
2287	3636
2287	5029
2288	2809
2288	4466
2290	5046
2290	5368
2291	3522
2291	4250
2292	2756
2292	3898
2293	2517
2294	3097
2294	3468
2295	2710
2296	2681
2296	2942
2298	2579
2298	4533
2298	5293
2299	2654
2299	3411
2299	3905
2300	2873
2300	3708
2300	4345
2301	3280
2302	3877
2302	5332
2302	5490
2304	4973
2305	5316
2306	3723
2306	5290
2306	5308
2307	3683
2307	4495
2307	4791
2308	4494
2310	3534
2310	4309
2310	4956
2311	4305
2311	4820
2312	2389
2312	3251
2314	4008
2314	4205
2314	4246
2314	5586
2315	3256
2315	3595
2316	2708
2316	4158
2316	5617
2317	4365
2317	4505
2318	3402
2320	2902
2320	3743
2321	3559
2321	4751
2322	3133
2322	3985
2323	4034
2324	3445
2324	4800
2326	3962
2326	4436
2326	4867
2326	5278
2328	2387
2328	3216
2328	4782
2329	2549
2329	3440
2329	4320
2329	5016
2329	5583
2330	3134
2330	4370
2330	5253
2332	2471
2335	3588
2335	4150
2335	5212
2336	2429
2336	3642
2336	4283
2336	4906
2337	3014
2337	4862
2338	3042
2338	3906
2340	3030
2340	3068
2340	3770
2341	2759
2341	4051
2341	4893
2342	4250
2343	3846
2344	2925
2344	5163
2344	5353
2346	3425
2346	4211
2347	5239
2348	4954
2349	3172
2349	3739
2350	4504
2350	4680
2350	5541
2351	3587
2351	4356
2351	5097
2351	5316
2352	4603
2352	5531
2353	4107
2354	3475
2355	2366
2356	2960
2356	3163
2356	4279
2357	2707
2358	4355
2358	4414
2358	4766
2359	2791
2360	4502
2361	5283
2362	2540
2362	2858
2363	3554
2363	4488
2364	2755
2364	2809
2364	5230
2365	4065
2365	4568
2366	4330
2369	2689
2369	5009
2370	2883
2370	3242
2370	3672
2370	5330
2371	2415
2372	3442
2372	4952
2373	3924
2374	2419
2374	2485
2374	3499
2375	2967
2375	5612
2376	3282
2376	5442
2377	4164
2377	5060
2378	2869
2378	3192
2378	4678
2379	3694
2379	4136
2379	4362
2380	4352
2380	5526
2381	3356
2381	3943
2381	4461
2381	5258
2383	4878
2383	4893
2383	5006
2384	2922
2384	2942
2386	4676
2387	3502
2387	3899
2387	4522
2388	3425
2388	3702
2389	3916
2389	4692
2389	5276
2389	5342
2390	3116
2391	2461
2391	2756
2391	5421
2392	2439
2392	4595
2394	2949
2395	2753
2396	2696
2396	3847
2396	5418
2397	3409
2397	4329
2398	3236
2399	3721
2399	5519
2400	4214
2400	5350
2401	4141
2403	4904
2403	5007
2404	2626
2404	3595
2405	2700
2406	3978
2406	4296
2407	2891
2407	3842
2408	3788
2409	4050
2409	4079
2409	4245
2410	5449
2411	3094
2411	5429
2413	4131
2413	5260
2414	2847
2414	4436
2414	4693
2415	4170
2415	4460
2415	5231
2417	4412
2417	4455
2417	4746
2418	4728
2419	4538
2420	5519
2421	4109
2422	4302
2423	4289
2423	5190
2424	3739
2424	4851
2425	5113
2425	5474
2427	5556
2428	4295
2428	4619
2430	2982
2430	4911
2431	4414
2431	5296
2432	3146
2432	4546
2432	4688
2433	3193
2433	3395
2433	3710
2434	2567
2434	3562
2435	4455
2436	2804
2436	5224
2437	4990
2438	3394
2438	4168
2438	4883
2439	2556
2439	5212
2439	5227
2441	3513
2441	4369
2441	4478
2442	4362
2443	2588
2443	2783
2443	3192
2443	3289
2444	3498
2445	3843
2445	5037
2446	2925
2446	3279
2446	4088
2446	4420
2446	5224
2447	5231
2448	3043
2450	3703
2450	3869
2450	3963
2451	2556
2451	2627
2451	3337
2451	4145
2452	3631
2452	4498
2452	4881
2453	3657
2453	3880
2453	4022
2454	2648
2454	2840
2454	5600
2456	3334
2456	5616
2457	3034
2457	4849
2457	5574
2458	3840
2459	2607
2459	5085
2460	3647
2461	3859
2461	3992
2462	2921
2462	2971
2462	3138
2462	3716
2463	3453
2463	5094
2463	5226
2464	5343
2465	2556
2465	3116
2465	3257
2465	4082
2465	4322
2465	4434
2466	3219
2466	3561
2466	5221
2467	2599
2467	3296
2467	3425
2467	4024
2468	2996
2468	3032
2468	3130
2468	4258
2469	2616
2469	3434
2470	4542
2471	2998
2471	4469
2472	2989
2472	4478
2472	4698
2473	3307
2473	4922
2473	5016
2473	5231
2473	5615
2474	3317
2474	4077
2475	2514
2475	4274
2475	4430
2475	4649
2475	5587
2476	5277
2477	2751
2479	4505
2479	5505
2481	2909
2481	3373
2482	3239
2488	2769
2488	4327
2489	2602
2489	3009
2489	4264
2489	4373
2489	5018
2489	5019
2489	5502
2490	3283
2490	5345
2491	3372
2491	3993
2491	5534
2493	3231
2495	5305
2496	4685
2497	4156
2498	3411
2498	4167
2498	4411
2498	4884
2498	5198
2499	4927
2500	3079
2500	3666
2500	5131
2502	5556
2503	3697
2503	4890
2504	4000
2505	3909
2505	5185
2506	3830
2506	4918
2508	3803
2510	5126
2511	3474
2511	5265
2511	5436
2512	5378
2512	5465
2513	4596
2514	4945
2514	5174
2514	5325
2515	4163
2517	3126
2517	4042
2518	2790
2518	3125
2518	3509
2519	2851
2519	4346
2519	4977
2519	5192
2521	3802
2521	4617
2522	2740
2522	2882
2522	3060
2522	3280
2522	4431
2524	5047
2525	2792
2525	3165
2526	2937
2526	4398
2528	3336
2528	4450
2529	3844
2529	4364
2529	5261
2529	5519
2529	5598
2530	5367
2530	5584
2531	3888
2531	4965
2532	4685
2533	2831
2533	4015
2533	5261
2534	2789
2534	3003
2534	5068
2535	3821
2535	4832
2537	3481
2537	3977
2537	4189
2537	5522
2539	2987
2539	3506
2539	4038
2540	3145
2540	3266
2540	3824
2541	3658
2542	4052
2542	4864
2542	4899
2542	4962
2542	5096
2543	3268
2543	3684
2544	3022
2544	5192
2545	3622
2545	3703
2546	3592
2546	5220
2547	4464
2549	4004
2549	5407
2551	2563
2552	4331
2554	3639
2554	4586
2555	5273
2556	5318
2557	4234
2558	3188
2559	3961
2559	5268
2559	5545
2560	5567
2561	4122
2561	4736
2562	3134
2562	5514
2563	2767
2563	3579
2563	4045
2564	4406
2564	4428
2564	5222
2565	2636
2565	2954
2565	4967
2566	2599
2566	5133
2567	2630
2568	3215
2568	3342
2568	5239
2569	5213
2570	4563
2571	2742
2572	3846
2573	4487
2574	2588
2574	4179
2574	4618
2574	5209
2575	3834
2576	3734
2576	5382
2577	2644
2577	2656
2577	4440
2578	3104
2578	3934
2578	5555
2579	2812
2579	3442
2579	5376
2580	3935
2580	4046
2582	3210
2582	3549
2583	4340
2583	4574
2585	3131
2585	4100
2586	2652
2587	4229
2588	3557
2588	3605
2589	2735
2589	3633
2589	4462
2589	4898
2591	3524
2591	4743
2591	5562
2592	2853
2592	3283
2592	4878
2594	3274
2594	4261
2596	3386
2596	5161
2597	2813
2597	3679
2597	3881
2597	5296
2598	2641
2598	2874
2598	3508
2598	4176
2598	4457
2599	3220
2599	4839
2600	3299
2600	4475
2601	3595
2601	3780
2601	4434
2601	4562
2602	3826
2602	5262
2603	4797
2604	2958
2604	3019
2605	3565
2605	4269
2605	4645
2607	5266
2609	4863
2610	2647
2610	3306
2610	3823
2610	4400
2611	4067
2611	5579
2612	2984
2612	4139
2614	3140
2615	4177
2616	2768
2616	3403
2616	3917
2616	4872
2616	5273
2617	4859
2618	4592
2619	5533
2620	3643
2620	3886
2621	5152
2623	4454
2627	4063
2627	4107
2627	4690
2628	3079
2628	5441
2629	3529
2629	3842
2629	4195
2629	4486
2630	2864
2630	3197
2631	4654
2632	3047
2632	3961
2632	5218
2633	2845
2634	2789
2635	3985
2635	5044
2636	3716
2637	3222
2637	5029
2638	3443
2638	3714
2639	3381
2639	5037
2640	4105
2640	5294
2641	5211
2642	5604
2644	2976
2644	3993
2644	4297
2645	5582
2647	2774
2647	2961
2648	4113
2648	5089
2649	3534
2650	2887
2651	2942
2652	4708
2653	4247
2653	4270
2654	3461
2655	3419
2656	3111
2657	4437
2657	4699
2657	5489
2658	3562
2659	4899
2659	5369
2660	2667
2660	3402
2661	5153
2662	3149
2662	3989
2662	4246
2662	4733
2662	5249
2663	2702
2663	2862
2663	3577
2664	2792
2665	4860
2666	4531
2667	4016
2667	5234
2669	3268
2669	3951
2670	4143
2670	5077
2671	3722
2671	3838
2672	3102
2672	4354
2672	5292
2673	3232
2674	3556
2674	4812
2675	3024
2675	5075
2675	5238
2676	3352
2676	3854
2676	3863
2676	4511
2677	2902
2677	3947
2679	4909
2679	5354
2680	4565
2680	5081
2681	3524
2681	4377
2683	3088
2683	3861
2684	3906
2685	3240
2685	3584
2687	4580
2688	4764
2689	4539
2690	3326
2691	3252
2692	2930
2692	4547
2693	5592
2694	3049
2694	3777
2694	5445
2695	3647
2695	4098
2695	5084
2695	5215
2697	3163
2697	4072
2699	2925
2700	4667
2700	5456
2701	3036
2701	4067
2701	4825
2702	2951
2702	2982
2702	4421
2702	5155
2703	2943
2703	3094
2703	4644
2703	4772
2704	4765
2707	5278
2708	3614
2708	3650
2708	3759
2709	2786
2709	3075
2709	3124
2709	3387
2709	5027
2710	4004
2710	4989
2710	5184
2712	3223
2712	4947
2713	3065
2713	5229
2713	5390
2713	5457
2714	3275
2714	4002
2714	4851
2715	3681
2716	3003
2716	3598
2718	3370
2718	5070
2719	2912
2719	3353
2720	3594
2720	3744
2721	2749
2721	4275
2721	5512
2722	3298
2722	5462
2722	5589
2725	3485
2725	5377
2726	3375
2726	4911
2727	3958
2727	5209
2728	2847
2728	5002
2728	5380
2729	4176
2729	4533
2729	4784
2730	2951
2731	2779
2731	3419
2731	4404
2731	4623
2732	2971
2732	3464
2732	5362
2732	5439
2733	2785
2733	4235
2733	4484
2733	5029
2735	3328
2736	4116
2737	3502
2738	5443
2740	4727
2741	5303
2742	3184
2743	3014
2744	3313
2744	4959
2745	5266
2746	2974
2746	4028
2746	4065
2746	4164
2746	4363
2747	4284
2748	4083
2748	4850
2748	4953
2749	4043
2749	5032
2750	3697
2750	5215
2752	5268
2753	4695
2754	3002
2754	3470
2755	2799
2757	3948
2757	4823
2757	5330
2758	3695
2760	3074
2761	3158
2761	3361
2762	3290
2763	2951
2763	2965
2763	3271
2763	4046
2764	2854
2764	4118
2766	2925
2766	3874
2766	5522
2767	4665
2767	5086
2768	4958
2768	5511
2769	3565
2769	3852
2769	4605
2769	4953
2770	2844
2770	3450
2771	3372
2771	3848
2771	4449
2771	4800
2772	4345
2772	4529
2773	4389
2774	2874
2774	4159
2774	4610
2775	4033
2777	4684
2777	5006
2777	5152
2778	3453
2778	3485
2779	5297
2780	3217
2780	5303
2781	4421
2782	3878
2782	4343
2783	3556
2783	3829
2783	3899
2784	3962
2784	4732
2785	4583
2786	3172
2786	3288
2786	4195
2786	4501
2787	3889
2788	3744
2789	5507
2790	4794
2791	3432
2791	3474
2791	3920
2791	4513
2792	4880
2793	3902
2793	3944
2794	3064
2794	3324
2795	3907
2796	5139
2797	4186
2798	3889
2799	4520
2799	4751
2800	2814
2801	4001
2802	3841
2802	5332
2803	4365
2805	3760
2805	4487
2806	3376
2807	3008
2807	4368
2808	4825
2811	3380
2812	3113
2812	3952
2814	3489
2815	4502
2815	4872
2816	3482
2816	3517
2817	4125
2818	3899
2818	5253
2821	3758
2822	4342
2822	4614
2822	5582
2823	3021
2823	4157
2824	3508
2825	4212
2826	4340
2826	5461
2827	3529
2827	3770
2828	4116
2828	4998
2829	5564
2830	5040
2831	3296
2832	2918
2834	4737
2835	5216
2836	3720
2836	5501
2837	3430
2839	3020
2839	4734
2840	5003
2843	3680
2845	4540
2845	4597
2846	4644
2846	4734
2846	5211
2847	4565
2848	3586
2851	3372
2851	4292
2852	3380
2852	5566
2854	5311
2855	3206
2855	3902
2856	3173
2856	4035
2856	4956
2856	5583
2858	3710
2859	3678
2859	4134
2860	4013
2860	5164
2860	5195
2860	5421
2861	3679
2861	4356
2862	3049
2862	4800
2863	3481
2863	5174
2863	5399
2864	3924
2866	5149
2867	4934
2867	5116
2868	3940
2868	4498
2869	3613
2869	4444
2870	4280
2871	3522
2872	4104
2872	4170
2873	3888
2875	3320
2876	3730
2877	4368
2878	5234
2879	3125
2879	4073
2879	4977
2880	4466
2880	4561
2881	5377
2881	5554
2883	4279
2883	5218
2884	5003
2886	3600
2887	5540
2888	3253
2888	3757
2888	4506
2889	3600
2889	4844
2889	5605
2891	3525
2892	4708
2893	3162
2893	4675
2896	4443
2897	4436
2898	3606
2898	5366
2901	5001
2901	5274
2902	3108
2904	5154
2904	5411
2905	3842
2905	4527
2905	4544
2905	4620
2906	4505
2906	4691
2907	3095
2907	4391
2907	5235
2908	4106
2908	4564
2908	4890
2909	3231
2909	4078
2910	5533
2911	4243
2914	4969
2914	5039
2915	3222
2916	5317
2917	2988
2917	5077
2919	3114
2919	4423
2921	5271
2922	3157
2922	3726
2924	4909
2924	5190
2925	3442
2927	3487
2927	3514
2927	3760
2928	5114
2929	3092
2929	4535
2930	3411
2930	3789
2931	4456
2931	4629
2933	3492
2933	3687
2933	4463
2934	3819
2934	5010
2934	5041
2935	4549
2935	5226
2936	3737
2936	5213
2939	3603
2941	3578
2941	3801
2941	3833
2941	4713
2942	4599
2942	4976
2943	4662
2945	4578
2946	5043
2947	4521
2948	3137
2948	3784
2948	5026
2948	5044
2949	3567
2949	3982
2949	4123
2950	3284
2952	3298
2952	4495
2952	4833
2952	5120
2952	5305
2953	5196
2953	5305
2954	3229
2954	3761
2954	4327
2955	3168
2955	4180
2955	5475
2956	3388
2956	5186
2957	3219
2957	4063
2958	4733
2959	3667
2959	4898
2959	5134
2960	4105
2960	4144
2962	3266
2962	3961
2964	4044
2964	4234
2965	3299
2965	4658
2966	3009
2966	3754
2967	3132
2967	3612
2967	3728
2968	4741
2968	4813
2970	3024
2971	4194
2972	4077
2972	4418
2972	5229
2973	4526
2973	5178
2974	4129
2974	4691
2975	4331
2975	4558
2976	3847
2976	3988
2976	4158
2976	5015
2977	3796
2977	4488
2977	4925
2977	4963
2977	5274
2978	4777
2978	5118
2979	3017
2979	3851
2979	3953
2979	4156
2980	3805
2981	4347
2982	4880
2984	3116
2984	5032
2986	2988
2987	3105
2987	3333
2987	4655
2990	3079
2990	4568
2990	5590
2991	4438
2991	4744
2993	4546
2995	4368
2995	4409
2997	3354
2998	3296
2998	4838
2998	5329
2999	4265
3000	4109
3002	3392
3005	5435
3007	3508
3007	4035
3007	5386
3008	3290
3008	4714
3009	3886
3009	4826
3011	4747
3011	5099
3013	5253
3014	3361
3014	5030
3015	4281
3016	4226
3017	3126
3017	3252
3019	4981
3020	3859
3021	4069
3021	4652
3022	4340
3022	4787
3022	5015
3022	5020
3022	5072
3024	3732
3024	4199
3024	5087
3025	3909
3025	5171
3026	3240
3027	3603
3027	4088
3028	4964
3029	3384
3030	5426
3033	3141
3034	3461
3034	4304
3034	4421
3034	4656
3035	3069
3035	3646
3035	4079
3036	4343
3036	4476
3038	4134
3038	4327
3039	3129
3039	3300
3042	4936
3042	5000
3042	5323
3044	3319
3044	4988
3046	3645
3046	4825
3047	5091
3049	5490
3050	3920
3050	5574
3051	4930
3051	5367
3052	5263
3053	3485
3053	3791
3054	3159
3054	3727
3055	3122
3055	4156
3055	4368
3056	3207
3056	3977
3056	4909
3057	4192
3060	3625
3060	4519
3062	4149
3062	4286
3062	4360
3062	5568
3063	4010
3063	5128
3064	4610
3065	4207
3065	4242
3065	4437
3066	4703
3069	4017
3069	4819
3070	3696
3070	5147
3071	3721
3071	4445
3072	4396
3073	4033
3074	5098
3077	5011
3079	5024
3080	3143
3080	4453
3081	4630
3083	4161
3083	4594
3084	5407
3085	4608
3086	4484
3086	5557
3087	3602
3088	3126
3089	3807
3089	5447
3089	5565
3090	3348
3090	3884
3092	4145
3092	4721
3092	5399
3092	5421
3093	5419
3093	5504
3095	4066
3095	4772
3096	4915
3097	4454
3098	3711
3098	3911
3099	4834
3099	5018
3100	4214
3100	5322
3101	4035
3102	5598
3103	4514
3103	4896
3104	3453
3104	5102
3105	3325
3108	3305
3108	4971
3111	4042
3111	4945
3112	3316
3112	3984
3113	3351
3113	4829
3114	3372
3114	5291
3115	4095
3116	3346
3116	3622
3116	5303
3117	4321
3117	4330
3118	3129
3118	5543
3119	3348
3119	3962
3120	3315
3120	4159
3120	4172
3120	4211
3120	4869
3121	5032
3122	3840
3122	4852
3122	5098
3123	5455
3125	3317
3131	5044
3131	5180
3132	3600
3133	3331
3133	4679
3134	4139
3134	4433
3135	3238
3135	3578
3135	4613
3135	4890
3136	4281
3137	4648
3137	4878
3137	5471
3137	5568
3138	4104
3138	4225
3139	3298
3139	3380
3140	4807
3140	5283
3140	5311
3140	5490
3142	3580
3143	5025
3144	4113
3145	3165
3145	3461
3145	4264
3145	5101
3146	3435
3146	4687
3146	4725
3146	5023
3146	5418
3147	4199
3148	3918
3148	4457
3148	5271
3150	3267
3151	5507
3153	3822
3156	5229
3156	5529
3157	3643
3157	4245
3158	3291
3159	4829
3160	3378
3160	3410
3160	4912
3161	3864
3161	4735
3161	5284
3165	4210
3168	3361
3168	5391
3171	3447
3171	3741
3171	4479
3174	3992
3176	4047
3176	4160
3178	3367
3178	4207
3178	4421
3178	4577
3180	4036
3180	5366
3181	3892
3182	4967
3183	3214
3183	5470
3184	4122
3184	4871
3186	4316
3186	5094
3186	5273
3187	3818
3187	4910
3187	5305
3187	5521
3189	4719
3189	5211
3190	4123
3190	4188
3190	4971
3192	4436
3192	4624
3193	3527
3195	3856
3196	4033
3197	3675
3197	4870
3198	3363
3198	3980
3198	4973
3199	3862
3199	5038
3199	5143
3200	3844
3201	3755
3201	4031
3201	4281
3202	3265
3202	3956
3203	4864
3203	5616
3204	3418
3204	4006
3204	5008
3205	3327
3205	3770
3205	4344
3207	5420
3207	5590
3208	3785
3208	5457
3209	5040
3209	5567
3210	3314
3212	3378
3212	5591
3213	3391
3213	3473
3213	4734
3215	5212
3217	4200
3217	5536
3218	3593
3219	4580
3219	4868
3219	4890
3220	4487
3223	3847
3223	4359
3224	3336
3227	3636
3227	3762
3227	3993
3228	3340
3228	3687
3229	3255
3229	4065
3229	4312
3229	4638
3229	4819
3230	5015
3230	5092
3231	5563
3232	5184
3234	3857
3234	4338
3236	4569
3236	5579
3237	4012
3237	4574
3238	3320
3240	4822
3240	4866
3240	5508
3241	4554
3242	3858
3242	5372
3244	3774
3244	5549
3246	4824
3247	3989
3247	4491
3250	5141
3252	3890
3252	4205
3255	4671
3256	5250
3258	4142
3259	4167
3259	5193
3259	5552
3260	4065
3264	3323
3264	5299
3266	4297
3266	4303
3266	5506
3267	3507
3267	4524
3267	4917
3273	3705
3274	3671
3275	4334
3277	5272
3279	3342
3279	4888
3279	5568
3280	4578
3280	5104
3281	3946
3282	3286
3283	3562
3283	4428
3284	3297
3284	3466
3284	3898
3285	3748
3285	3794
3287	3517
3287	3735
3289	5292
3289	5335
3289	5509
3290	4397
3290	5392
3290	5604
3291	3654
3291	4278
3292	3423
3293	4352
3295	4178
3295	5139
3297	3642
3298	3583
3298	5262
3300	4925
3301	4779
3305	4405
3305	5071
3306	5376
3308	5453
3309	5409
3310	3917
3310	4340
3311	3941
3311	4672
3312	5047
3312	5242
3313	4485
3313	5258
3315	4035
3316	3829
3317	3523
3317	3931
3317	4253
3317	4331
3318	3962
3318	4702
3319	4052
3319	5023
3319	5183
3321	4912
3322	4013
3323	4281
3323	4488
3323	4877
3325	5275
3326	4544
3328	3942
3329	5495
3331	3907
3331	5199
3332	3737
3332	4063
3332	4690
3332	5058
3334	4308
3335	4151
3336	4045
3337	5380
3338	4151
3338	4328
3339	3810
3339	4743
3342	5539
3343	4948
3344	4087
3345	4088
3345	5575
3346	4148
3346	4590
3347	3855
3347	5417
3348	4552
3350	5353
3351	5023
3353	4805
3355	5294
3355	5353
3356	3597
3356	5274
3358	4115
3360	3621
3360	4277
3360	5076
3361	4460
3361	5585
3362	4442
3363	4129
3364	4446
3364	5203
3365	5611
3366	3614
3366	4167
3366	4440
3366	4636
3366	4804
3366	5089
3366	5231
3368	3558
3370	4624
3370	5129
3370	5394
3373	4703
3373	4740
3375	5111
3376	3786
3376	5066
3376	5590
3377	5344
3378	3746
3378	4060
3379	3582
3380	4645
3381	3986
3381	4030
3381	4429
3383	4845
3384	3878
3385	3704
3386	5109
3388	3538
3388	4356
3388	4492
3389	4188
3389	4676
3389	5061
3389	5317
3390	4265
3394	4733
3395	5337
3397	3427
3399	3964
3400	5556
3401	4482
3402	3515
3402	3879
3404	3816
3404	3910
3404	4272
3404	5266
3406	5176
3407	4591
3408	5472
3412	3417
3412	4367
3412	5567
3413	3821
3415	5344
3416	4369
3421	3447
3421	5560
3422	4036
3422	4469
3422	5259
3423	5036
3423	5551
3424	5581
3426	3971
3427	5027
3428	3646
3429	3865
3430	3638
3430	5612
3431	3832
3431	5315
3433	3779
3433	5487
3434	4911
3436	3986
3437	5289
3438	3455
3438	4331
3438	4408
3439	3643
3439	3937
3440	3611
3440	3719
3440	3799
3441	4823
3442	4542
3443	3780
3443	4585
3444	4831
3444	4904
3445	3491
3445	4650
3445	5413
3446	4349
3446	4841
3447	5171
3449	4746
3450	3470
3450	3829
3451	5278
3453	4501
3454	5011
3455	5363
3457	4423
3458	4339
3460	5341
3462	4574
3464	3879
3464	4432
3467	4814
3468	5436
3469	3524
3469	4398
3470	3938
3472	3738
3472	3867
3472	4489
3473	3815
3473	4777
3473	5035
3474	4043
3474	5495
3475	4830
3477	3772
3477	4733
3477	5264
3478	3988
3479	4802
3481	3886
3482	3542
3482	3804
3482	4304
3482	4356
3484	4756
3486	3596
3486	5542
3487	3844
3490	4189
3490	5493
3491	4388
3492	4363
3492	4583
3492	5116
3493	3526
3494	5603
3495	5198
3497	4647
3497	5515
3500	4461
3501	4821
3501	4891
3506	5323
3507	3740
3507	4026
3507	5205
3508	4366
3508	5028
3509	4698
3512	3560
3513	5257
3514	3541
3514	4138
3514	4387
3514	4950
3514	5390
3515	4351
3517	5315
3518	4913
3519	3881
3519	4143
3519	4984
3520	4721
3520	5057
3520	5589
3521	3996
3521	5188
3522	5488
3523	5378
3524	4388
3525	5136
3525	5435
3526	4261
3529	4717
3530	5255
3531	3850
3532	5328
3533	3539
3533	3612
3533	4425
3534	3994
3535	4541
3536	5564
3536	5611
3537	3602
3537	5116
3538	3658
3540	4500
3541	4115
3542	4836
3542	5135
3542	5393
3543	4186
3543	4746
3543	5311
3544	4999
3544	5328
3545	3770
3545	4374
3545	4975
3547	5246
3548	3631
3548	4679
3549	4330
3549	5168
3550	5398
3550	5605
3553	3654
3555	4299
3562	4098
3563	4686
3563	5061
3563	5309
3565	4732
3566	4043
3567	4140
3569	3623
3569	3722
3570	3850
3570	4363
3570	4635
3571	4520
3571	5513
3571	5567
3572	4439
3573	4289
3575	5049
3576	4933
3577	5548
3578	4434
3580	3885
3580	4026
3580	4659
3580	5213
3583	3976
3585	5587
3586	4951
3586	4954
3587	3706
3590	3591
3590	3816
3590	5581
3592	5111
3594	3969
3594	5375
3595	4297
3595	4490
3596	4766
3598	4886
3598	5555
3599	3973
3599	4124
3599	5596
3601	4205
3602	4603
3603	5108
3604	4419
3605	3807
3605	4775
3606	5426
3608	4123
3611	3967
3613	4765
3614	3822
3617	4481
3618	3815
3618	4338
3619	4295
3621	4602
3624	3757
3624	3912
3626	3752
3628	4283
3628	5268
3629	4606
3629	5352
3631	5346
3632	3974
3634	3895
3635	5588
3636	4256
3636	4469
3636	5481
3637	4132
3638	4121
3639	3763
3639	4762
3641	3837
3641	3856
3641	5421
3642	4338
3642	4381
3642	5062
3642	5313
3644	4375
3644	4833
3648	3691
3648	4431
3648	4615
3648	4624
3648	4840
3649	5322
3650	4642
3652	4140
3653	4788
3653	5356
3654	4667
3655	4806
3656	4787
3657	4181
3660	5569
3661	5383
3662	5453
3663	4078
3663	4241
3663	4343
3663	5044
3663	5357
3667	3954
3667	4251
3667	4314
3667	4328
3667	4344
3667	4768
3667	5000
3668	4273
3669	5157
3670	4054
3671	3828
3673	4221
3673	5037
3674	4108
3675	3834
3675	3884
3676	5286
3677	4403
3678	3907
3679	5216
3680	5111
3681	4209
3683	4069
3685	3877
3685	4704
3687	5552
3689	4541
3689	4625
3690	3969
3691	4740
3692	4095
3693	4118
3694	4288
3695	4808
3696	4216
3696	4315
3696	4507
3697	4657
3697	4843
3697	5248
3698	3770
3698	5464
3699	3888
3699	4948
3701	4319
3701	4606
3704	4503
3709	5312
3709	5448
3710	4157
3710	4733
3710	5461
3711	3854
3711	3929
3711	4080
3712	3933
3712	4159
3712	4405
3712	4774
3713	5610
3714	3864
3714	4714
3714	4756
3715	5125
3715	5209
3717	4474
3717	4896
3718	4719
3718	5401
3719	4391
3719	4963
3720	4628
3722	4059
3722	4062
3723	4391
3723	5027
3726	4904
3727	4902
3727	5596
3729	4385
3729	4801
3733	4685
3734	4285
3736	4570
3737	4295
3738	4293
3742	5372
3743	4769
3744	4410
3744	4955
3745	4301
3748	3860
3749	4640
3749	4731
3750	4405
3755	3836
3755	4197
3756	4479
3757	4752
3760	4811
3761	4405
3761	4528
3763	3869
3763	4300
3764	4079
3766	4510
3766	5140
3767	3959
3769	4602
3769	5464
3770	4558
3771	4431
3771	5512
3772	4850
3772	5253
3773	5551
3775	5241
3775	5442
3775	5461
3777	3919
3778	4736
3779	4180
3779	4270
3780	4021
3780	4505
3781	3995
3781	4838
3781	4978
3783	4131
3784	4055
3784	5230
3784	5533
3785	3949
3785	4958
3786	4845
3786	4863
3787	5006
3787	5299
3788	4400
3790	4133
3790	4275
3790	4833
3790	4852
3793	4088
3793	4535
3793	5135
3794	4539
3794	4783
3794	5289
3795	5224
3796	4279
3796	4404
3796	4707
3797	5033
3800	4733
3802	4625
3802	5243
3802	5463
3803	5381
3804	3984
3804	4431
3804	5144
3807	3975
3808	3912
3809	5095
3811	4050
3811	4108
3811	5043
3814	4946
3815	4662
3815	5361
3816	4424
3816	4919
3816	5478
3817	4423
3817	4613
3819	5319
3820	4800
3824	4048
3824	4670
3825	4752
3826	4271
3826	4298
3828	5487
3830	5107
3830	5345
3831	4055
3831	4799
3831	4907
3832	3938
3832	4568
3834	4641
3834	4818
3834	5589
3835	4868
3839	3953
3839	4870
3840	5467
3844	4038
3847	4278
3848	5231
3850	3996
3850	4828
3851	3903
3851	4717
3853	4260
3855	4790
3859	4554
3859	5008
3860	3977
3860	4073
3860	5267
3861	4648
3865	3989
3865	5033
3866	4659
3868	4762
3870	3895
3870	4390
3870	5431
3871	3887
3871	5573
3872	5083
3873	4327
3873	4434
3874	5041
3874	5608
3875	4784
3876	4077
3876	4932
3876	5058
3878	4649
3879	3973
3880	4608
3881	4964
3882	5476
3883	4668
3884	4610
3884	4965
3886	5086
3888	4046
3891	4958
3893	5522
3894	4793
3895	4377
3895	4383
3896	3908
3896	4035
3896	4838
3897	4421
3898	5168
3898	5184
3899	4813
3901	4887
3902	4471
3902	4635
3903	4238
3903	4893
3906	4951
3907	5346
3908	4408
3908	5422
3909	5468
3911	5110
3912	5426
3915	3927
3916	5514
3919	4411
3919	4520
3920	5241
3921	4297
3922	4889
3923	4702
3923	5003
3923	5412
3925	4359
3925	4386
3926	5245
3926	5377
3928	5482
3930	4959
3931	4069
3931	4464
3931	5392
3932	5326
3933	4116
3933	4621
3933	4815
3934	5217
3935	4898
3937	4551
3937	4992
3938	5445
3938	5536
3942	3957
3943	4172
3944	4293
3944	4770
3945	4240
3946	4824
3946	5578
3946	5599
3946	5603
3949	4695
3950	4471
3953	4575
3954	5061
3954	5130
3956	5530
3957	5195
3958	4028
3958	4455
3959	4084
3959	4125
3960	4051
3960	4728
3960	5005
3961	5014
3962	4956
3968	5229
3969	5438
3969	5568
3969	5595
3970	4905
3970	5132
3972	5609
3973	4883
3973	5081
3976	4815
3976	5011
3976	5196
3980	5246
3981	4557
3982	4664
3984	4297
3984	4780
3985	4731
3986	5126
3988	5001
3991	4585
3991	5409
3994	4269
3994	4704
3994	5426
3994	5528
3997	4408
3998	5092
3999	4125
3999	4173
3999	4655
4000	5590
4001	4531
4004	4233
4004	5164
4005	4982
4006	5320
4007	4417
4009	4539
4010	4840
4018	5582
4019	4116
4019	4847
4020	4054
4020	5551
4022	4079
4022	4668
4023	4322
4024	4251
4024	5231
4025	4951
4028	5055
4029	4671
4030	4563
4032	4086
4033	4414
4036	4884
4037	4417
4039	4643
4039	4987
4040	4940
4041	4524
4042	5318
4044	4683
4044	5396
4045	4182
4046	4227
4047	4219
4047	4821
4047	5477
4048	5030
4048	5569
4050	5164
4051	4138
4051	4329
4052	4230
4053	4824
4054	4535
4056	5279
4059	4815
4059	5005
4061	4758
4061	5185
4062	4146
4065	5017
4065	5528
4066	4452
4066	5316
4067	4292
4067	5134
4068	4114
4068	5320
4073	4116
4074	4295
4074	4417
4074	4559
4075	4182
4075	4723
4076	5124
4077	4091
4077	4963
4077	5613
4080	4302
4080	5432
4082	4273
4082	5073
4084	5359
4085	4279
4088	4716
4088	4769
4089	4570
4090	4301
4090	4405
4092	4570
4092	5560
4093	4193
4095	5004
4098	4766
4102	4749
4102	5249
4104	5552
4106	4977
4110	4493
4112	5318
4113	5134
4114	5009
4114	5599
4115	4272
4118	5324
4119	5546
4121	4993
4125	4609
4125	5250
4125	5542
4126	4518
4128	4968
4129	4568
4131	4848
4131	5524
4133	4553
4134	4573
4135	5154
4136	4889
4136	5342
4137	4568
4137	4708
4138	4545
4140	4489
4141	5055
4144	4686
4146	5370
4147	4270
4147	4654
4147	5038
4150	4510
4150	5200
4151	4535
4152	4947
4152	5546
4153	5041
4155	4528
4157	5454
4158	4279
4160	4216
4162	4197
4163	4470
4166	4173
4167	4909
4167	5386
4169	5553
4172	5108
4173	5495
4174	4454
4174	4804
4176	4871
4177	4554
4177	4998
4180	5384
4181	4924
4182	4805
4183	4470
4184	4801
4184	5076
4185	5079
4187	4263
4187	4461
4188	4764
4189	5143
4190	4826
4190	4865
4190	4938
4193	4892
4194	4506
4194	5327
4197	5129
4198	4661
4199	4200
4199	4224
4199	4772
4201	4397
4201	4778
4202	4409
4206	5250
4206	5525
4207	4521
4207	4676
4210	5381
4212	4901
4218	5177
4218	5327
4219	5081
4220	4717
4220	5562
4221	4981
4223	4662
4224	5485
4226	4529
4226	5572
4231	4419
4232	5360
4233	4762
4234	4756
4234	4977
4235	5606
4237	4493
4238	5552
4240	5374
4241	5362
4242	4307
4243	5112
4246	4771
4246	5021
4248	4681
4251	4799
4251	5329
4253	5116
4256	4835
4258	4434
4261	4581
4263	5472
4264	5019
4266	5316
4266	5442
4267	4514
4271	4774
4273	4325
4276	5040
4276	5179
4276	5253
4280	4882
4280	5378
4284	4294
4284	4851
4284	5522
4288	4361
4290	5316
4290	5325
4291	5372
4293	4687
4294	5430
4295	4970
4295	5090
4296	4328
4296	4419
4296	5114
4298	5090
4299	5062
4300	4415
4303	4589
4303	4753
4303	5557
4304	5116
4307	4811
4310	4437
4310	5448
4314	4316
4314	4733
4316	5589
4317	4525
4322	5459
4325	4860
4325	4862
4325	5057
4325	5465
4328	4350
4328	4810
4329	5077
4331	4805
4331	4866
4331	5271
4333	4380
4336	5045
4336	5593
4337	4694
4337	4988
4337	5259
4340	5066
4341	4781
4342	5013
4342	5193
4343	4731
4343	4799
4344	4641
4346	5297
4348	4438
4349	5126
4354	4546
4354	4552
4355	5048
4356	5374
4357	4784
4357	5232
4361	5391
4364	5419
4365	5404
4365	5414
4367	4778
4369	5300
4370	4694
4373	5043
4374	4860
4375	4500
4375	5234
4379	5253
4381	4827
4381	4932
4382	4701
4382	5568
4382	5592
4384	5317
4385	4562
4385	5160
4385	5556
4387	4779
4388	5310
4390	5279
4393	5297
4393	5591
4394	4410
4394	4556
4394	4560
4397	4790
4397	5325
4398	4942
4399	5318
4399	5334
4403	4714
4405	5577
4412	5388
4414	5405
4415	5085
4418	4479
4419	4603
4421	4603
4421	5228
4424	4618
4425	5294
4431	5493
4432	4444
4432	4968
4432	5287
4432	5432
4432	5566
4433	4776
4433	5165
4434	5527
4435	5092
4435	5301
4436	4659
4438	5406
4439	4771
4444	4855
4445	5439
4448	4596
4448	4646
4449	4684
4449	5105
4449	5227
4450	4682
4450	5378
4455	5090
4458	5226
4459	4983
4459	5039
4459	5190
4461	5373
4464	4997
4465	5139
4466	5395
4471	5269
4472	4897
4474	4857
4475	5576
4476	4624
4476	4747
4477	5208
4480	5559
4481	5210
4481	5245
4485	5568
4485	5577
4487	5086
4487	5199
4487	5436
4488	5307
4489	5603
4494	5352
4495	4622
4495	5296
4496	5335
4497	4995
4497	5442
4498	5500
4499	5380
4499	5599
4503	4527
4505	5022
4506	4713
4506	4736
4507	4568
4514	4986
4518	5368
4521	5600
4522	4807
4522	4940
4523	4663
4523	5492
4524	4875
4526	5024
4526	5033
4527	4634
4528	5436
4531	5104
4533	4816
4539	5060
4539	5066
4543	5110
4544	4955
4547	4733
4548	4645
4551	4656
4551	4693
4552	5331
4552	5526
4553	5580
4554	5480
4554	5498
4556	5532
4558	4875
4559	4752
4561	5600
4564	4825
4565	5280
4565	5545
4566	4921
4566	5005
4567	4891
4570	4873
4571	5257
4572	5301
4576	5367
4576	5417
4579	5160
4582	4831
4582	5039
4582	5454
4589	5120
4592	4959
4594	4878
4596	4702
4597	5189
4597	5424
4599	4823
4602	4821
4602	4974
4604	5340
4605	5132
4606	5073
4611	5487
4613	5307
4615	4856
4616	5613
4624	5253
4625	4757
4625	5448
4625	5472
4627	5406
4629	5185
4630	4812
4635	5523
4642	4781
4644	4787
4647	5004
4648	5501
4649	5597
4650	4978
4650	5249
4651	4857
4652	4667
4652	4996
4653	4811
4655	5542
4657	4751
4657	5078
4658	4902
4664	5123
4666	5002
4666	5114
4669	5076
4677	5200
4680	5074
4681	5015
4683	4803
4683	4987
4684	4899
4688	5344
4688	5570
4689	4732
4691	5022
4695	4747
4696	4838
4696	4852
4697	4739
4698	4833
4698	4873
4698	5008
4698	5020
4698	5302
4699	5462
4701	5186
4704	5028
4704	5079
4708	5554
4710	4722
4710	5614
4712	5330
4717	5073
4719	5048
4721	4946
4722	5062
4727	4968
4730	5594
4731	5197
4739	4954
4742	5294
4745	4974
4746	5494
4751	4778
4752	4966
4752	5591
4755	5359
4756	5287
4757	4889
4757	5342
4760	5028
4760	5057
4763	4945
4763	4954
4765	5308
4777	4876
4779	5059
4781	5138
4784	5253
4786	4979
4787	5577
4789	5398
4791	5033
4791	5279
4793	5488
4803	5069
4805	5618
4809	4862
4810	4870
4810	5352
4812	4814
4812	5098
4812	5269
4814	4984
4814	5468
4815	4990
4817	5084
4817	5429
4818	5569
4821	5385
4822	5353
4822	5468
4823	4893
4828	5453
4833	5114
4837	5554
4840	5459
4846	5172
4849	5532
4851	5488
4852	5200
4852	5378
4857	5099
4858	5343
4867	4959
4869	4938
4869	5296
4869	5401
4869	5520
4871	5399
4872	5528
4874	5116
4875	5500
4877	5082
4878	5000
4879	5567
4883	5039
4884	5253
4885	4926
4885	5363
4889	5016
4889	5299
4891	5458
4896	5177
4899	4910
4904	5144
4906	5160
4908	5406
4913	4972
4913	5195
4916	5611
4919	5531
4929	5363
4934	5038
4936	5118
4936	5530
4937	5591
4938	5453
4938	5535
4940	5135
4941	4947
4941	4991
4946	5399
4949	5171
4950	5010
4952	5571
4953	5238
4953	5386
4956	5557
4957	5524
4958	5112
4961	5207
4967	5615
4968	5065
4969	5435
4971	5134
4974	5491
4984	5205
4992	5377
4994	5464
4997	5034
5010	5190
5015	5213
5015	5280
5015	5343
5016	5211
5017	5390
5022	5274
5024	5455
5025	5102
5025	5272
5025	5424
5026	5575
5030	5511
5031	5234
5032	5095
5034	5094
5039	5276
5048	5330
5053	5600
5055	5401
5055	5564
5063	5303
5065	5278
5066	5271
5067	5561
5077	5115
5077	5406
5079	5569
5085	5414
5087	5118
5096	5350
5098	5222
5103	5215
5107	5200
5110	5161
5113	5616
5115	5419
5119	5244
5121	5385
5123	5188
5127	5298
5129	5422
5129	5502
5134	5466
5136	5614
5156	5421
5156	5575
5159	5471
5167	5311
5167	5482
5169	5589
5175	5367
5175	5469
5176	5367
5178	5287
5179	5249
5183	5291
5187	5582
5188	5569
5193	5501
5197	5551
5198	5498
5202	5585
5203	5298
5206	5523
5208	5246
5209	5426
5210	5414
5216	5563
5218	5540
5223	5262
5223	5359
5225	5389
5229	5550
5236	5420
5238	5419
5252	5267
5252	5490
5254	5451
5260	5318
5264	5598
5278	5318
5292	5588
5301	5462
5303	5320
5303	5435
5303	5493
5308	5617
5311	5615
5320	5605
5325	5361
5335	5553
5346	5549
5347	5452
5351	5378
5354	5379
5366	5616
5377	5451
5378	5454
5379	5586
5383	5461
5386	5510
5391	5559
5392	5546
5401	5566
5440	5619
5454	5542
5463	5494
5470	5499
5471	5577
5483	5571
5484	5501
5514	5585
5544	5579
5547	5573
