# Undirected graph (each unordered pair of nodes is saved once): Random1991Nodes5939.txt
# Nodes: 1991 Edges: 5939
# NodeId	NodeId
0	182
0	351
0	639
0	780
0	873
0	1346
0	1585
0	1634
0	1849
1	57
1	89
1	648
1	960
1	1137
1	1182
1	1983
2	507
2	1195
2	1201
2	1315
2	1721
2	1827
2	1836
3	158
3	271
3	390
3	768
3	1094
3	1273
3	1513
3	1545
3	1794
3	1883
4	124
4	346
4	590
4	608
4	698
4	956
5	257
5	344
5	1123
5	1530
6	337
6	349
6	404
6	444
6	449
6	915
6	1413
7	542
7	1237
7	1308
7	1490
7	1510
7	1774
7	1924
8	881
8	989
8	1455
8	1501
8	1574
8	1805
9	375
9	635
10	98
10	656
10	966
10	1204
10	1288
11	190
11	510
11	695
11	949
11	1190
11	1418
11	1535
11	1591
12	30
12	82
12	148
12	223
12	317
12	631
12	650
12	1033
12	1140
12	1170
12	1280
13	14
13	1185
13	1505
13	1642
13	1666
13	1841
14	41
14	395
14	565
14	1621
14	1638
14	1844
15	253
15	334
15	492
15	686
15	825
15	1534
15	1624
15	1651
16	77
16	362
16	510
16	960
16	1056
16	1126
16	1130
16	1718
17	216
17	346
17	636
17	656
17	1101
17	1502
17	1514
18	724
18	1066
18	1535
18	1600
18	1843
19	948
19	1573
20	245
20	473
20	589
20	881
20	932
20	1373
20	1501
20	1723
21	89
21	334
21	366
21	412
21	645
21	818
21	1518
21	1727
22	293
22	435
22	544
22	1264
22	1371
22	1372
22	1685
23	965
23	992
23	997
23	1135
23	1222
23	1809
24	29
24	37
24	556
24	750
24	1380
24	1778
24	1858
25	198
25	222
25	973
25	1206
25	1255
25	1793
26	239
26	544
26	716
26	1729
26	1775
27	1462
27	1812
28	724
28	797
28	1224
28	1482
29	140
29	155
29	1008
29	1873
29	1931
30	900
30	948
30	988
30	1015
30	1075
30	1129
30	1938
31	201
31	830
31	1022
31	1433
31	1524
31	1842
31	1971
32	121
32	352
32	1203
32	1294
32	1376
32	1798
33	150
33	858
33	1058
33	1156
33	1268
33	1429
33	1622
34	313
34	340
34	432
34	860
34	1291
34	1398
34	1451
34	1508
35	282
35	521
35	576
35	983
35	1054
35	1272
35	1393
35	1536
35	1777
35	1790
36	585
36	655
36	679
36	1049
36	1190
36	1558
37	273
37	388
37	809
37	976
37	1499
37	1529
37	1721
37	1986
38	377
38	644
39	94
39	135
39	382
39	1752
39	1870
39	1970
40	423
40	590
40	657
40	1193
40	1400
40	1500
40	1951
41	280
41	796
41	1675
42	79
42	937
42	960
42	1048
42	1053
42	1088
42	1188
42	1222
42	1273
42	1770
43	1088
43	1145
44	267
44	504
44	1137
44	1163
44	1284
44	1482
44	1922
45	139
45	636
46	417
46	1201
46	1976
47	190
47	558
47	687
47	765
47	972
47	1327
47	1436
48	734
48	828
48	877
48	949
48	1031
48	1684
48	1943
49	311
49	894
49	1198
50	618
50	751
50	916
50	954
50	1308
50	1414
50	1864
51	521
51	680
51	1518
52	594
52	616
52	1162
52	1367
52	1922
53	387
53	390
53	544
53	714
53	1026
53	1062
53	1096
54	217
54	505
54	715
54	792
54	1661
54	1763
54	1782
54	1876
55	139
55	446
55	565
55	809
55	829
55	842
55	1320
55	1498
56	417
56	908
56	1127
56	1388
56	1816
56	1865
56	1919
56	1928
57	617
57	967
57	1017
57	1775
58	95
58	725
58	1204
58	1242
58	1390
58	1653
59	216
59	316
59	472
59	835
59	1542
59	1739
59	1976
60	390
60	997
60	1437
60	1892
61	227
61	761
61	841
61	1153
61	1369
61	1818
62	104
62	140
62	571
62	703
62	860
62	916
62	1446
62	1549
63	117
63	305
63	565
63	731
63	891
63	967
63	1403
64	124
64	463
64	567
64	1294
65	158
65	517
65	584
65	1265
65	1581
66	236
66	515
66	544
66	918
66	1102
66	1824
66	1830
67	354
67	974
67	1745
68	1034
68	1085
68	1122
68	1406
68	1687
68	1945
69	231
69	254
69	1000
69	1484
70	113
70	440
70	523
70	802
70	921
70	1323
71	1594
71	1944
72	1549
72	1933
72	1966
73	174
73	378
73	550
73	1047
73	1416
74	571
74	783
74	1142
74	1340
74	1384
74	1418
74	1704
75	389
75	793
75	872
75	913
75	1152
75	1467
76	862
76	1078
77	275
77	647
77	740
77	829
77	1343
77	1933
78	300
78	545
78	1310
79	495
79	746
79	909
79	975
79	1094
79	1724
79	1852
80	198
80	201
80	319
80	754
80	772
80	803
80	1944
81	190
81	339
81	416
81	515
81	1173
81	1265
81	1329
81	1331
81	1484
81	1595
82	167
82	495
82	531
82	599
82	693
82	1382
83	164
83	191
83	1030
83	1111
84	125
84	322
84	329
84	806
84	1099
84	1476
84	1541
85	91
85	597
85	773
85	1303
85	1495
85	1867
86	1073
86	1561
86	1646
87	293
87	582
87	785
87	788
87	931
87	1112
87	1178
88	193
88	224
88	613
88	617
88	1277
88	1797
88	1928
89	101
89	164
89	203
89	635
89	1034
89	1073
89	1424
89	1459
90	389
90	486
90	1598
90	1767
91	106
91	310
91	871
91	904
91	1543
91	1807
92	897
92	1553
92	1686
93	852
93	1015
93	1333
94	296
94	398
94	1754
94	1862
95	1376
95	1583
95	1619
95	1664
95	1716
96	188
96	249
96	623
96	633
96	1087
96	1363
96	1573
96	1831
97	707
97	945
97	1556
98	468
98	705
98	1119
98	1227
98	1446
98	1661
98	1889
98	1921
98	1957
99	256
99	277
99	902
99	929
99	1717
99	1961
100	613
100	777
100	1409
101	887
101	900
101	945
101	1046
101	1989
102	918
102	941
102	1181
102	1306
102	1876
103	310
103	491
103	496
103	1411
103	1459
103	1759
103	1857
103	1990
104	477
104	616
104	618
104	1033
104	1179
104	1237
104	1678
105	133
105	701
105	891
105	962
105	1158
105	1388
105	1762
105	1885
106	545
106	1643
107	365
107	397
107	819
107	1048
107	1490
107	1755
107	1795
108	516
108	524
108	1251
108	1396
108	1569
109	1256
109	1794
109	1902
109	1903
110	136
110	470
110	532
110	708
110	1521
111	283
111	553
111	683
111	1050
111	1188
111	1910
112	554
112	703
112	1039
112	1309
112	1346
112	1377
113	315
113	419
113	510
113	1660
113	1955
114	647
114	1288
114	1552
115	238
115	379
115	444
115	596
115	831
115	1111
115	1297
115	1469
115	1524
116	641
116	829
116	990
116	1161
116	1216
116	1875
117	291
117	446
117	922
117	952
117	990
117	1035
117	1135
118	155
118	663
118	668
118	1036
118	1142
119	1234
119	1654
120	513
120	1285
121	1291
121	1680
121	1756
121	1799
121	1943
122	343
122	374
122	921
122	980
122	1083
122	1239
122	1745
122	1951
122	1963
122	1978
123	871
123	1558
123	1608
124	821
124	1238
124	1283
124	1888
125	252
125	259
125	522
125	591
125	781
125	801
125	823
125	948
126	156
126	169
126	645
126	826
126	1353
127	450
127	535
127	1141
128	173
128	205
128	486
128	887
128	1014
128	1049
128	1074
128	1194
128	1327
128	1546
129	808
129	1036
129	1612
130	409
130	517
130	539
130	674
130	949
130	1343
130	1352
130	1760
131	233
131	603
131	1545
132	153
132	254
132	302
132	1956
133	706
133	809
133	906
133	910
133	1158
133	1414
133	1673
133	1946
134	173
134	216
134	416
134	691
134	924
134	1083
134	1374
134	1537
135	163
135	449
135	1494
135	1701
135	1945
136	1011
136	1295
137	356
137	714
137	781
137	1217
137	1746
138	331
138	414
138	460
138	602
138	882
138	894
138	1286
138	1334
138	1489
138	1781
139	219
139	580
139	627
139	812
139	1556
139	1598
139	1937
140	157
140	365
140	677
140	1188
140	1289
141	239
141	1007
141	1417
141	1484
141	1538
142	1046
142	1330
142	1368
142	1727
143	227
143	244
143	915
143	1211
143	1280
143	1838
144	453
144	510
144	563
144	833
145	1351
145	1588
145	1709
146	336
146	583
146	703
146	911
146	933
146	1214
147	182
147	218
147	232
147	307
147	486
147	675
147	845
147	918
147	1068
147	1157
147	1711
148	740
148	1415
148	1644
148	1916
149	173
149	1355
150	347
150	851
150	1027
150	1292
150	1387
150	1473
150	1496
150	1635
150	1739
151	581
151	908
151	965
151	1689
151	1750
151	1955
152	671
152	810
152	1237
152	1706
153	786
153	1242
153	1763
153	1779
154	471
154	1170
154	1271
154	1399
154	1547
154	1843
155	535
155	727
155	761
155	1346
155	1401
156	375
156	589
156	997
156	1034
156	1070
156	1126
156	1469
156	1563
157	648
157	704
157	775
157	1051
157	1498
158	228
158	281
158	398
158	512
158	737
158	753
158	1140
158	1402
158	1563
158	1663
159	891
159	1311
160	218
160	359
160	515
160	597
160	726
160	1339
160	1656
160	1972
161	883
161	1059
161	1612
161	1932
162	510
162	1027
162	1342
162	1588
162	1868
162	1979
163	206
163	487
163	838
163	1740
163	1868
164	229
164	487
164	535
164	632
164	1585
164	1820
165	397
165	587
165	1171
165	1299
165	1674
165	1882
165	1905
166	514
166	1695
166	1826
167	359
167	394
167	1121
167	1281
167	1638
167	1719
167	1727
167	1760
168	186
168	1018
168	1654
168	1903
168	1960
169	272
169	597
169	915
169	1653
169	1824
169	1956
170	481
170	1542
170	1709
171	381
171	714
171	1297
172	335
172	336
172	680
172	882
172	1265
172	1277
172	1645
173	193
173	225
173	313
173	463
173	475
173	610
173	663
173	772
173	921
173	1127
173	1375
173	1493
173	1518
173	1684
173	1737
173	1819
174	447
174	499
174	613
174	943
174	1024
174	1617
175	981
175	1201
175	1234
175	1756
176	748
176	1115
176	1424
176	1458
176	1638
176	1762
177	943
177	1881
177	1930
178	343
178	595
178	700
178	747
178	1397
178	1672
178	1696
179	324
179	601
179	696
179	1424
179	1878
180	574
180	689
180	1231
180	1900
180	1988
181	745
181	1234
181	1329
182	332
182	597
182	694
182	1545
182	1809
182	1949
183	626
183	1311
183	1578
183	1599
184	1048
184	1331
184	1628
185	582
185	800
185	951
186	246
186	275
186	454
186	660
186	900
186	977
186	1185
186	1413
186	1560
187	201
187	1664
187	1686
187	1702
188	605
188	700
188	798
189	274
189	936
189	1714
189	1741
190	513
190	908
190	992
190	1300
190	1695
191	797
191	1004
191	1300
191	1670
192	403
192	478
192	615
192	1946
193	324
193	361
193	865
193	900
193	944
193	1419
193	1500
193	1519
193	1821
193	1974
193	1984
194	527
194	825
194	979
194	1228
194	1247
194	1475
195	883
195	1684
195	1937
197	297
197	341
197	523
197	808
197	1168
197	1410
197	1624
197	1920
198	210
198	270
198	277
198	382
198	750
198	1011
198	1844
199	261
199	345
199	617
199	1026
199	1041
199	1252
199	1337
199	1515
199	1962
200	332
200	361
200	566
200	677
200	939
200	1666
200	1874
201	465
201	733
201	927
201	1157
201	1611
201	1831
202	1003
202	1298
202	1710
203	732
203	889
203	1889
203	1942
204	267
204	971
204	1852
205	824
205	833
205	930
205	1440
206	742
206	959
206	1216
206	1322
206	1673
207	226
207	474
207	1248
207	1356
207	1357
207	1580
208	318
208	1346
208	1457
208	1726
208	1874
209	346
209	495
209	703
209	1335
209	1867
210	297
210	420
210	1525
210	1884
210	1969
211	501
211	1190
211	1201
212	246
212	480
212	1190
212	1278
212	1522
212	1977
213	312
213	958
213	1667
213	1757
213	1922
213	1936
214	871
214	1550
214	1589
214	1785
215	1485
215	1623
216	308
216	881
216	942
217	341
217	394
217	436
217	1614
217	1960
218	400
218	556
218	648
218	966
218	1558
219	428
219	1640
220	353
220	443
220	483
220	974
220	1235
220	1338
220	1381
220	1794
221	1342
221	1713
221	1965
221	1980
222	421
222	1107
222	1231
222	1755
223	388
223	654
223	915
223	1005
223	1695
224	441
224	572
224	894
224	935
224	961
224	1663
224	1777
224	1977
225	413
225	1258
226	489
226	499
226	651
226	692
226	1568
226	1949
227	546
227	648
227	760
227	1089
228	542
228	599
228	679
228	1026
228	1515
228	1650
228	1688
228	1847
229	292
229	333
229	401
229	1121
229	1141
229	1264
229	1543
230	413
230	1586
230	1663
230	1951
231	547
231	567
231	651
231	772
231	1274
231	1534
232	266
232	753
232	1534
232	1552
233	393
233	398
233	1206
233	1286
233	1376
233	1537
233	1659
233	1739
233	1783
233	1984
234	242
234	249
234	470
234	576
234	872
234	1006
234	1334
234	1671
234	1738
234	1810
235	467
235	839
235	1101
235	1182
236	1107
236	1301
236	1575
237	290
237	853
237	1074
237	1181
237	1916
238	590
238	809
238	952
238	1277
238	1874
239	413
239	607
239	618
239	853
239	869
239	966
239	1798
240	916
240	1171
240	1214
240	1276
240	1476
240	1703
241	353
241	570
241	834
241	875
241	1744
242	419
242	721
242	752
242	1041
242	1189
242	1521
242	1610
243	284
243	930
243	1273
243	1346
243	1382
243	1410
243	1728
243	1935
244	392
244	1318
244	1823
244	1863
244	1898
244	1920
245	285
245	414
245	1302
245	1481
245	1503
245	1656
245	1917
245	1983
246	455
246	492
246	499
246	635
246	1201
246	1347
246	1450
246	1455
246	1966
247	398
247	646
247	984
247	1038
247	1525
247	1796
248	1030
248	1333
248	1622
248	1754
249	269
249	712
249	783
249	1333
249	1624
250	254
250	345
250	466
250	605
250	822
250	848
250	1685
251	301
251	1249
251	1357
251	1484
252	307
252	363
252	862
252	934
252	952
252	996
252	1201
252	1227
252	1460
252	1717
252	1821
253	803
253	997
253	1471
253	1857
253	1921
254	1111
255	270
255	383
255	856
255	868
255	1692
256	322
256	589
256	1035
256	1237
256	1326
256	1505
256	1909
256	1926
257	482
257	750
257	1129
257	1928
257	1954
258	373
258	555
258	1815
259	441
259	490
259	532
259	534
259	979
259	1019
259	1466
259	1619
260	921
260	982
260	1060
260	1267
260	1481
260	1661
260	1891
261	586
261	970
261	1169
261	1204
261	1303
262	280
262	934
262	954
262	1163
262	1340
262	1455
262	1630
262	1632
262	1687
263	275
263	846
263	1182
263	1410
263	1447
264	355
264	435
264	461
264	910
264	1030
264	1521
264	1743
265	643
265	1250
265	1282
265	1294
265	1783
265	1797
266	303
266	562
266	576
266	1208
266	1393
266	1448
266	1476
267	430
267	996
267	1000
267	1303
267	1809
268	510
268	1441
268	1584
269	678
269	952
269	976
270	385
270	1829
270	1894
270	1988
271	402
271	637
271	682
271	728
271	1156
271	1236
271	1484
271	1882
272	471
272	1500
272	1566
272	1985
273	551
273	705
273	1370
273	1412
274	505
274	1029
275	1569
275	1697
275	1905
276	1039
276	1203
276	1764
276	1944
277	613
277	858
277	1070
277	1166
277	1671
277	1973
277	1985
278	762
278	1243
278	1517
278	1720
278	1812
278	1850
279	323
279	867
279	1455
279	1537
279	1635
280	791
280	797
280	837
280	1636
281	578
281	791
281	919
281	1594
281	1771
281	1791
281	1890
282	311
282	381
282	1113
282	1452
283	436
283	606
283	607
283	1329
283	1719
283	1777
284	656
284	776
284	1141
284	1331
284	1372
284	1447
284	1715
285	381
285	451
285	970
285	1283
286	426
286	545
286	754
286	1172
286	1255
286	1544
286	1725
287	372
287	604
287	1743
287	1838
288	494
288	665
288	803
288	834
288	983
288	990
288	1247
289	465
289	1331
290	762
290	1692
292	1039
292	1485
292	1656
292	1796
293	1488
294	616
294	1178
294	1231
294	1300
294	1364
294	1500
294	1586
294	1672
294	1675
295	380
295	744
295	1828
296	781
296	878
296	1037
296	1051
296	1053
296	1118
296	1230
296	1269
296	1547
296	1792
296	1805
297	1069
297	1616
298	362
298	482
298	1028
298	1180
298	1232
298	1495
298	1514
298	1681
298	1735
299	1007
299	1033
299	1153
299	1521
300	533
300	1607
300	1725
300	1784
301	397
301	580
301	714
301	904
301	1120
301	1277
301	1602
301	1704
302	1308
302	1638
303	594
303	758
303	1134
303	1210
304	831
304	1520
304	1810
304	1908
305	1831
306	503
306	761
306	1092
306	1114
306	1316
306	1505
306	1530
306	1706
306	1746
307	384
307	1528
307	1736
307	1817
308	840
308	1295
309	506
309	603
309	1433
310	423
310	716
310	1090
310	1424
311	572
311	1154
311	1185
311	1441
311	1890
312	1139
312	1441
312	1594
312	1834
313	401
313	1447
313	1823
314	424
314	532
314	1526
315	491
315	775
315	1062
315	1282
315	1551
315	1936
315	1939
315	1944
316	578
316	618
316	865
317	364
317	592
317	641
317	1194
317	1614
318	434
318	484
318	1574
318	1702
318	1869
318	1967
319	507
319	829
319	1148
319	1184
319	1455
319	1553
319	1916
320	1590
320	1928
321	473
321	635
321	915
321	1386
321	1602
322	441
322	918
322	957
322	1002
322	1020
322	1214
322	1381
322	1419
322	1496
322	1710
323	397
323	463
323	783
323	860
323	1168
324	743
324	1074
324	1649
324	1868
325	448
325	547
325	671
325	994
325	1456
325	1674
325	1989
326	926
326	1323
326	1804
326	1884
327	967
327	975
327	994
327	1533
328	375
328	434
328	502
328	562
328	649
328	960
328	1046
328	1116
328	1653
328	1875
328	1925
329	664
329	736
329	754
329	1291
329	1800
329	1872
330	1260
330	1279
330	1367
330	1605
331	1087
331	1175
331	1415
331	1623
332	529
332	1421
332	1795
332	1949
333	559
333	958
333	1338
333	1372
333	1804
334	905
334	1439
334	1587
334	1728
334	1851
335	579
335	1284
335	1601
335	1662
336	372
336	548
336	595
336	813
336	1665
336	1690
337	360
337	398
337	683
337	1602
338	1353
339	1250
339	1494
339	1671
339	1767
340	587
340	618
340	1235
340	1319
340	1547
341	456
341	859
341	911
341	969
341	1012
341	1108
341	1207
341	1641
341	1989
342	1082
342	1105
342	1501
342	1682
342	1747
343	557
343	776
343	912
344	569
344	983
344	1052
344	1104
344	1271
344	1469
344	1692
344	1733
345	969
345	1027
345	1320
346	380
346	748
346	811
346	1378
346	1538
346	1718
346	1877
347	365
347	442
347	623
347	706
347	1093
347	1557
348	433
348	524
348	729
348	965
348	1189
348	1232
348	1436
348	1591
348	1833
349	1439
349	1566
349	1990
350	497
350	837
350	1035
350	1461
350	1592
350	1647
350	1768
351	506
351	830
351	878
351	1289
351	1856
351	1871
351	1874
351	1983
352	377
352	823
352	895
352	1399
352	1649
352	1651
352	1811
353	538
353	924
353	1253
353	1410
353	1763
353	1795
354	401
354	517
354	901
354	995
354	1279
354	1657
354	1871
354	1890
354	1968
355	551
355	745
355	784
355	1310
355	1580
356	768
356	1131
356	1196
357	734
357	1253
357	1804
357	1922
358	399
358	610
358	1045
358	1194
358	1450
358	1539
358	1590
358	1757
359	1691
359	1840
359	1853
360	599
360	672
360	796
360	950
360	1409
360	1501
360	1590
360	1849
360	1923
361	551
361	841
361	1683
362	409
362	812
362	971
362	1085
362	1250
362	1292
362	1323
362	1580
362	1635
363	1132
363	1382
363	1627
363	1915
364	1327
364	1449
364	1547
364	1803
364	1961
365	446
365	470
365	1030
365	1162
365	1510
366	429
366	575
366	1247
366	1652
367	573
367	1007
368	471
368	673
368	758
368	810
368	972
368	1549
368	1940
369	575
369	844
369	908
369	911
370	958
370	1164
370	1945
371	913
371	997
372	889
372	1219
372	1392
373	801
373	1525
373	1679
373	1852
374	438
374	970
374	1145
374	1783
374	1946
374	1989
375	1277
375	1845
376	439
376	1635
377	741
377	1133
377	1139
377	1235
377	1632
377	1904
377	1906
378	406
378	412
378	1423
378	1503
378	1817
378	1853
379	661
379	1058
379	1456
379	1966
380	1078
380	1133
380	1229
380	1273
380	1858
380	1964
381	1169
381	1379
381	1613
381	1680
382	557
382	1026
382	1165
382	1263
382	1968
383	1209
383	1307
383	1436
383	1767
383	1887
384	603
384	815
384	1435
385	768
385	1380
385	1538
385	1795
386	1057
386	1962
387	401
387	717
387	770
387	1253
387	1730
387	1963
388	598
388	830
388	1171
388	1839
388	1920
388	1977
389	394
389	488
389	711
389	910
389	1019
389	1280
389	1582
389	1668
390	488
390	1312
391	498
391	645
391	972
391	1941
392	900
392	1398
392	1738
392	1913
393	1075
393	1090
394	1554
394	1820
395	498
395	831
395	865
395	1741
395	1760
395	1894
395	1948
396	526
396	668
396	684
396	687
396	1383
396	1440
397	1263
397	1314
397	1803
398	434
398	925
398	1323
398	1635
398	1645
398	1693
398	1942
399	415
399	861
399	1019
399	1711
399	1774
399	1974
400	849
400	1268
400	1625
400	1795
401	821
401	965
401	1523
402	621
402	967
402	1403
402	1600
402	1797
403	754
403	927
403	1382
403	1411
403	1414
403	1843
403	1945
404	431
404	624
404	698
404	868
404	907
404	992
404	1228
404	1409
404	1541
404	1708
404	1880
404	1891
406	1047
406	1252
406	1303
406	1419
406	1695
406	1798
406	1812
407	498
407	825
407	1399
407	1880
407	1974
408	444
408	834
408	1044
408	1456
408	1639
408	1833
409	607
409	627
409	943
409	1018
409	1152
409	1321
409	1770
409	1891
409	1939
409	1967
410	437
410	560
410	1221
410	1969
411	754
411	959
411	1146
411	1392
411	1600
411	1756
412	509
412	917
412	922
412	1034
412	1104
412	1237
412	1709
413	510
413	1434
413	1526
413	1629
413	1831
414	1197
414	1934
414	1948
415	616
415	1691
416	666
416	677
416	754
416	916
416	933
416	962
416	963
416	1754
417	912
417	987
417	1835
418	541
418	1560
418	1913
419	434
419	539
419	866
419	914
419	1175
419	1260
419	1268
419	1339
419	1880
419	1887
420	747
420	944
420	1111
420	1372
421	451
421	483
421	753
421	903
421	990
421	1197
421	1542
421	1830
421	1862
422	506
422	531
422	578
422	676
422	1289
422	1676
423	514
423	747
424	489
424	566
424	592
424	743
424	1483
425	1533
425	1737
425	1964
426	846
426	864
426	1146
426	1230
426	1290
426	1420
427	777
427	787
427	860
427	1362
427	1391
427	1499
427	1753
427	1879
428	436
428	597
428	620
428	1457
428	1846
429	753
429	1533
429	1645
429	1788
430	1116
430	1337
430	1393
431	477
431	694
431	707
431	1463
431	1690
431	1903
431	1978
432	570
432	1924
433	577
433	612
433	1315
434	515
434	1609
434	1989
435	605
435	784
435	819
435	1485
435	1525
436	594
436	1004
436	1296
436	1880
437	998
437	1066
437	1542
437	1601
437	1724
438	669
438	1195
438	1651
439	929
439	950
440	463
440	480
440	1188
440	1424
440	1592
441	737
441	945
441	1198
441	1942
442	508
442	1153
442	1162
442	1222
442	1368
442	1710
443	720
443	1012
443	1378
443	1767
444	522
444	1026
444	1378
444	1505
444	1543
444	1680
444	1813
445	668
445	941
445	1203
445	1231
446	609
446	1081
446	1265
446	1582
446	1721
447	639
447	817
447	1094
447	1587
448	856
448	1072
448	1845
449	541
449	1142
449	1694
449	1890
449	1934
450	692
450	852
450	862
450	1368
451	788
451	1009
451	1497
451	1684
451	1828
452	616
452	1282
452	1480
453	988
453	1560
454	706
454	871
454	973
454	1223
454	1908
454	1913
455	746
455	1254
455	1738
455	1746
455	1811
456	457
456	514
456	617
456	736
456	741
456	1151
456	1517
456	1769
456	1889
457	849
457	1012
457	1114
457	1158
458	855
458	1208
458	1425
458	1620
458	1749
458	1771
460	857
460	1850
460	1900
461	977
461	1477
462	593
462	876
462	1024
462	1054
462	1099
462	1455
462	1464
462	1576
462	1860
463	502
463	1195
463	1681
464	494
464	719
464	744
464	1172
464	1268
465	590
465	1237
465	1649
465	1722
466	609
466	790
466	1568
467	1470
468	529
468	612
468	886
468	1466
468	1625
469	676
469	770
469	1514
470	502
470	619
470	689
470	1282
470	1736
471	555
471	699
471	1288
471	1579
471	1689
472	801
472	827
472	870
472	965
472	1302
472	1859
473	514
473	734
473	775
473	926
474	1065
474	1218
474	1342
474	1554
474	1667
474	1858
475	893
475	940
475	1408
475	1707
475	1721
475	1850
475	1964
476	482
476	570
476	733
476	752
476	1100
476	1834
476	1847
477	582
477	627
477	822
477	1340
477	1911
478	789
478	894
478	912
478	1436
478	1566
479	881
479	1666
479	1737
480	1565
480	1853
481	1054
481	1299
482	1484
482	1617
482	1621
482	1852
483	529
483	741
483	1003
483	1652
483	1903
484	702
484	1386
484	1856
485	573
485	847
485	907
485	1165
485	1791
486	1047
486	1164
486	1421
486	1712
486	1921
487	747
487	823
487	1696
487	1794
487	1854
488	549
488	1241
488	1262
488	1268
488	1611
488	1616
488	1713
489	605
489	614
489	1264
489	1555
490	715
490	822
490	1389
490	1677
491	501
491	637
491	803
491	1324
491	1370
491	1706
491	1733
491	1856
491	1909
492	649
492	816
492	986
492	1015
492	1077
492	1539
492	1578
493	639
493	1117
493	1252
493	1455
493	1471
494	688
494	829
494	830
494	1454
494	1823
495	560
495	783
495	853
495	998
495	1329
496	508
496	540
496	617
496	1816
497	1073
497	1483
497	1583
497	1838
498	513
498	527
498	529
498	922
498	1237
498	1572
498	1916
498	1926
498	1952
499	760
499	985
500	1101
500	1969
501	862
501	1640
501	1927
502	1347
502	1845
503	1408
503	1485
503	1691
504	511
504	664
504	762
504	1161
504	1380
504	1479
505	684
505	697
505	883
505	909
505	1224
506	667
506	1095
506	1539
506	1601
506	1820
507	738
507	853
507	969
507	1056
507	1497
507	1765
507	1858
508	1030
508	1574
509	557
509	806
509	818
509	1623
510	781
510	848
510	1901
510	1949
511	642
511	833
511	1050
511	1607
511	1717
513	850
513	893
513	950
513	1214
513	1653
514	1202
514	1612
515	1020
515	1117
515	1298
515	1756
515	1964
516	1004
516	1456
516	1548
516	1974
517	768
517	1326
518	1021
518	1304
518	1595
518	1817
519	533
519	723
519	748
519	1098
519	1568
520	809
520	891
520	958
520	1152
520	1203
520	1464
521	868
521	892
521	1162
522	765
522	1123
522	1263
522	1464
523	895
523	1361
524	587
524	1279
524	1887
524	1922
525	1254
525	1555
525	1683
525	1760
526	795
526	1009
526	1313
526	1333
526	1798
527	539
527	716
527	931
527	1461
527	1562
527	1689
527	1949
528	566
528	633
528	821
528	1416
528	1579
529	548
529	641
529	704
529	1221
529	1247
529	1448
529	1501
530	1233
530	1386
530	1676
530	1868
531	759
531	1456
531	1551
531	1591
531	1698
532	540
532	803
532	837
532	993
532	1289
533	1090
533	1101
533	1153
533	1232
533	1323
533	1356
534	568
534	816
534	1181
534	1199
534	1623
534	1626
534	1703
534	1805
534	1957
534	1969
535	741
535	790
535	980
536	619
536	1808
537	569
537	1237
538	681
538	702
538	1856
539	704
539	1190
539	1377
539	1594
539	1595
539	1893
540	658
540	786
540	931
540	1681
541	1119
541	1545
542	567
542	718
542	1182
542	1467
543	735
543	917
543	971
543	1745
543	1771
544	590
544	606
544	696
544	1100
544	1117
545	600
545	1409
545	1413
546	674
546	739
546	1049
546	1183
546	1652
546	1803
547	678
547	1326
547	1803
548	988
548	1668
549	1094
550	973
550	1211
550	1648
551	574
551	760
551	937
551	1101
551	1305
552	837
552	872
552	1960
553	1355
553	1489
553	1661
553	1912
554	594
554	917
554	1296
554	1824
554	1832
555	685
555	1092
555	1506
555	1660
555	1881
555	1893
556	702
556	1519
556	1528
556	1811
556	1947
556	1949
556	1988
557	654
557	810
557	1095
557	1421
557	1698
558	790
558	1009
558	1059
558	1554
558	1791
559	949
559	1152
559	1343
559	1860
559	1873
560	725
560	817
560	1226
560	1400
560	1576
561	738
561	1493
561	1920
562	1037
562	1582
562	1913
563	745
563	922
563	926
563	1011
563	1035
563	1073
563	1242
564	1190
564	1763
565	574
565	737
565	1101
565	1183
565	1376
566	611
566	654
566	899
566	1361
566	1419
566	1545
566	1710
566	1970
567	1156
567	1958
568	623
568	954
568	1393
568	1813
568	1873
568	1894
568	1949
569	736
569	745
569	849
569	1012
569	1199
569	1515
569	1870
569	1881
569	1956
570	882
570	989
570	1252
570	1324
570	1366
570	1501
571	872
571	1551
571	1649
571	1780
571	1898
572	632
572	780
572	955
572	964
572	1088
573	668
573	698
573	1787
574	1419
574	1550
574	1621
574	1824
575	695
575	975
575	1512
575	1774
575	1959
576	1217
576	1229
577	663
577	1033
577	1078
577	1443
578	812
578	955
578	1602
578	1618
579	1139
580	745
580	1248
580	1483
580	1594
580	1752
580	1877
580	1897
580	1910
580	1981
581	614
581	762
581	1273
581	1369
581	1413
581	1856
581	1899
582	601
582	1442
582	1923
583	736
583	744
583	1008
583	1703
583	1959
584	593
584	1074
584	1126
584	1231
584	1430
584	1975
585	843
585	1014
585	1108
585	1117
585	1201
585	1578
585	1791
586	900
586	1408
586	1422
586	1426
586	1487
586	1535
587	603
587	908
587	1104
587	1576
587	1978
588	773
588	934
588	1379
588	1838
588	1932
589	922
589	1424
589	1560
589	1922
590	949
590	1266
590	1346
590	1657
590	1865
591	620
591	1324
591	1398
591	1971
592	696
592	718
592	1630
592	1799
593	821
593	1022
593	1082
593	1154
593	1500
593	1503
593	1897
593	1913
594	770
594	1105
594	1108
594	1488
595	1461
595	1508
595	1666
596	963
596	1213
597	757
597	859
597	1419
597	1453
597	1541
598	1049
598	1208
598	1296
598	1341
598	1410
598	1498
598	1603
598	1933
598	1947
599	661
599	1071
599	1282
599	1627
599	1835
599	1872
600	717
600	1363
600	1416
601	1249
601	1390
602	776
602	809
602	872
602	1045
602	1418
602	1681
602	1714
603	673
603	852
603	882
603	1140
603	1237
603	1608
604	717
604	1366
604	1566
605	649
605	826
605	1051
605	1927
606	823
606	835
606	920
606	1125
606	1205
606	1507
607	1244
607	1519
608	612
608	1598
608	1931
608	1963
609	658
609	753
609	808
609	1644
609	1708
609	1936
610	619
610	957
610	1116
610	1187
610	1275
610	1941
611	693
611	1188
611	1209
611	1393
612	1357
612	1404
612	1472
613	713
613	746
613	1314
614	742
614	1466
614	1501
615	1024
615	1457
615	1531
615	1589
615	1743
616	658
616	913
616	950
616	1016
616	1089
616	1337
617	678
617	699
617	886
617	1098
618	834
618	1072
618	1442
618	1548
619	915
619	934
619	996
619	1253
619	1543
619	1606
619	1831
620	801
620	1920
621	696
621	1445
622	1148
622	1345
623	629
623	804
623	1068
623	1083
623	1125
623	1661
623	1968
624	828
624	1156
624	1190
624	1340
624	1673
624	1890
624	1923
625	1215
625	1860
626	1333
626	1367
626	1420
626	1687
627	1734
628	683
628	1285
628	1312
628	1642
628	1683
629	1535
629	1679
629	1940
630	1023
630	1039
630	1980
631	822
631	1643
631	1653
632	660
632	662
632	832
632	1044
632	1351
632	1397
632	1556
632	1787
632	1869
632	1905
632	1961
633	1104
633	1526
634	1179
634	1334
634	1816
634	1910
635	705
636	726
636	1143
636	1256
636	1394
636	1699
637	727
637	852
637	856
637	908
638	1068
638	1764
638	1766
638	1986
639	831
639	1302
639	1317
639	1758
639	1972
640	752
640	1099
640	1215
640	1367
640	1458
640	1936
640	1938
640	1981
641	835
641	860
641	1374
641	1883
641	1944
642	750
642	1319
643	836
643	1782
644	1779
644	1840
645	803
645	954
645	1753
646	696
646	973
646	1601
647	903
647	974
647	1026
647	1303
647	1526
647	1962
647	1979
648	997
648	1356
648	1426
649	1273
649	1447
649	1723
650	858
650	1219
650	1298
650	1516
650	1547
651	880
651	1076
651	1727
651	1987
652	1163
652	1833
652	1914
653	663
653	729
654	744
654	842
654	1021
654	1245
655	845
655	909
655	1664
655	1758
655	1781
655	1783
656	711
656	954
656	1457
656	1898
657	828
657	835
657	1087
657	1119
657	1364
657	1477
657	1623
658	1167
658	1484
659	829
659	1137
659	1780
659	1883
659	1908
660	832
660	1201
660	1858
660	1895
661	755
661	865
661	1029
661	1226
661	1325
661	1862
662	1015
662	1710
663	709
663	895
663	1348
663	1349
663	1372
663	1455
663	1689
663	1787
664	761
664	1041
664	1063
664	1531
664	1873
665	749
665	771
665	882
665	918
665	1262
665	1422
666	754
666	999
666	1414
666	1716
666	1893
666	1975
667	1165
667	1861
668	796
668	1191
668	1322
668	1754
669	975
669	1332
669	1483
670	862
670	1038
670	1133
670	1367
671	1109
671	1402
671	1768
671	1894
672	719
672	785
672	1539
673	872
673	1025
673	1137
673	1460
674	707
674	1358
674	1482
675	1077
675	1192
675	1463
675	1760
676	1686
676	1897
677	840
677	1189
678	855
678	883
678	951
678	1211
678	1313
678	1478
678	1486
678	1587
679	851
679	928
679	1571
679	1766
679	1831
680	1617
680	1742
681	890
681	997
681	1326
681	1715
682	1226
682	1347
682	1350
682	1826
682	1868
683	1243
683	1468
684	822
685	711
685	938
685	1112
685	1276
685	1438
685	1767
685	1785
685	1964
686	700
686	1009
686	1059
686	1069
686	1192
686	1303
686	1355
686	1832
687	1449
687	1491
687	1770
688	706
688	738
688	808
688	1906
689	793
689	1208
689	1415
690	979
690	1533
690	1984
691	734
691	1230
691	1451
692	817
692	1269
692	1374
692	1382
692	1674
692	1776
692	1987
693	1385
693	1494
694	877
694	897
694	1113
694	1181
694	1193
695	1407
695	1564
696	698
696	1135
696	1253
696	1610
696	1953
696	1966
697	1152
697	1163
697	1735
697	1822
697	1833
698	1156
698	1315
698	1498
698	1504
699	1134
699	1346
699	1632
699	1647
699	1690
699	1892
699	1951
700	822
700	1007
700	1124
700	1421
700	1539
700	1615
700	1832
701	1264
701	1500
701	1692
702	739
702	1284
702	1795
702	1923
702	1943
703	961
703	1331
703	1927
704	1697
705	1052
705	1385
705	1491
705	1809
706	1472
706	1547
706	1627
706	1736
707	1240
707	1269
707	1411
707	1606
707	1745
707	1814
708	771
708	964
708	1094
708	1201
708	1429
708	1538
708	1643
708	1878
709	807
709	1249
709	1257
710	715
710	898
710	943
710	1055
710	1371
710	1495
710	1669
710	1893
710	1989
712	890
712	1167
713	1626
713	1631
714	1208
714	1391
714	1652
714	1896
714	1928
715	797
715	838
715	1248
715	1476
715	1637
715	1888
715	1974
716	1241
717	1475
717	1575
718	958
718	1400
718	1446
718	1733
719	1119
719	1166
719	1290
719	1321
719	1332
719	1367
720	1039
720	1052
720	1820
721	732
721	750
721	998
721	1755
722	1365
722	1794
723	929
723	1512
723	1575
723	1716
723	1827
724	1001
724	1240
724	1371
724	1434
724	1436
725	1871
725	1902
726	1249
726	1572
726	1931
727	988
727	1466
727	1725
727	1733
727	1851
727	1872
728	813
728	841
728	1072
728	1084
728	1152
728	1208
728	1739
729	1615
729	1717
730	762
730	1029
731	962
731	1383
731	1560
731	1637
731	1821
731	1859
732	978
732	1307
733	901
733	1711
733	1785
734	1302
734	1532
734	1796
734	1842
734	1876
735	1123
735	1367
735	1843
735	1918
736	1338
736	1587
736	1736
737	819
737	1128
737	1662
737	1944
737	1945
738	1313
738	1794
739	1832
740	1644
740	1801
741	1915
742	961
742	985
742	1026
742	1517
742	1823
742	1910
743	1429
743	1713
745	1537
745	1604
746	969
746	1358
746	1476
746	1862
747	953
747	1244
747	1980
748	831
748	1066
748	1331
748	1708
749	1202
749	1537
750	1059
750	1800
751	1016
751	1089
751	1161
751	1599
751	1908
752	1247
752	1658
752	1927
753	1013
753	1524
753	1952
754	769
754	820
754	1291
754	1489
755	1065
755	1136
755	1730
756	1109
756	1124
756	1436
756	1862
756	1867
756	1987
757	1020
757	1595
757	1666
757	1919
758	1117
758	1166
759	789
759	939
759	1666
760	794
760	890
760	1248
760	1488
760	1884
761	1104
761	1434
761	1531
761	1638
761	1769
762	1116
762	1827
763	1274
763	1594
764	1256
764	1451
764	1523
764	1694
764	1707
764	1905
765	785
765	1245
765	1375
765	1623
765	1843
766	1769
767	946
767	1086
767	1092
767	1744
768	787
768	1282
768	1390
769	982
769	1267
769	1421
769	1426
770	808
770	833
770	1354
770	1405
770	1842
771	1376
771	1606
772	1112
772	1699
773	1186
774	922
774	1449
775	1014
775	1169
775	1277
775	1720
776	1081
776	1604
776	1979
777	1009
777	1095
777	1369
777	1464
778	1319
778	1338
778	1429
778	1654
779	867
779	1843
780	877
780	1120
780	1207
780	1431
781	812
781	1197
781	1904
782	946
782	967
783	1077
783	1292
783	1429
783	1501
783	1948
784	1093
784	1112
784	1643
786	925
786	1080
786	1325
787	1091
787	1302
788	1201
789	846
789	906
790	1533
790	1749
790	1884
790	1943
790	1945
791	1006
791	1638
791	1774
791	1874
792	824
792	1110
792	1386
792	1642
792	1765
793	838
793	1114
793	1248
793	1405
793	1814
793	1906
794	885
794	1584
794	1928
794	1973
795	1343
795	1481
795	1681
796	901
796	1379
796	1433
796	1440
796	1453
796	1830
797	1415
798	1524
798	1944
799	1853
800	1040
800	1401
800	1874
801	1619
802	1016
802	1163
802	1543
802	1732
802	1760
802	1770
803	863
803	1198
803	1226
803	1618
804	1476
805	1203
805	1370
805	1436
805	1543
805	1704
806	851
806	874
806	1237
806	1406
806	1799
807	875
807	1042
807	1341
807	1801
808	1990
809	957
809	1203
809	1326
809	1618
809	1925
809	1949
810	1285
810	1621
810	1663
810	1683
811	963
811	1376
811	1403
812	847
812	1360
812	1468
812	1502
812	1533
812	1584
812	1686
812	1696
812	1905
813	1191
813	1427
813	1515
814	1252
814	1471
815	836
815	840
815	1041
815	1372
815	1678
816	1367
816	1652
816	1859
817	988
817	1024
817	1336
817	1560
818	941
818	1296
819	973
819	1129
819	1732
819	1855
820	1494
821	1018
821	1060
821	1380
821	1475
822	1549
823	1213
823	1606
823	1983
825	1399
825	1553
825	1640
825	1810
825	1935
826	1224
826	1281
826	1614
827	1291
827	1382
827	1512
827	1777
827	1864
828	833
828	889
828	1075
828	1146
828	1544
828	1796
829	1582
829	1649
829	1786
830	1159
830	1226
830	1320
830	1479
831	1105
832	904
832	935
832	1123
832	1344
832	1355
832	1593
832	1760
832	1878
832	1880
833	882
833	1085
833	1402
833	1785
833	1965
834	908
834	1290
834	1882
835	850
836	1143
836	1181
836	1393
836	1916
837	845
837	1025
837	1142
837	1255
837	1277
837	1362
837	1380
838	873
839	923
839	966
839	1452
839	1702
840	1130
840	1143
840	1657
841	978
841	1243
841	1962
842	1178
842	1321
842	1390
843	849
843	1037
843	1078
843	1124
843	1203
843	1209
843	1234
843	1437
844	1339
844	1532
844	1539
844	1981
845	1509
845	1752
845	1787
846	915
846	1143
846	1144
846	1616
846	1678
847	982
847	992
847	1015
847	1698
847	1726
847	1827
847	1955
848	1025
848	1152
848	1346
848	1498
848	1624
848	1681
849	866
849	1506
849	1812
850	1171
850	1376
850	1502
850	1777
851	903
851	920
851	1179
851	1589
851	1944
852	912
852	923
852	1164
852	1337
852	1426
853	1025
853	1563
853	1577
853	1786
853	1959
854	898
854	1455
855	1635
855	1846
856	997
856	1120
856	1178
856	1319
856	1441
856	1469
857	950
857	1152
857	1155
857	1495
857	1706
857	1782
858	861
858	899
858	1003
858	1070
858	1381
858	1516
858	1739
859	884
859	1232
859	1545
859	1858
859	1916
860	1399
861	1266
861	1370
862	1026
862	1214
862	1328
862	1540
862	1587
862	1606
862	1711
862	1854
863	1430
864	1067
864	1101
864	1410
864	1550
864	1553
865	1259
865	1556
865	1572
865	1613
866	1607
866	1648
866	1774
867	888
867	957
868	1032
868	1406
868	1759
868	1888
868	1907
869	936
869	1182
869	1595
870	1021
870	1218
870	1268
870	1944
871	885
871	1004
871	1348
871	1955
872	1230
872	1270
872	1289
872	1771
873	1212
873	1424
873	1479
873	1931
874	1229
874	1716
875	1524
875	1697
875	1756
875	1845
875	1956
876	1598
876	1738
876	1909
877	969
877	1458
877	1539
877	1626
877	1651
878	1119
878	1336
878	1411
878	1581
879	1177
880	1903
881	904
881	1477
881	1528
881	1786
882	1253
882	1637
882	1916
883	1150
883	1206
883	1439
884	1004
884	1287
884	1298
885	1181
885	1206
885	1500
885	1854
886	1344
886	1552
886	1776
886	1976
887	1060
887	1175
888	1121
888	1418
888	1964
890	1035
890	1211
890	1662
892	1448
892	1903
893	1015
893	1100
893	1152
893	1619
894	1045
895	1482
895	1599
896	1551
896	1958
897	1424
897	1745
898	1439
898	1619
899	1535
899	1688
900	1022
900	1522
900	1878
901	1249
901	1835
901	1890
901	1914
902	1233
902	1540
902	1626
902	1639
902	1774
903	1000
903	1293
904	1132
904	1274
905	912
905	1228
905	1299
907	911
907	1741
908	948
908	1155
908	1503
908	1516
908	1698
908	1821
908	1976
909	1530
910	1110
910	1789
910	1820
910	1957
911	1292
911	1470
911	1564
911	1937
912	1047
912	1517
912	1725
912	1760
913	1026
913	1324
913	1855
913	1937
914	1078
914	1155
914	1894
915	1440
916	1809
917	1413
917	1634
917	1774
917	1949
918	1016
918	1068
918	1445
918	1532
919	1792
920	1303
920	1833
920	1941
921	1509
921	1667
922	1937
923	1137
923	1252
923	1255
923	1398
923	1590
923	1656
924	1187
924	1338
925	1088
925	1214
925	1265
926	1305
926	1940
927	932
927	1336
927	1605
928	953
928	1986
929	1121
929	1214
929	1839
929	1870
929	1895
930	1298
930	1834
930	1841
931	989
931	1571
931	1592
931	1726
932	985
932	1756
932	1800
933	1048
933	1127
933	1282
934	1682
934	1824
935	963
935	1339
936	1031
936	1531
936	1716
936	1888
937	1284
937	1361
937	1585
938	995
938	1028
938	1314
938	1411
938	1652
939	1110
939	1455
939	1816
939	1875
939	1893
940	1235
940	1353
940	1421
941	1116
941	1312
941	1388
941	1821
942	1912
943	1599
944	1139
944	1593
945	1690
945	1764
946	1198
946	1676
947	948
947	1206
947	1665
947	1721
947	1747
947	1906
947	1912
947	1974
948	967
948	1156
948	1522
948	1601
948	1719
948	1906
949	994
949	1029
949	1310
949	1725
950	1582
950	1743
950	1760
951	1509
951	1944
951	1951
952	1130
952	1652
953	1286
953	1786
953	1864
954	1017
954	1226
954	1730
954	1843
954	1889
955	1138
956	1157
956	1398
957	1315
957	1733
958	1025
958	1638
960	1054
960	1097
960	1935
961	980
961	1398
961	1606
961	1781
962	1058
962	1204
962	1467
962	1881
963	1715
964	1894
965	1193
965	1401
965	1748
965	1892
966	1250
966	1281
966	1348
967	1267
967	1335
969	1407
969	1443
969	1467
969	1521
969	1692
969	1902
970	991
970	1337
970	1569
970	1906
971	1322
971	1571
971	1759
972	1100
972	1379
972	1671
972	1757
973	1048
973	1532
973	1846
973	1965
974	1805
974	1886
975	1604
975	1710
976	1281
976	1368
976	1426
976	1817
977	1469
978	1700
979	1180
979	1415
979	1524
979	1690
980	1756
981	1508
981	1759
982	1368
982	1474
982	1567
982	1700
983	1402
983	1746
983	1983
984	1634
984	1805
984	1876
984	1951
985	1026
985	1118
985	1192
985	1522
985	1908
986	1019
986	1413
986	1467
986	1476
986	1769
987	1340
987	1350
987	1955
987	1956
988	1137
989	1513
990	1198
991	1433
991	1872
991	1941
993	1181
993	1462
993	1691
995	1101
995	1108
995	1611
995	1692
996	1189
996	1290
996	1883
997	1076
997	1154
997	1438
997	1544
997	1829
997	1832
997	1990
998	1217
998	1879
999	1709
999	1824
1002	1318
1002	1397
1002	1554
1002	1930
1003	1743
1003	1969
1004	1123
1004	1561
1004	1687
1005	1206
1005	1736
1005	1753
1005	1939
1006	1135
1007	1297
1007	1312
1007	1434
1007	1802
1007	1954
1008	1038
1008	1055
1008	1583
1008	1670
1008	1857
1009	1539
1009	1695
1009	1855
1009	1980
1011	1019
1011	1266
1011	1515
1011	1678
1012	1034
1012	1633
1012	1800
1012	1968
1013	1102
1013	1131
1013	1723
1014	1036
1014	1124
1014	1638
1014	1748
1015	1723
1015	1986
1016	1080
1016	1081
1016	1877
1017	1173
1017	1305
1017	1578
1017	1840
1018	1228
1018	1519
1019	1308
1020	1390
1021	1091
1021	1863
1021	1987
1022	1582
1022	1828
1022	1990
1023	1208
1023	1350
1024	1107
1024	1651
1024	1787
1025	1512
1025	1675
1026	1210
1026	1234
1026	1446
1026	1496
1026	1768
1028	1050
1028	1455
1028	1591
1028	1764
1029	1237
1029	1568
1029	1631
1029	1810
1030	1187
1030	1497
1030	1679
1031	1826
1032	1127
1032	1177
1032	1188
1033	1658
1033	1925
1034	1188
1034	1394
1034	1470
1034	1516
1034	1592
1035	1299
1035	1488
1035	1648
1035	1797
1036	1587
1036	1657
1036	1720
1036	1914
1037	1262
1037	1550
1037	1561
1038	1175
1039	1458
1039	1777
1040	1088
1040	1166
1040	1468
1040	1564
1040	1645
1040	1989
1041	1784
1042	1163
1043	1067
1043	1144
1043	1266
1044	1266
1044	1329
1044	1504
1044	1553
1045	1072
1045	1205
1045	1282
1045	1958
1046	1546
1046	1595
1047	1221
1048	1444
1048	1891
1048	1972
1049	1218
1049	1254
1049	1504
1049	1644
1049	1717
1050	1170
1050	1579
1051	1281
1051	1301
1051	1415
1051	1627
1052	1130
1052	1486
1052	1589
1052	1641
1052	1930
1052	1960
1053	1094
1053	1241
1053	1291
1053	1936
1054	1470
1054	1546
1054	1621
1055	1679
1056	1318
1056	1769
1056	1917
1056	1947
1056	1963
1057	1301
1057	1423
1057	1477
1057	1570
1058	1264
1059	1322
1059	1332
1059	1445
1059	1866
1059	1931
1059	1987
1060	1511
1061	1062
1061	1681
1061	1941
1062	1390
1062	1399
1063	1112
1063	1368
1063	1381
1063	1422
1063	1642
1063	1899
1063	1970
1065	1438
1065	1987
1066	1096
1066	1615
1066	1817
1067	1496
1067	1914
1068	1201
1068	1330
1068	1952
1069	1118
1069	1630
1069	1664
1070	1198
1070	1507
1070	1567
1070	1955
1071	1446
1071	1482
1072	1093
1072	1296
1072	1729
1072	1858
1073	1950
1074	1076
1074	1090
1074	1267
1074	1390
1074	1407
1075	1642
1075	1878
1076	1233
1076	1265
1076	1477
1076	1656
1077	1404
1077	1625
1078	1367
1078	1515
1078	1561
1078	1564
1078	1665
1079	1094
1079	1325
1079	1941
1080	1764
1081	1249
1081	1951
1082	1192
1082	1453
1082	1919
1083	1315
1083	1399
1083	1404
1083	1535
1083	1791
1084	1738
1084	1863
1085	1102
1085	1146
1085	1395
1086	1796
1087	1191
1087	1193
1087	1477
1087	1732
1087	1775
1087	1968
1088	1094
1088	1136
1088	1578
1088	1907
1089	1277
1089	1310
1089	1446
1090	1192
1090	1863
1090	1915
1090	1956
1091	1126
1091	1205
1091	1703
1092	1160
1092	1316
1092	1435
1093	1264
1093	1950
1094	1307
1094	1451
1094	1851
1094	1874
1095	1279
1095	1308
1096	1441
1096	1483
1096	1945
1097	1325
1097	1709
1097	1759
1098	1248
1098	1687
1098	1790
1098	1848
1099	1330
1099	1569
1099	1589
1099	1956
1100	1446
1101	1934
1104	1132
1104	1150
1104	1232
1104	1911
1105	1236
1106	1351
1106	1370
1106	1535
1106	1805
1107	1217
1107	1938
1108	1652
1108	1731
1109	1329
1109	1465
1109	1654
1109	1790
1110	1225
1110	1316
1110	1319
1110	1774
1111	1344
1111	1427
1111	1447
1111	1540
1112	1722
1112	1739
1113	1193
1113	1595
1113	1658
1114	1156
1114	1761
1114	1912
1115	1491
1115	1543
1115	1618
1115	1950
1116	1240
1116	1868
1117	1166
1117	1318
1117	1370
1117	1410
1117	1511
1117	1823
1117	1857
1118	1262
1118	1380
1118	1476
1118	1753
1118	1761
1119	1486
1119	1503
1120	1204
1120	1432
1120	1637
1120	1988
1121	1201
1121	1320
1121	1334
1121	1663
1122	1543
1123	1157
1123	1428
1123	1919
1123	1927
1124	1402
1124	1525
1125	1627
1126	1249
1127	1624
1127	1839
1127	1961
1128	1460
1128	1511
1128	1884
1128	1919
1129	1948
1130	1168
1130	1247
1130	1251
1130	1446
1130	1518
1131	1294
1131	1488
1132	1208
1132	1557
1133	1484
1133	1808
1134	1154
1134	1197
1134	1337
1134	1599
1135	1759
1135	1947
1138	1500
1138	1658
1138	1932
1139	1158
1139	1829
1139	1834
1139	1939
1140	1503
1140	1853
1140	1888
1141	1523
1141	1774
1141	1875
1141	1968
1142	1859
1144	1461
1144	1777
1145	1250
1145	1769
1145	1838
1145	1920
1146	1331
1146	1912
1147	1493
1148	1248
1148	1512
1148	1633
1148	1673
1149	1346
1150	1278
1150	1304
1150	1452
1150	1611
1150	1632
1151	1263
1151	1393
1151	1516
1151	1666
1151	1927
1152	1377
1153	1355
1153	1619
1153	1804
1155	1463
1155	1738
1156	1283
1156	1475
1156	1479
1156	1970
1157	1751
1157	1809
1158	1913
1159	1179
1159	1219
1159	1297
1159	1944
1160	1198
1160	1578
1161	1205
1161	1460
1161	1495
1162	1171
1162	1228
1162	1504
1162	1716
1163	1166
1163	1613
1163	1687
1164	1219
1164	1761
1164	1958
1165	1208
1165	1280
1166	1364
1166	1575
1167	1501
1167	1799
1167	1970
1169	1656
1170	1244
1170	1330
1170	1470
1170	1472
1170	1802
1170	1865
1171	1234
1171	1917
1172	1608
1172	1647
1172	1659
1173	1501
1174	1481
1174	1733
1174	1870
1174	1918
1175	1463
1175	1909
1176	1191
1176	1349
1176	1586
1176	1757
1177	1346
1177	1403
1178	1573
1178	1679
1178	1689
1180	1555
1181	1303
1181	1875
1182	1503
1182	1543
1182	1841
1182	1853
1182	1857
1183	1198
1183	1623
1185	1448
1185	1663
1187	1357
1187	1477
1187	1783
1187	1910
1188	1727
1188	1801
1189	1322
1189	1889
1190	1567
1190	1816
1191	1656
1191	1799
1192	1594
1192	1596
1192	1798
1193	1318
1193	1839
1194	1460
1195	1198
1195	1425
1195	1897
1195	1963
1196	1689
1197	1565
1198	1325
1198	1463
1198	1943
1199	1209
1199	1255
1199	1296
1199	1410
1199	1839
1199	1881
1199	1961
1199	1986
1200	1401
1201	1957
1202	1623
1202	1893
1203	1287
1204	1855
1205	1220
1205	1715
1207	1593
1207	1619
1207	1626
1207	1923
1208	1334
1209	1409
1210	1385
1210	1467
1210	1566
1210	1604
1210	1812
1211	1226
1211	1640
1211	1672
1212	1238
1212	1482
1212	1882
1212	1941
1213	1460
1214	1800
1215	1381
1215	1692
1215	1985
1216	1682
1217	1347
1217	1914
1217	1935
1217	1973
1218	1482
1218	1794
1218	1809
1219	1852
1220	1414
1220	1431
1220	1746
1221	1354
1221	1470
1222	1543
1223	1297
1223	1714
1223	1805
1225	1724
1226	1391
1226	1974
1227	1471
1227	1754
1227	1769
1228	1530
1229	1264
1229	1489
1229	1602
1229	1622
1230	1406
1232	1465
1233	1620
1233	1681
1233	1914
1234	1311
1235	1253
1235	1702
1236	1975
1237	1304
1237	1355
1237	1677
1237	1726
1237	1935
1238	1433
1239	1311
1239	1433
1239	1707
1239	1930
1240	1689
1241	1761
1241	1898
1241	1946
1242	1514
1242	1705
1242	1783
1243	1885
1244	1465
1244	1595
1244	1687
1245	1616
1246	1645
1246	1682
1246	1715
1247	1882
1248	1304
1248	1313
1248	1883
1249	1258
1250	1462
1250	1847
1251	1484
1251	1557
1252	1360
1253	1354
1253	1419
1253	1808
1254	1263
1254	1486
1255	1315
1255	1627
1256	1758
1256	1810
1256	1939
1257	1291
1257	1315
1257	1508
1257	1554
1257	1562
1257	1787
1258	1299
1258	1412
1258	1549
1258	1709
1258	1983
1259	1488
1259	1521
1259	1630
1260	1774
1260	1834
1261	1731
1262	1561
1262	1639
1262	1641
1263	1629
1264	1279
1265	1658
1265	1702
1265	1866
1266	1324
1266	1981
1267	1704
1267	1716
1268	1571
1268	1730
1268	1814
1269	1278
1269	1500
1269	1825
1269	1891
1269	1963
1270	1409
1270	1494
1271	1407
1271	1499
1272	1337
1272	1543
1273	1509
1273	1906
1274	1443
1275	1825
1277	1358
1277	1879
1278	1611
1278	1876
1278	1912
1279	1291
1279	1568
1279	1944
1280	1457
1280	1540
1281	1774
1282	1760
1283	1728
1283	1827
1283	1955
1283	1956
1284	1425
1284	1522
1284	1555
1284	1644
1284	1879
1285	1312
1285	1522
1285	1681
1285	1836
1286	1341
1286	1523
1286	1548
1286	1696
1287	1311
1289	1726
1290	1570
1290	1805
1290	1821
1290	1911
1290	1985
1291	1424
1291	1543
1291	1866
1292	1585
1292	1990
1293	1300
1294	1394
1294	1477
1295	1453
1295	1516
1295	1794
1296	1820
1297	1436
1297	1608
1297	1911
1297	1917
1299	1555
1299	1879
1300	1489
1300	1614
1300	1675
1300	1753
1300	1825
1301	1949
1302	1419
1302	1450
1302	1678
1302	1904
1302	1958
1303	1664
1303	1890
1304	1558
1304	1652
1304	1718
1305	1822
1306	1445
1306	1559
1307	1356
1307	1550
1307	1660
1308	1626
1308	1749
1308	1829
1308	1865
1309	1346
1310	1433
1311	1839
1313	1485
1314	1441
1315	1374
1316	1973
1317	1455
1318	1694
1318	1938
1320	1905
1321	1545
1321	1919
1322	1421
1322	1987
1323	1436
1323	1599
1323	1763
1324	1659
1324	1839
1325	1785
1328	1463
1328	1527
1328	1560
1328	1613
1328	1889
1330	1776
1331	1338
1331	1449
1331	1466
1332	1348
1332	1386
1332	1887
1334	1418
1334	1648
1334	1846
1336	1768
1336	1919
1337	1344
1337	1402
1339	1791
1340	1450
1340	1510
1340	1777
1340	1952
1341	1365
1341	1452
1341	1745
1342	1555
1343	1559
1345	1747
1346	1358
1346	1558
1346	1812
1346	1847
1346	1971
1347	1519
1347	1566
1347	1663
1348	1446
1349	1679
1349	1749
1350	1487
1350	1714
1350	1759
1350	1811
1350	1989
1351	1513
1352	1616
1353	1371
1354	1479
1354	1837
1354	1904
1355	1913
1357	1432
1357	1926
1358	1486
1358	1982
1359	1408
1359	1788
1362	1497
1362	1570
1362	1988
1363	1881
1364	1743
1365	1774
1365	1915
1365	1942
1366	1460
1367	1766
1367	1944
1368	1587
1368	1734
1368	1768
1368	1836
1369	1596
1369	1599
1370	1640
1370	1808
1371	1709
1371	1754
1371	1896
1372	1892
1373	1985
1374	1392
1374	1674
1375	1757
1376	1488
1377	1476
1377	1561
1377	1660
1379	1550
1379	1723
1379	1726
1380	1922
1381	1712
1382	1655
1382	1913
1384	1588
1385	1397
1385	1436
1385	1624
1385	1649
1385	1792
1385	1885
1386	1667
1387	1453
1387	1986
1389	1701
1389	1762
1389	1883
1390	1614
1392	1735
1394	1773
1394	1898
1395	1582
1396	1485
1396	1524
1396	1625
1396	1683
1396	1975
1397	1783
1398	1568
1398	1936
1399	1669
1400	1838
1400	1864
1401	1407
1401	1552
1401	1635
1401	1667
1403	1681
1403	1988
1404	1503
1404	1511
1404	1683
1404	1747
1405	1540
1405	1585
1405	1755
1406	1476
1406	1511
1406	1531
1408	1688
1408	1913
1409	1487
1410	1679
1410	1717
1410	1734
1410	1770
1410	1790
1410	1903
1411	1746
1411	1877
1411	1938
1412	1677
1412	1720
1412	1739
1412	1752
1412	1957
1415	1652
1415	1754
1416	1509
1416	1648
1417	1608
1417	1861
1418	1465
1419	1866
1420	1635
1423	1592
1423	1925
1424	1557
1425	1474
1425	1571
1425	1676
1425	1747
1425	1748
1425	1793
1425	1961
1426	1629
1426	1787
1426	1942
1427	1570
1427	1886
1428	1523
1429	1718
1429	1781
1429	1959
1429	1989
1430	1559
1432	1903
1433	1744
1433	1858
1433	1898
1433	1987
1434	1443
1434	1608
1435	1724
1437	1450
1437	1535
1437	1654
1437	1775
1438	1653
1438	1699
1440	1647
1440	1694
1440	1711
1440	1731
1442	1608
1442	1634
1442	1693
1443	1948
1444	1570
1444	1607
1444	1689
1445	1477
1445	1903
1446	1458
1446	1514
1446	1725
1446	1972
1447	1588
1447	1896
1448	1535
1448	1752
1449	1693
1449	1793
1449	1965
1450	1777
1450	1857
1451	1507
1451	1556
1452	1510
1452	1566
1452	1702
1454	1747
1455	1581
1455	1656
1456	1488
1456	1534
1456	1536
1456	1825
1457	1808
1457	1850
1457	1863
1458	1872
1458	1892
1459	1490
1459	1669
1459	1769
1459	1796
1459	1952
1460	1805
1460	1852
1461	1823
1462	1595
1462	1951
1462	1955
1463	1605
1465	1547
1467	1670
1467	1839
1468	1859
1469	1583
1469	1834
1469	1913
1470	1656
1470	1659
1471	1503
1471	1659
1472	1715
1472	1784
1472	1786
1472	1813
1474	1749
1476	1787
1477	1484
1477	1790
1479	1493
1480	1492
1480	1508
1480	1915
1482	1648
1482	1814
1483	1837
1485	1841
1486	1489
1486	1747
1486	1754
1487	1901
1487	1961
1489	1594
1490	1551
1490	1617
1490	1955
1492	1670
1493	1966
1495	1781
1495	1837
1497	1602
1497	1721
1497	1812
1498	1601
1498	1605
1498	1812
1500	1546
1500	1733
1502	1738
1502	1828
1502	1883
1503	1744
1503	1895
1503	1929
1506	1556
1506	1672
1507	1538
1507	1739
1507	1936
1508	1576
1509	1881
1509	1923
1510	1576
1510	1764
1512	1652
1512	1947
1513	1917
1515	1568
1515	1580
1515	1938
1515	1987
1516	1761
1516	1949
1518	1602
1518	1865
1518	1946
1519	1528
1519	1631
1519	1765
1519	1833
1519	1885
1519	1894
1520	1897
1521	1735
1522	1553
1522	1630
1522	1899
1522	1985
1523	1586
1525	1705
1525	1762
1526	1625
1526	1635
1527	1635
1527	1651
1527	1704
1527	1775
1527	1929
1529	1597
1531	1594
1531	1647
1533	1920
1534	1595
1534	1660
1535	1813
1537	1726
1539	1835
1539	1852
1540	1685
1540	1903
1541	1562
1541	1579
1543	1668
1543	1715
1544	1908
1545	1587
1545	1723
1547	1620
1548	1562
1548	1825
1549	1683
1549	1942
1550	1916
1553	1611
1553	1927
1555	1713
1555	1750
1557	1765
1557	1802
1558	1886
1560	1628
1560	1673
1560	1861
1561	1582
1561	1590
1562	1576
1563	1741
1563	1822
1565	1970
1566	1596
1566	1862
1568	1660
1568	1692
1569	1662
1569	1802
1569	1944
1570	1693
1570	1805
1574	1953
1575	1764
1577	1696
1579	1894
1580	1610
1580	1975
1581	1602
1581	1869
1582	1608
1582	1893
1582	1903
1582	1962
1583	1645
1584	1719
1585	1607
1586	1726
1586	1791
1586	1921
1587	1710
1590	1863
1591	1717
1591	1919
1592	1617
1592	1815
1593	1691
1596	1717
1597	1756
1597	1893
1597	1971
1598	1707
1602	1974
1603	1835
1604	1707
1605	1861
1606	1613
1610	1699
1610	1906
1611	1925
1611	1927
1612	1930
1613	1729
1615	1981
1619	1704
1620	1935
1621	1758
1621	1817
1622	1837
1622	1932
1625	1778
1626	1834
1626	1845
1627	1660
1628	1747
1629	1695
1630	1696
1631	1659
1633	1957
1633	1960
1636	1663
1636	1810
1639	1873
1639	1884
1639	1895
1640	1874
1643	1841
1643	1867
1643	1954
1644	1660
1644	1946
1646	1724
1647	1954
1649	1895
1650	1760
1650	1980
1651	1787
1651	1966
1652	1968
1654	1945
1656	1823
1657	1733
1657	1963
1657	1971
1658	1895
1659	1773
1659	1893
1661	1702
1661	1875
1661	1942
1663	1921
1665	1971
1667	1689
1669	1882
1674	1909
1675	1760
1676	1692
1676	1693
1678	1711
1678	1897
1679	1983
1683	1969
1685	1925
1686	1872
1687	1843
1687	1962
1690	1773
1691	1769
1693	1902
1694	1887
1695	1912
1696	1763
1697	1961
1698	1710
1699	1743
1699	1779
1701	1946
1702	1725
1702	1788
1705	1722
1705	1987
1706	1966
1708	1973
1709	1913
1709	1932
1709	1946
1709	1961
1711	1990
1712	1727
1714	1904
1715	1965
1716	1881
1716	1988
1717	1956
1719	1921
1719	1945
1720	1894
1722	1886
1723	1800
1723	1815
1723	1845
1723	1980
1725	1786
1725	1791
1729	1907
1730	1749
1730	1843
1730	1855
1731	1914
1732	1821
1732	1969
1734	1735
1734	1785
1736	1925
1738	1972
1741	1796
1741	1906
1744	1774
1745	1862
1745	1974
1751	1989
1752	1786
1755	1827
1755	1924
1755	1958
1756	1853
1757	1953
1758	1890
1759	1875
1760	1847
1760	1986
1762	1781
1762	1868
1764	1819
1765	1822
1767	1840
1769	1802
1769	1882
1769	1933
1771	1889
1773	1794
1776	1977
1777	1899
1777	1969
1778	1924
1779	1855
1783	1821
1783	1955
1786	1835
1788	1824
1795	1910
1796	1939
1801	1817
1801	1921
1802	1906
1804	1849
1804	1977
1804	1987
1805	1913
1805	1976
1807	1987
1809	1938
1810	1987
1812	1964
1813	1916
1813	1962
1818	1875
1819	1968
1822	1842
1822	1881
1825	1868
1825	1966
1828	1970
1829	1960
1834	1907
1835	1898
1837	1892
1837	1896
1838	1954
1842	1965
1846	1856
1849	1853
1849	1874
1849	1988
1861	1901
1863	1981
1866	1871
1870	1979
1871	1892
1872	1970
1872	1977
1873	1881
1873	1903
1873	1987
1882	1895
1890	1929
1891	1953
1897	1982
1903	1928
1917	1947
1918	1936
1920	1974
1926	1927
1931	1988
1932	1942
1932	1963
1941	1983
1942	1970
1965	1970
1981	1988
1983	1987
