# Undirected graph (each unordered pair of nodes is saved once): ScaleFree4000Nodes.txt
# Nodes: 4000 Edges: 3999
# NodeId	NodeId
0	1
0	54
0	56
0	116
0	123
0	144
0	156
0	211
0	385
0	604
0	684
0	942
0	1200
0	1300
0	1412
0	1808
0	1901
0	2253
0	2507
0	2523
0	2568
0	2620
0	3922
1	2
1	3
1	5
1	6
1	7
1	11
1	16
1	17
1	26
1	46
1	48
1	63
1	64
1	105
1	117
1	136
1	140
1	143
1	165
1	167
1	195
1	217
1	233
1	247
1	343
1	362
1	372
1	373
1	384
1	391
1	427
1	435
1	505
1	544
1	589
1	599
1	621
1	622
1	628
1	687
1	696
1	709
1	752
1	788
1	824
1	827
1	879
1	885
1	895
1	905
1	919
1	959
1	1020
1	1021
1	1073
1	1120
1	1144
1	1145
1	1160
1	1241
1	1277
1	1316
1	1378
1	1391
1	1440
1	1563
1	1573
1	1602
1	1627
1	1630
1	1660
1	1754
1	1824
1	1876
1	1877
1	1957
1	1979
1	2022
1	2079
1	2084
1	2155
1	2198
1	2200
1	2220
1	2221
1	2223
1	2408
1	2444
1	2493
1	2494
1	2545
1	2559
1	2608
1	2609
1	2658
1	2683
1	2699
1	2751
1	2785
1	2790
1	2897
1	2940
1	3016
1	3028
1	3119
1	3157
1	3165
1	3202
1	3249
1	3251
1	3304
1	3361
1	3386
1	3436
1	3463
1	3483
1	3629
1	3635
1	3654
1	3716
1	3733
1	3740
1	3757
1	3767
1	3861
1	3865
1	3869
1	3929
1	3947
2	10
2	113
2	115
2	169
2	193
2	363
2	643
2	791
2	993
2	1201
2	1303
2	1308
2	1692
2	1712
2	1913
2	2574
2	2791
2	2960
2	3070
2	3143
2	3608
3	4
3	20
3	93
3	97
3	135
3	138
3	155
3	163
3	172
3	386
3	647
3	841
3	1990
3	2599
3	3496
4	8
4	34
4	49
4	71
4	176
4	298
4	380
4	393
4	450
4	668
4	852
4	954
4	1086
4	1190
4	1358
4	1592
4	1809
4	1924
4	2316
4	3145
4	3590
4	3721
4	3772
5	9
5	23
5	24
5	68
5	153
5	228
5	274
5	335
5	338
5	431
5	446
5	449
5	465
5	469
5	555
5	581
5	646
5	968
5	1150
5	1223
5	1257
5	1479
5	1614
5	1644
5	1656
5	1673
5	1694
5	1726
5	1757
5	1844
5	1936
5	2010
5	2381
5	2428
5	2443
5	2595
5	2674
5	2741
5	2810
5	3059
5	3081
5	3213
5	3460
5	3478
5	3676
5	3753
5	3852
5	3915
6	13
6	18
6	686
6	1483
6	2826
6	3387
6	3891
7	58
7	60
7	104
7	260
7	290
7	324
7	389
7	408
7	462
7	533
7	548
7	580
7	767
7	793
7	964
7	1119
7	1264
7	1289
7	1474
7	1666
7	1716
7	2094
7	2181
7	2677
7	2704
7	3011
7	3134
7	3693
7	3876
8	12
8	14
8	15
8	19
8	27
8	31
8	40
8	57
8	75
8	91
8	99
8	107
8	111
8	145
8	162
8	196
8	245
8	276
8	309
8	397
8	508
8	515
8	595
8	656
8	657
8	711
8	777
8	796
8	828
8	834
8	985
8	1106
8	1161
8	1209
8	1304
8	1498
8	1668
8	1680
8	1690
8	2003
8	2067
8	2113
8	2247
8	2510
8	2731
8	2797
8	2812
8	2877
8	2944
8	3131
8	3155
8	3166
8	3184
8	3207
8	3325
8	3420
8	3674
9	25
9	101
9	166
9	175
9	252
9	692
9	1589
9	3055
9	3397
9	3598
10	230
10	299
10	660
10	1159
10	1603
10	2095
10	2129
10	2969
10	3115
10	3407
10	3743
10	3838
11	22
11	38
11	41
11	42
11	43
11	45
11	52
11	65
11	66
11	70
11	78
11	100
11	141
11	185
11	237
11	264
11	310
11	326
11	350
11	355
11	379
11	440
11	554
11	605
11	673
11	735
11	794
11	805
11	901
11	994
11	1004
11	1013
11	1015
11	1032
11	1054
11	1137
11	1138
11	1275
11	1276
11	1554
11	1638
11	2009
11	2131
11	2138
11	2207
11	2276
11	2289
11	2412
11	2470
11	2487
11	2496
11	2612
11	2815
11	2840
11	2941
11	2967
11	3003
11	3009
11	3100
11	3248
11	3308
11	3423
11	3684
11	3712
11	3805
11	3923
12	69
12	349
12	680
12	1709
12	2165
12	2767
13	625
13	650
13	2367
14	699
14	2056
15	30
15	79
15	92
15	98
15	131
15	147
15	159
15	188
15	205
15	322
15	347
15	400
15	402
15	419
15	489
15	596
15	612
15	675
15	1005
15	1152
15	1193
15	1327
15	1396
15	1445
15	1613
15	1771
15	1898
15	1942
15	2024
15	2082
15	2262
15	2389
15	2478
15	2807
15	2954
15	3026
15	3159
15	3299
15	3956
16	21
16	44
16	216
16	259
16	263
16	953
16	1324
16	1770
16	2564
16	2646
16	3214
17	28
17	77
17	114
17	180
17	189
17	560
17	637
17	1105
17	1219
17	1271
17	1490
17	1888
17	1931
17	1932
17	2097
17	2256
17	3960
18	95
18	122
18	124
18	154
18	190
18	232
18	401
18	422
18	426
18	477
18	502
18	1091
18	1508
18	1650
18	1705
18	1742
18	1970
18	2036
18	2076
18	2214
18	2249
18	2542
18	2558
18	2703
18	2814
18	3458
18	3557
18	3807
18	3911
20	748
20	1167
20	1221
20	2305
20	2341
21	39
21	50
21	102
21	142
21	192
21	204
21	294
21	453
21	733
21	974
21	1082
21	1096
21	1582
21	1691
21	1749
21	3177
21	3524
21	3999
22	29
22	90
22	201
22	512
22	1027
22	2340
22	2515
22	2935
23	152
23	206
23	388
23	411
23	781
23	980
23	2968
23	3099
23	3396
23	3882
24	88
24	672
24	754
24	875
24	1006
24	1155
24	1302
24	1336
24	2080
24	2413
24	3508
24	3545
25	32
25	108
25	867
25	1036
25	1499
25	1717
25	1813
25	1882
25	2025
25	2201
25	2518
25	3040
25	3611
25	3866
25	3997
26	171
26	242
26	314
26	633
26	729
26	957
26	1084
26	1124
26	1492
26	1642
26	1727
26	1922
26	2627
26	3503
27	3755
28	53
28	61
28	177
28	301
28	394
28	445
28	499
28	608
28	663
28	749
28	916
28	1047
28	1199
28	1389
28	1826
28	1869
28	1939
28	2043
28	2380
28	2398
28	2539
28	2823
28	3238
28	3345
28	3419
28	3507
28	3580
28	3837
29	72
29	199
29	2961
29	2981
29	3725
29	3741
30	33
30	36
30	37
30	47
30	55
30	59
30	151
30	229
30	262
30	313
30	365
30	369
30	436
30	552
30	592
30	719
30	772
30	1064
30	1112
30	1268
30	1365
30	1409
30	1635
30	1657
30	1703
30	2250
30	2338
30	2440
30	3024
30	3199
30	3763
31	83
31	96
31	127
31	212
31	624
31	2086
31	2734
31	2976
32	248
32	323
32	1052
32	3048
33	82
33	471
33	846
33	1580
33	2818
33	2872
33	2959
33	3690
33	3985
34	35
34	51
34	126
34	133
34	214
34	466
34	559
34	609
34	690
34	818
34	976
34	1072
34	1270
34	1846
34	2054
34	2061
34	2505
34	3128
34	3149
34	3217
34	3672
35	651
35	877
35	1516
35	3079
35	3400
35	3459
36	121
36	173
36	456
36	915
36	1819
36	2714
36	3286
36	3889
37	181
37	243
37	563
37	572
37	1232
37	1536
37	2124
37	2263
37	3976
38	1246
38	1430
39	84
39	194
39	218
39	220
39	361
39	364
39	658
39	714
39	728
39	896
39	935
39	1026
39	1164
39	1618
39	3661
41	73
41	118
41	300
41	504
41	526
41	546
41	978
41	1621
41	1756
41	1800
41	3127
41	3235
41	3445
41	3748
43	191
44	94
44	132
44	305
44	433
44	447
44	511
44	541
44	853
44	939
44	1293
44	1366
44	1458
44	1588
44	2135
44	2350
44	2942
44	3245
44	3760
44	3785
45	164
45	223
45	227
45	1818
45	3591
45	3618
46	62
46	327
46	348
46	377
46	513
46	529
46	1014
46	1259
46	1325
46	1568
46	3278
47	103
47	1811
47	2495
47	2825
47	2869
47	3273
47	3292
48	231
48	535
48	1245
49	288
49	543
49	1098
49	1187
49	3569
50	74
50	76
50	89
50	119
50	272
50	281
50	328
50	491
50	500
50	553
50	569
50	644
50	665
50	693
50	825
50	1050
50	1089
50	1281
50	1451
50	1843
50	1966
50	2001
50	2429
50	2660
50	2863
50	2979
50	3532
50	3544
50	3552
50	3699
50	3908
51	269
51	282
51	376
51	1548
52	869
52	1175
52	1853
52	1971
52	2645
52	2689
52	3123
52	3766
53	2624
53	2639
53	2644
53	3411
54	503
54	539
54	755
54	1311
54	1404
54	1564
54	1962
54	2871
55	591
55	779
55	3008
56	1652
56	3196
56	3380
57	67
57	287
57	538
57	645
57	730
57	1439
57	1462
57	1766
57	1768
57	1775
57	2064
57	2190
57	2761
58	149
58	157
58	302
58	340
58	1156
58	2401
58	3860
59	1880
60	129
60	200
60	293
60	881
60	996
60	1337
60	1713
61	86
61	160
61	209
61	213
61	225
61	297
61	325
61	345
61	371
61	420
61	540
61	611
61	740
61	1049
61	1081
61	1398
61	1917
61	2049
61	2074
61	2234
61	2759
61	2972
61	3053
61	3200
61	3414
61	3892
63	112
63	303
63	816
63	863
63	2841
63	2908
64	161
64	283
64	708
64	819
64	844
64	1132
64	1321
64	1456
65	432
65	1481
65	1590
65	2048
65	2136
65	3290
65	3408
66	81
66	87
66	187
66	197
66	507
66	516
66	517
66	1383
66	2282
66	3751
67	527
67	547
67	594
67	983
67	1253
67	1577
67	3066
67	3188
67	3578
69	80
69	236
69	671
69	2439
69	2882
69	3809
69	3953
71	307
71	430
71	702
71	1715
71	2527
72	110
72	1135
72	1331
72	1776
72	1868
72	2156
72	3430
73	1419
73	1646
73	2611
73	2693
74	1559
74	2068
74	3506
75	183
75	857
75	1441
76	859
77	125
77	356
77	694
77	745
77	889
77	1045
77	1719
78	85
78	137
78	178
78	370
78	429
78	562
78	874
78	1040
78	1353
78	1425
78	1578
78	1833
78	2651
78	2657
78	2738
78	2756
78	2910
78	3023
78	3373
78	3444
78	3563
78	3668
78	3826
78	3895
79	334
79	1429
79	1433
79	2275
80	210
80	234
80	342
80	367
80	532
80	1039
80	1822
80	1835
80	1904
80	2202
80	2203
80	2296
80	2690
80	3405
81	109
81	150
81	1298
81	1587
81	1786
81	2019
81	2694
82	106
82	168
82	390
82	414
82	2063
82	2314
82	3854
84	158
84	179
84	182
84	295
84	339
84	522
84	607
84	638
84	642
84	747
84	795
84	855
84	924
84	970
84	997
84	1003
84	1113
84	1710
84	1739
84	2089
84	2392
84	2423
84	2662
84	2896
84	3383
86	170
86	2108
87	2304
87	3886
89	602
89	1227
89	1731
89	2616
90	256
90	932
90	1168
91	289
91	626
91	870
91	1551
91	1793
91	1861
91	3486
92	3980
93	120
93	948
93	2208
93	2491
93	3604
93	3726
96	806
99	484
99	601
99	715
99	1547
99	2337
99	2637
102	736
102	1513
102	2845
105	2865
106	649
106	1403
106	1631
106	1750
106	2647
106	2813
106	3683
107	320
107	3874
109	1136
110	457
110	1724
110	1814
110	2860
110	3501
111	961
113	1000
113	3211
114	134
114	139
114	286
114	479
114	486
114	984
114	1009
114	1272
114	1825
114	1858
114	1864
114	1986
115	521
117	1791
118	2977
119	241
119	317
119	977
119	2257
119	2351
119	2601
119	2757
120	128
120	219
120	244
120	409
120	550
120	882
120	1066
120	1484
120	1647
120	1965
120	2394
120	2486
120	3247
120	3473
120	3855
121	240
121	321
121	442
121	483
121	1095
121	1123
121	2416
121	2675
121	3313
122	662
122	1915
122	2829
122	2855
123	146
123	2060
124	467
124	1759
124	2881
125	130
125	571
125	606
125	635
125	848
125	1143
125	1870
125	2441
125	2548
125	2666
125	2715
125	3244
125	3652
127	280
127	1296
127	3175
128	3546
129	186
129	253
129	353
129	455
129	992
129	1237
129	1632
129	1676
129	1847
129	2168
129	2395
129	2400
129	3136
130	207
130	251
130	654
130	1531
130	1821
130	1952
131	319
131	576
131	955
131	3555
133	2618
134	306
134	1315
135	810
135	918
135	931
135	1173
135	1310
135	1949
135	2121
135	2451
135	2659
135	2835
135	2936
135	3032
136	239
136	579
136	1130
136	1286
136	1779
136	2379
136	3806
136	3987
137	737
137	1177
137	3295
139	296
139	902
139	1033
139	1057
139	1455
139	1521
139	1975
139	2506
139	2680
139	3942
140	724
140	1083
141	459
142	275
142	1649
143	284
145	357
145	575
145	640
145	1255
145	1349
146	148
146	226
146	312
146	764
146	876
146	911
146	1323
146	1392
146	1584
146	1737
146	1963
146	2016
146	2031
146	2134
146	2404
146	2686
146	2722
146	2775
146	3647
146	3791
146	3990
147	1683
147	2051
147	2706
147	3086
147	3322
147	3896
148	768
149	2508
150	1616
150	3822
152	472
154	424
154	890
154	2045
155	208
155	492
155	1283
155	2781
155	2876
155	3298
156	478
156	727
156	832
156	1360
156	1436
156	1830
156	2434
156	2463
156	2724
156	3150
156	3801
156	3970
158	273
158	413
158	1018
158	1450
158	1815
158	2116
158	2167
158	2648
158	3068
158	3189
158	3769
158	3830
158	3966
159	268
159	753
159	789
159	1359
159	2328
159	3093
160	270
160	337
160	382
160	600
160	732
160	941
160	1059
160	1872
160	2037
160	2593
160	3142
161	184
161	203
161	221
161	235
161	308
161	331
161	341
161	537
161	835
161	971
161	1171
161	1322
161	1686
161	1735
161	1953
161	2066
161	3030
162	174
165	691
165	3432
166	285
166	661
166	674
166	1515
166	1639
166	1907
166	1969
166	3588
166	3639
167	266
167	277
167	418
167	716
167	811
167	1104
167	1319
167	1664
167	3264
167	3627
167	3651
169	1706
169	3456
169	3621
170	598
170	2771
172	802
172	926
172	1376
172	2762
172	2821
172	3179
172	3193
172	3253
172	3593
172	3957
173	396
173	725
173	1675
173	1806
173	2005
173	2143
173	2514
174	198
174	908
174	969
174	1525
174	1527
174	1572
174	3491
175	2801
175	2980
177	346
177	381
177	496
177	523
177	807
179	222
179	490
179	561
179	1172
179	1313
179	1385
179	1672
179	2171
179	2286
179	2323
179	3709
180	261
180	2729
181	359
181	952
181	1122
181	2846
181	3228
182	3015
183	480
183	800
183	1280
183	3782
184	1832
185	821
185	1288
186	1406
186	1570
186	1702
186	1718
186	2002
186	3116
186	3395
186	3800
187	215
187	311
187	506
187	519
187	989
187	1478
187	2911
187	3339
187	3427
189	3381
190	913
190	2254
191	202
191	441
191	1655
191	1728
191	2435
193	3367
193	3451
193	3949
194	415
194	2708
194	3851
195	278
195	292
195	412
195	564
195	763
195	917
195	1534
195	1762
195	3315
195	3844
196	336
196	3358
198	3831
199	886
200	454
200	677
200	1899
200	2164
200	2461
200	2466
200	2468
200	2766
200	2887
202	2622
203	1549
203	1863
203	3232
204	1992
205	676
205	1708
205	2125
205	3599
207	2572
208	629
208	704
208	3916
208	3932
210	224
210	254
210	265
210	316
210	344
210	403
210	565
210	630
210	751
210	1514
210	1543
210	1760
210	2109
210	2176
210	2521
210	3005
210	3457
210	3788
211	655
211	703
211	1051
211	3682
211	3794
212	1294
212	1789
212	3993
213	619
213	2321
213	3061
214	509
214	837
214	1186
214	1755
214	1871
215	246
215	2023
216	354
216	481
216	1053
216	1258
216	1890
216	2091
216	2364
216	2701
216	3356
217	586
217	720
222	352
223	3180
224	689
224	995
224	3243
225	406
225	1203
226	2191
229	258
229	683
229	1417
229	3961
230	249
230	639
230	762
230	914
230	1453
230	2052
230	2467
230	3276
231	375
231	1467
231	2726
232	238
232	279
232	439
232	518
232	815
232	851
232	1185
232	1745
232	1910
232	2277
232	2391
232	3484
233	271
233	374
233	597
233	860
233	1507
233	2373
233	2566
233	3762
234	936
238	255
238	360
238	1279
238	1421
238	2874
238	3138
238	3498
240	267
240	428
240	1012
240	1206
240	2147
240	2246
240	2636
240	2709
240	3182
240	3531
240	3938
241	706
242	410
242	1648
242	2053
242	2154
243	332
243	2035
244	318
244	617
244	636
244	920
244	2283
244	2320
244	2930
244	3151
245	250
245	567
245	2322
245	2551
245	2654
245	2670
245	3899
246	2963
247	738
247	1025
247	1799
247	2099
248	257
248	304
248	315
248	395
248	460
248	577
248	700
248	771
248	1016
248	1182
248	1487
248	1636
248	1659
248	2055
248	2115
248	2193
248	2661
248	2668
248	2713
248	2929
248	3246
251	534
251	1017
251	1224
251	1243
251	1930
251	1960
251	2170
251	2560
251	2718
251	2793
252	404
252	2579
254	1820
256	1420
256	2238
256	2319
256	3615
257	2358
259	891
259	3056
259	3543
259	3756
260	588
260	3904
261	438
261	566
261	679
261	958
261	1432
265	291
265	498
266	2192
269	2310
270	3051
271	423
271	510
271	1062
271	3148
273	1423
273	2411
274	366
274	616
274	666
274	1079
274	1249
274	3497
277	495
278	921
278	1125
278	2011
279	378
279	1935
280	405
281	574
281	743
281	966
281	1214
281	1653
281	2410
281	2937
281	3152
281	3520
285	434
285	797
285	1665
285	1796
285	2921
286	1252
287	1254
287	3649
288	329
288	452
288	1170
288	1210
288	1480
288	1881
288	1911
288	2209
288	2607
288	2732
289	641
289	1023
289	2346
289	2396
290	710
290	927
290	1154
290	1860
290	2442
290	3829
293	1998
293	3881
294	2952
295	2307
295	2848
296	590
298	1561
298	1574
299	416
299	1056
301	473
301	542
301	873
301	1734
301	2430
302	1461
302	3033
302	3291
303	383
303	470
303	928
303	1889
303	2018
303	2266
303	2295
303	2352
303	3641
304	476
304	485
304	2682
304	3568
305	631
305	759
305	1179
305	2153
305	2251
305	3573
305	3894
305	3959
306	330
306	497
306	584
306	726
306	742
306	784
306	1001
306	1035
306	1046
306	1348
306	1509
306	1623
306	2187
306	2268
306	2417
306	2764
307	951
307	1469
307	2038
307	2261
307	2534
307	2550
307	2640
307	3435
308	1938
308	2034
309	3230
310	849
310	1520
310	3798
311	2888
312	443
312	1165
312	1295
312	1454
312	1798
312	2546
313	1127
314	820
314	1063
314	2195
314	3828
315	3083
316	652
316	1681
317	458
317	842
317	1519
317	3224
318	2711
319	333
319	979
320	368
320	387
320	464
320	1284
320	1370
320	2211
321	1043
321	3488
321	3951
323	587
324	407
324	1894
326	933
326	1121
326	1446
326	1908
327	682
327	1008
327	1875
327	2978
327	3677
330	398
330	444
330	568
330	790
330	826
330	865
330	1600
330	1743
330	3327
331	392
331	475
331	530
331	988
331	1226
331	1795
331	1886
331	2077
331	2087
331	2420
331	2504
331	3670
331	3982
332	721
332	1984
332	3455
333	831
333	981
333	3680
334	1070
334	1610
337	1470
338	1526
338	3091
339	463
339	878
339	1550
339	2522
339	2885
340	695
340	1575
340	2088
341	929
341	1071
341	1212
341	1335
342	421
342	1622
342	2284
342	3010
343	1278
343	1371
343	1448
343	1583
343	1753
343	2524
343	3141
343	3360
343	3786
344	351
344	3547
345	551
345	765
345	1267
345	1780
345	2390
346	417
346	2808
347	2621
347	3288
348	358
348	451
348	2830
348	3850
350	1213
352	1744
352	1792
353	1633
353	2287
354	3279
357	3218
360	1593
360	2189
360	3657
361	1829
363	2030
364	750
364	986
364	3536
365	437
365	2075
365	2178
365	3583
366	1951
366	2578
367	888
367	3493
369	448
369	545
369	585
369	757
369	780
369	804
369	2681
369	2737
372	718
372	897
372	1328
372	1466
372	1926
372	2137
372	2858
372	3366
372	3530
372	3548
372	3648
373	399
373	557
373	803
373	907
373	1851
373	3095
373	3125
373	3222
373	3607
373	3770
374	3636
375	705
375	1501
375	2166
375	2369
375	2836
375	3221
377	488
377	975
377	1810
379	1941
379	2603
379	3212
380	461
382	731
382	801
382	1103
382	1228
382	2065
382	2343
382	2584
384	681
384	1959
384	3480
385	2727
387	3147
387	3448
388	627
388	1107
388	2152
388	3890
389	493
389	871
389	1401
389	1782
389	1856
389	2259
389	3354
390	850
391	1767
391	1993
391	3183
392	1929
392	2127
392	3133
393	813
393	937
393	1163
393	2132
393	2407
393	3045
394	2345
398	782
398	972
398	1752
398	2106
398	2243
398	2399
399	1116
400	1149
401	2799
402	1637
404	1609
405	999
405	3450
405	3880
407	1399
408	713
408	817
408	2348
409	1197
409	1382
409	2425
410	2104
411	854
411	1204
411	1428
411	3537
412	1426
412	1530
412	1994
412	2676
412	2816
412	3586
413	3849
414	1037
414	3471
416	833
416	845
416	1218
416	3724
417	1887
417	3018
417	3576
418	667
418	1395
418	2160
419	1678
420	494
420	501
420	1857
420	2405
420	3943
421	573
423	514
423	531
423	615
423	1386
424	425
424	723
424	3846
425	3097
426	525
426	582
426	620
426	829
426	909
426	1334
426	2464
426	3646
428	3074
429	799
429	1954
429	2763
429	2804
430	1355
430	1556
430	2014
430	2327
430	2672
430	2798
430	3334
431	520
431	583
431	774
431	812
431	940
431	1044
431	1085
431	3841
432	593
432	2613
432	3314
433	741
433	786
433	1510
433	1625
433	2526
434	688
436	570
436	866
436	1730
436	3187
438	1244
440	2663
441	2586
442	487
442	664
442	778
442	836
442	1128
442	1496
442	3139
442	3265
442	3413
443	2183
444	766
444	1108
446	536
446	670
446	717
446	1129
446	1747
446	1839
446	2605
446	2747
446	2749
446	3631
446	3917
448	775
448	1287
448	2509
449	1309
453	2581
454	1174
454	2083
454	2145
454	3487
455	1438
455	2033
457	1069
457	2244
457	2828
457	3619
457	3695
458	1178
458	3409
458	3474
459	761
459	1146
459	1151
459	1854
460	814
463	549
463	1781
463	2210
463	2736
463	3106
463	3744
464	468
464	474
464	524
464	678
464	698
464	1231
464	1443
464	1503
464	1558
464	3108
464	3344
464	3722
465	1265
465	2206
465	2225
465	2538
465	3104
468	956
468	3768
469	2745
470	1544
471	1620
473	1604
474	1060
474	2544
474	2927
474	3269
475	1934
476	1305
476	1817
478	482
478	1553
478	2587
480	556
480	603
480	712
480	3332
480	3462
481	528
483	1933
483	2356
483	3388
483	3464
483	3514
484	623
484	1528
484	1629
484	1777
484	1902
484	1996
484	3935
486	3719
487	1247
488	893
488	973
488	1343
488	1884
488	1973
490	1229
491	3075
491	3979
493	2258
493	3263
494	760
494	2151
494	3037
497	1738
497	1896
497	3181
498	634
499	887
500	1282
501	843
501	1169
501	2354
501	3821
502	653
502	783
502	2144
502	3729
503	1944
503	2015
504	2987
505	1024
505	2839
505	3562
506	648
506	1205
506	1555
506	1714
506	2667
506	2827
506	3996
507	945
507	1114
507	1235
507	1273
507	3284
508	739
508	809
509	3172
509	3988
510	1189
513	769
514	1101
514	1240
515	558
515	808
515	1242
515	1274
515	1804
515	2112
515	2273
515	3577
515	3597
515	3924
517	1529
517	3065
518	2078
518	2315
519	923
519	925
519	2302
519	2777
521	610
521	758
521	2110
521	2175
521	2301
524	3539
525	2452
527	1816
528	1411
528	1693
528	2347
528	3156
530	962
532	3994
533	861
533	1216
533	2809
534	2541
535	1372
538	1711
539	840
539	2696
540	659
540	773
540	906
540	1031
540	1493
540	1848
540	2148
540	3940
541	1368
541	2324
541	2331
541	2832
541	3025
541	3706
542	1925
543	1238
543	1465
543	3266
544	632
544	697
544	892
544	1769
544	3859
544	3873
545	2378
547	3730
549	3517
551	1362
551	1369
551	1687
551	2039
553	1557
553	2318
553	2844
554	614
554	770
554	991
559	944
559	2971
560	838
560	1546
560	1859
560	2532
560	3255
560	3704
561	2847
562	847
562	1074
562	1292
562	1464
562	2363
562	2986
562	3168
562	3655
562	3713
563	2298
564	746
564	3930
565	2947
565	3296
566	1266
566	1452
566	2012
566	3723
567	2255
568	1028
568	1437
568	2293
570	613
570	1567
570	1585
570	2239
571	618
571	904
573	578
573	1222
573	1677
573	2472
573	3637
574	701
574	1230
574	1408
574	1669
574	1909
574	2779
575	1225
575	1596
575	2549
575	3732
577	894
577	2642
578	1598
579	3616
580	1384
581	1764
582	2943
584	1424
584	1506
584	3802
585	1332
585	2231
585	2665
587	1740
589	967
589	3914
591	862
591	1485
591	2719
591	3379
593	3955
596	3067
597	669
597	1111
597	1301
597	2308
597	3926
598	1038
603	1034
603	1115
603	1463
603	1697
603	2216
604	3465
605	1088
605	2159
607	2970
608	2864
609	868
609	3620
610	1352
610	1397
610	2787
612	1488
612	2483
614	2197
615	1291
615	2475
616	1134
617	3673
618	1494
618	1803
618	1807
618	2476
618	2571
618	2631
618	2912
618	3526
618	3975
620	1947
621	3307
623	685
623	839
624	1427
624	2146
624	2219
624	2553
624	2879
625	2482
625	3311
625	3937
626	872
626	3453
629	1356
630	1595
630	2103
631	798
631	1989
631	2511
631	2604
631	3392
632	1361
632	1772
633	2500
634	1142
636	1042
636	2161
636	3324
637	2046
638	3021
646	3352
646	3612
647	1260
647	2021
647	2932
647	3372
651	946
651	998
651	1180
651	2114
651	2861
651	3185
653	823
653	1202
654	707
654	1022
654	1928
654	2817
655	1892
655	2794
656	1643
656	1732
656	2563
656	3342
657	1865
657	2489
657	3973
658	1126
658	1607
658	2297
659	858
659	2975
663	1100
663	2892
664	1416
664	1579
669	776
669	1346
669	1838
669	2556
669	3512
670	822
670	1251
670	1489
670	2366
670	3088
671	1495
671	1522
671	1537
671	2344
671	3382
671	3556
674	744
674	756
674	1329
674	1736
674	2525
678	722
678	898
678	1157
678	1347
678	1387
678	2996
678	3781
679	1967
679	2990
681	963
681	2059
681	2240
681	2656
682	3046
683	2241
683	3126
684	1390
685	947
685	3160
687	734
689	1285
690	1790
695	2641
696	2513
697	1029
697	1663
697	2432
697	3416
698	3946
699	1002
699	1158
700	1195
700	3201
701	912
701	1476
701	1482
701	1532
701	1615
701	1723
701	1905
701	3827
704	2502
705	3204
707	1539
713	1338
716	1903
717	1837
718	1055
718	1297
718	2688
718	3347
718	3972
721	2071
721	2117
721	2919
722	1166
725	1117
725	3277
726	3446
727	1597
728	3566
729	1684
730	2353
730	3385
734	1988
735	792
735	3681
736	3013
738	3340
740	2294
741	1133
741	1234
741	1468
741	3087
742	1065
742	1523
742	3662
743	900
743	1654
743	2278
744	910
744	1885
747	884
747	2883
748	864
748	2953
749	1345
749	3518
750	1019
750	1162
750	1473
750	1845
750	2042
750	2849
750	2875
750	3398
750	3978
752	3047
753	1511
753	1540
753	1785
753	2235
755	2291
758	1674
761	1405
761	3983
762	2988
763	2336
763	2973
764	1010
764	2100
765	2126
766	1078
766	1729
767	3710
770	1562
770	3516
773	2893
774	856
776	880
776	2873
776	3117
776	3968
777	785
779	787
779	949
779	1148
780	1505
780	1927
780	3964
784	1447
785	1761
785	2710
791	899
791	950
791	3239
791	3250
791	3780
793	3952
794	930
797	1410
797	1611
798	830
802	3234
803	1545
805	3355
806	1802
806	1900
806	3162
808	934
808	2157
808	3323
811	2073
811	2162
812	1906
812	1923
812	3351
814	1290
814	3393
815	1215
819	1999
819	3653
820	1090
820	1250
820	2384
820	3522
820	3797
821	1176
821	1897
829	883
829	1444
829	1788
829	2484
829	2519
832	903
832	1068
832	1109
832	1318
832	1645
832	2376
832	2438
834	2479
835	1194
837	2531
838	1542
839	987
841	3977
842	1606
842	2062
842	2300
842	2853
843	2309
843	3049
845	982
845	1030
846	1306
846	1340
846	1841
846	2172
846	2742
846	2819
846	2918
849	3417
849	3584
851	2122
852	1191
852	1208
852	1211
852	1919
854	3778
856	1671
857	1560
862	2414
866	3317
869	1873
869	2583
869	3765
870	922
871	2533
875	3223
875	3745
878	3574
879	943
882	1147
882	2992
885	1981
886	1351
886	2754
886	2898
887	2130
890	2182
890	2311
890	2753
892	1586
893	2811
893	3364
893	3564
894	2800
894	3843
896	1533
896	2372
896	2822
898	1075
901	2313
903	1067
905	1248
905	1393
906	3918
910	1320
912	2174
914	1077
914	1183
914	1538
914	1591
914	3813
914	3879
918	2185
919	938
919	1333
919	1879
920	2272
922	1092
922	1524
922	2288
925	990
926	1093
926	1198
926	1471
926	1502
926	1700
926	1977
926	2649
926	2773
926	2915
926	3007
926	3256
927	1685
928	1076
928	2196
930	2481
931	3500
932	1746
934	3328
934	3534
934	3714
937	1828
940	2746
943	1307
943	1624
944	1748
945	1102
945	2448
945	2455
945	3294
945	3606
945	3884
948	1363
948	1946
951	1314
952	1239
952	1339
954	960
954	1207
954	2186
958	2685
958	3948
959	3628
961	2679
961	3282
962	965
962	1118
962	2368
965	2179
967	1565
967	1658
967	1773
967	1982
967	2552
967	2588
967	3817
968	1080
969	1475
972	2361
972	2561
973	1048
973	2141
974	1011
976	1449
976	2700
977	1058
977	1256
978	1701
979	1379
979	2332
980	1354
980	2465
981	1087
985	1689
986	1836
986	2721
988	1688
988	2782
990	1131
990	1374
990	2460
991	1007
991	1192
991	3002
991	3815
992	2173
992	3736
993	3401
994	1725
994	2006
994	3357
997	1435
998	1317
999	2431
1004	1094
1004	2213
1004	2217
1004	2402
1004	2634
1004	3513
1004	3707
1005	2020
1005	2228
1006	3192
1008	1733
1011	3592
1011	3907
1013	2529
1014	1110
1014	1535
1014	2517
1014	2536
1014	3694
1014	3872
1016	1041
1016	2878
1016	3476
1017	3105
1018	2625
1019	1236
1019	1407
1019	2326
1019	2983
1019	3630
1020	1955
1026	2705
1026	2820
1026	2962
1027	3678
1030	1599
1031	1741
1031	2026
1031	2371
1031	2397
1031	3596
1032	1569
1032	3176
1032	3718
1033	1061
1033	1500
1033	3624
1034	2184
1034	3870
1035	1364
1035	1486
1035	1721
1035	2573
1040	1418
1040	2111
1040	2233
1040	2248
1041	3739
1042	2339
1043	3242
1045	2081
1046	1141
1046	2789
1046	2974
1047	2768
1048	2597
1050	1413
1051	1619
1051	3132
1051	3437
1052	1099
1052	3910
1053	2530
1054	3790
1061	1940
1061	2212
1065	1220
1065	3510
1067	3305
1070	2387
1070	3353
1070	3371
1071	3848
1072	1893
1073	1181
1079	1367
1079	1995
1079	2004
1079	2092
1079	3561
1080	3301
1080	3523
1080	3582
1086	1097
1086	1153
1086	1783
1086	2222
1086	2802
1087	2279
1088	3335
1090	1850
1090	3504
1090	3906
1092	2901
1093	3071
1095	1381
1095	1805
1096	2824
1098	1380
1098	2492
1102	3343
1103	3001
1104	1394
1104	1400
1105	1139
1105	3341
1109	1262
1109	2237
1109	3110
1110	2945
1112	1299
1112	1457
1112	3089
1112	3129
1112	3515
1119	1140
1119	1679
1119	2377
1119	2382
1119	3617
1120	3969
1121	2312
1121	3903
1122	2449
1123	2457
1127	2388
1130	2716
1131	3913
1132	1196
1132	1442
1132	1477
1134	1842
1134	3789
1135	2743
1136	2047
1141	1576
1141	2610
1142	1987
1143	3832
1144	1388
1144	1626
1144	3158
1145	2386
1145	3042
1152	2629
1153	1330
1153	2139
1156	1849
1160	1233
1164	3527
1167	1827
1167	2576
1167	2650
1167	3470
1168	1634
1170	3814
1173	1512
1174	1491
1174	1605
1174	2105
1174	2269
1174	2589
1174	3816
1175	1188
1175	2072
1176	1797
1176	2098
1178	1422
1181	3043
1181	3971
1183	1184
1184	1763
1184	2163
1184	3038
1184	3900
1186	1895
1189	1373
1189	3006
1190	2102
1191	1269
1192	3505
1193	1434
1193	3443
1194	1414
1194	3170
1195	3540
1197	1342
1197	1357
1198	1460
1198	1976
1201	1263
1205	1217
1205	1375
1208	2966
1209	1920
1210	1261
1210	2050
1210	2107
1210	3122
1211	1312
1211	3877
1212	1326
1212	1431
1212	1720
1212	3468
1214	1695
1214	2458
1215	3077
1220	1552
1223	3840
1226	2224
1231	2260
1231	2653
1235	3623
1237	3044
1238	2598
1238	3302
1238	3404
1239	3883
1241	1918
1241	2958
1244	1722
1246	2477
1250	1377
1258	2406
1260	2728
1261	1912
1261	3111
1261	3171
1268	3384
1271	1787
1271	2803
1274	1972
1276	2744
1277	2069
1277	3054
1277	3495
1277	3565
1280	2013
1280	2226
1281	1784
1281	2602
1285	3257
1290	1778
1290	2600
1294	3029
1298	3036
1300	1831
1300	2409
1300	2547
1300	2691
1300	2760
1300	2984
1300	3270
1302	2772
1303	2739
1305	1341
1305	3692
1305	3810
1306	2070
1306	2562
1309	2630
1309	2982
1311	2857
1313	1350
1313	2446
1313	3060
1314	2632
1314	3479
1316	1608
1316	1670
1316	2245
1316	2474
1316	3650
1321	1517
1321	1961
1321	2592
1323	1956
1323	3477
1324	2778
1325	1667
1327	1344
1329	2090
1329	2859
1330	1651
1330	3885
1331	1415
1331	2142
1332	1628
1332	2194
1333	2540
1335	1497
1337	2993
1339	1472
1339	2575
1340	3330
1348	3559
1352	1571
1353	1794
1353	2606
1354	3017
1355	1566
1355	1594
1355	3169
1358	2169
1361	3875
1362	1518
1364	3570
1367	3494
1368	1459
1368	1950
1368	2335
1369	2594
1369	2899
1374	2317
1376	2956
1377	3691
1378	1921
1378	2995
1380	1541
1381	3878
1384	3862
1385	2329
1386	1661
1386	2671
1389	2205
1389	2867
1389	3715
1390	2333
1390	3796
1391	3063
1392	3167
1393	1640
1394	2964
1395	2017
1396	1980
1397	2931
1397	3020
1397	3912
1398	1402
1400	1641
1400	3613
1402	2180
1405	2725
1406	1581
1406	3792
1408	1937
1411	2177
1412	1707
1418	1862
1423	2403
1431	1696
1434	3368
1436	3421
1437	2480
1437	3233
1437	3499
1442	2750
1443	2334
1444	2303
1448	2242
1448	3634
1457	2934
1457	3551
1462	1751
1462	2342
1463	2938
1464	3220
1464	3808
1465	2862
1465	3553
1465	3728
1465	3934
1467	2040
1470	3022
1470	3853
1472	3605
1473	2150
1478	2008
1480	2664
1483	2730
1484	1504
1488	2554
1488	3069
1491	1612
1492	2424
1494	1840
1494	2422
1495	3146
1495	3601
1495	3842
1495	3939
1497	3363
1499	2669
1502	2133
1503	1617
1505	2041
1509	2655
1510	3390
1511	2119
1511	2330
1511	2914
1511	3734
1512	1601
1517	2623
1522	1704
1522	2462
1524	2267
1530	2596
1530	3571
1532	2740
1536	2355
1537	1974
1541	3541
1541	3609
1542	3377
1542	3461
1547	1662
1549	1991
1550	2415
1550	2687
1551	1866
1556	2900
1557	1997
1557	2565
1557	2735
1557	2786
1558	2851
1563	2989
1567	3991
1570	2227
1571	2140
1574	3226
1576	2374
1580	1801
1582	3376
1586	2917
1589	3338
1589	3429
1590	3717
1591	3632
1593	1758
1593	2032
1593	2236
1593	2299
1595	1698
1595	3738
1596	3685
1597	2149
1598	1891
1598	2770
1605	2842
1605	3039
1609	2991
1610	1978
1610	2093
1610	3215
1613	1774
1614	1878
1615	3667
1616	3735
1619	2118
1630	2360
1630	2456
1638	2614
1638	3888
1639	2027
1645	3064
1648	2965
1652	3867
1655	3415
1658	2383
1659	3107
1660	2889
1664	1823
1667	2252
1667	3554
1668	2503
1668	3921
1674	1682
1674	2673
1676	1812
1678	3084
1687	2306
1688	1699
1688	1943
1688	3864
1693	3600
1696	3687
1698	3271
1700	1874
1702	1948
1702	2488
1702	3272
1702	3941
1704	1985
1706	3035
1706	3511
1706	3804
1708	2357
1711	3575
1711	3992
1713	1834
1713	2058
1713	2290
1713	2555
1713	2924
1713	3161
1716	1852
1716	2096
1716	3481
1717	3080
1717	3280
1720	1968
1721	3267
1728	1765
1728	2199
1728	3660
1729	3259
1736	1883
1736	3101
1736	3833
1763	3688
1769	1945
1769	2501
1769	3260
1771	2528
1772	2274
1772	2557
1772	2619
1772	2633
1773	2473
1776	3431
1779	3727
1783	2285
1785	3050
1785	3525
1792	2928
1793	2784
1795	3482
1799	3394
1799	3502
1800	2577
1801	2733
1801	2755
1801	2868
1801	3490
1802	2281
1804	2490
1804	2909
1812	2270
1814	1855
1814	2904
1816	2419
1817	2925
1817	3640
1819	2590
1821	2158
1824	2427
1825	1916
1825	2445
1825	2717
1826	2229
1826	3320
1826	3818
1828	2000
1831	2712
1832	2418
1835	2769
1836	3082
1840	2280
1840	2752
1843	2044
1843	2188
1843	3203
1844	2512
1847	2580
1848	2582
1854	3102
1855	2057
1859	3346
1862	1867
1862	3140
1864	3237
1868	2697
1875	3241
1875	3348
1878	1914
1880	3124
1883	2433
1883	3528
1897	1964
1897	2471
1901	3697
1901	3711
1902	3434
1903	2469
1903	3675
1906	2792
1908	3887
1910	2926
1912	2870
1913	3399
1916	2537
1920	3958
1924	2007
1926	3469
1930	2215
1930	2436
1934	3638
1937	2884
1937	3642
1937	3761
1938	3589
1940	2123
1940	2498
1940	3057
1942	3812
1943	2325
1943	3209
1944	1958
1946	2796
1947	2854
1951	2447
1951	3303
1952	2204
1954	2806
1960	2567
1960	2913
1969	3742
1969	3799
1971	3076
1981	1983
1982	2833
1982	2890
1982	3085
1982	3603
1983	2265
1983	2499
1983	3698
1989	2459
1993	3316
1996	3858
1999	3268
2003	2218
2003	3210
2008	3558
2009	2856
2012	2615
2012	3538
2013	3219
2014	3746
2015	2628
2016	2516
2018	2029
2018	3012
2018	3428
2018	3774
2024	2028
2024	2101
2024	2454
2024	3275
2034	2232
2035	2085
2039	2362
2039	2426
2041	2880
2041	3422
2041	3633
2046	3121
2046	3663
2049	3164
2050	3764
2054	2230
2056	3659
2057	3318
2061	3406
2061	3795
2064	3492
2065	2903
2072	2950
2073	3103
2074	2120
2078	3094
2083	3418
2095	2128
2099	3186
2100	2907
2104	2837
2104	3052
2105	3467
2107	2543
2112	2292
2112	2684
2112	3863
2114	2359
2119	2591
2122	2453
2125	2626
2127	2421
2129	3120
2130	3174
2133	3643
2134	3098
2138	2635
2140	2702
2143	3664
2144	2450
2144	3058
2146	2643
2151	3449
2153	3703
2157	2852
2157	3287
2159	2437
2161	2998
2162	3153
2166	2652
2166	2758
2166	3656
2167	2264
2172	2569
2175	3130
2177	2916
2177	3410
2179	3389
2179	3708
2180	2707
2187	2939
2187	3216
2188	3135
2188	3283
2188	3535
2188	3679
2188	3909
2190	3118
2192	2349
2192	3178
2194	3306
2200	3258
2203	2393
2203	2570
2205	2585
2206	2617
2206	3113
2212	2985
2212	3041
2213	2375
2214	3336
2219	3326
2219	3403
2226	2765
2234	3440
2239	2886
2245	3984
2249	3262
2252	3252
2255	3439
2256	2638
2256	3096
2261	2271
2274	2776
2274	3206
2280	3567
2282	2535
2286	3595
2286	3784
2289	2365
2311	2698
2313	2520
2314	2370
2314	3062
2316	3820
2316	3902
2322	3750
2326	3928
2327	2774
2327	3391
2334	3154
2338	3705
2343	3019
2343	3936
2347	2497
2348	3261
2349	3771
2354	2692
2354	3857
2357	3078
2359	3293
2366	3309
2377	3452
2378	3236
2379	3824
2383	2385
2391	3783
2393	2485
2399	3333
2399	3521
2400	3190
2404	2795
2409	2843
2410	3519
2411	3109
2420	3369
2420	3671
2424	3454
2442	3289
2469	2788
2469	3144
2471	3945
2474	3686
2476	2838
2476	3114
2479	2866
2480	3550
2484	3173
2484	3572
2490	3350
2499	3225
2505	3112
2505	3472
2507	3004
2508	3362
2511	2951
2514	3819
2519	2894
2519	3205
2524	3963
2539	3933
2542	2805
2543	3925
2544	3749
2554	3092
2555	3897
2562	2678
2562	3720
2565	2783
2576	2999
2576	3587
2580	3375
2583	2933
2583	3696
2587	3285
2588	2891
2600	3198
2604	3374
2604	3752
2605	2831
2626	3027
2640	2850
2640	3986
2645	3229
2645	3989
2646	3331
2652	3811
2655	3014
2656	2895
2658	2905
2658	3669
2667	2695
2671	2720
2673	3425
2686	3700
2687	3378
2693	3509
2698	3281
2698	3489
2699	3349
2700	3441
2701	3754
2705	2946
2705	3254
2710	2748
2712	3365
2715	3779
2718	2920
2721	2723
2721	2780
2733	2949
2740	3072
2740	3542
2742	3319
2749	3194
2749	3300
2758	3898
2758	3931
2770	3297
2770	3702
2779	3787
2781	3359
2784	3031
2788	3034
2792	3893
2794	2994
2797	3856
2802	3274
2803	2834
2811	3195
2811	3412
2813	2923
2837	3197
2852	2957
2854	2948
2856	3549
2859	2902
2859	3442
2867	2955
2867	3965
2869	2906
2872	3954
2891	3310
2894	3073
2897	2922
2897	3000
2907	3163
2912	3337
2918	3835
2918	3920
2920	3645
2929	3776
2954	2997
2973	3137
2973	3998
2976	3665
2985	3773
2991	3927
3000	3995
3014	3090
3019	3658
3042	3208
3043	3644
3052	3825
3056	3950
3072	3758
3074	3312
3077	3747
3080	3585
3086	3602
3092	3321
3099	3329
3114	3967
3122	3433
3126	3227
3128	3485
3130	3447
3166	3803
3190	3191
3191	3424
3197	3402
3198	3560
3206	3839
3210	3240
3214	3438
3228	3231
3249	3823
3280	3974
3288	3529
3301	3775
3302	3370
3302	3622
3324	3594
3334	3610
3334	3625
3335	3475
3339	3737
3358	3626
3399	3426
3405	3579
3407	3836
3455	3759
3455	3871
3458	3466
3458	3905
3473	3868
3473	3962
3474	3981
3498	3701
3502	3614
3514	3533
3521	3689
3534	3944
3546	3834
3548	3777
3573	3901
3578	3581
3618	3666
3635	3847
3712	3793
3724	3731
3778	3919
3833	3845
