# Undirected graph (each unordered pair of nodes is saved once): ScaleFree8000Nodes.txt
# Nodes: 8000 Edges: 7999
# NodeId	NodeId
0	1
0	146
0	269
0	2467
0	4168
1	2
1	3
1	4
1	5
1	6
1	8
1	9
1	10
1	16
1	18
1	19
1	20
1	23
1	25
1	28
1	30
1	36
1	37
1	38
1	39
1	43
1	45
1	68
1	77
1	79
1	83
1	84
1	117
1	124
1	134
1	158
1	178
1	182
1	192
1	198
1	203
1	238
1	249
1	264
1	274
1	283
1	310
1	315
1	333
1	358
1	369
1	375
1	381
1	396
1	398
1	399
1	404
1	407
1	425
1	434
1	450
1	455
1	464
1	472
1	479
1	482
1	502
1	510
1	537
1	539
1	548
1	552
1	554
1	562
1	589
1	611
1	613
1	625
1	635
1	651
1	655
1	700
1	762
1	781
1	782
1	783
1	792
1	808
1	812
1	856
1	881
1	883
1	884
1	886
1	900
1	906
1	919
1	944
1	976
1	1055
1	1079
1	1090
1	1103
1	1113
1	1115
1	1154
1	1175
1	1190
1	1211
1	1238
1	1240
1	1263
1	1284
1	1317
1	1321
1	1358
1	1372
1	1376
1	1392
1	1405
1	1408
1	1460
1	1490
1	1497
1	1529
1	1602
1	1630
1	1637
1	1666
1	1692
1	1704
1	1705
1	1749
1	1782
1	1810
1	1833
1	1844
1	1848
1	1867
1	1879
1	1886
1	1889
1	1893
1	1894
1	1903
1	1921
1	1922
1	1991
1	1995
1	1996
1	2116
1	2127
1	2161
1	2242
1	2244
1	2285
1	2322
1	2340
1	2407
1	2479
1	2500
1	2539
1	2546
1	2607
1	2619
1	2627
1	2652
1	2732
1	2770
1	2865
1	2905
1	2917
1	2965
1	2992
1	2998
1	3012
1	3040
1	3041
1	3048
1	3049
1	3060
1	3066
1	3093
1	3149
1	3175
1	3190
1	3321
1	3342
1	3429
1	3449
1	3488
1	3510
1	3528
1	3634
1	3653
1	3708
1	3735
1	3832
1	3953
1	3972
1	3975
1	3995
1	4050
1	4110
1	4123
1	4125
1	4155
1	4185
1	4213
1	4239
1	4246
1	4255
1	4290
1	4313
1	4376
1	4657
1	4686
1	4708
1	4790
1	4913
1	4970
1	4984
1	5010
1	5121
1	5123
1	5152
1	5170
1	5201
1	5213
1	5229
1	5278
1	5326
1	5350
1	5361
1	5391
1	5396
1	5411
1	5431
1	5515
1	5520
1	5562
1	5591
1	5646
1	5651
1	5671
1	5841
1	5865
1	5866
1	5904
1	5919
1	5944
1	6113
1	6132
1	6138
1	6185
1	6235
1	6239
1	6324
1	6328
1	6379
1	6415
1	6498
1	6519
1	6529
1	6589
1	6627
1	6629
1	6680
1	6721
1	6727
1	6772
1	6792
1	6814
1	7005
1	7027
1	7033
1	7096
1	7136
1	7153
1	7240
1	7253
1	7299
1	7355
1	7407
1	7445
1	7458
1	7550
1	7584
1	7591
1	7621
1	7636
1	7780
1	7807
1	7979
2	7
2	13
2	17
2	75
2	213
2	276
2	789
2	817
2	1038
2	2164
2	2440
2	2677
2	3626
2	3828
2	4269
2	5512
2	7484
2	7690
3	65
3	341
3	549
3	661
3	1027
3	1918
3	2067
3	2214
3	2889
3	3001
3	3441
3	3736
3	3829
3	4062
3	4641
3	6220
3	6714
3	7435
4	11
4	12
4	34
4	51
4	58
4	62
4	87
4	167
4	175
4	190
4	454
4	512
4	715
4	1105
4	1172
4	1256
4	1289
4	1537
4	1686
4	2379
4	2722
4	2944
4	3204
4	3291
4	3694
4	3891
4	4180
4	5059
4	5433
4	5741
4	6483
4	6774
4	7569
4	7679
5	14
5	15
5	135
5	143
5	179
5	485
5	1210
5	1451
5	1461
5	2962
5	3293
5	4526
5	4530
5	5556
5	5949
5	7285
6	72
6	89
6	99
6	177
6	200
6	418
6	445
6	574
6	757
6	1141
6	1157
6	1205
6	1307
6	1334
6	1467
6	1620
6	1926
6	2008
6	2027
6	2544
6	2566
6	2824
6	2987
6	3025
6	3640
6	3994
6	4310
6	4335
6	4693
6	4768
6	5546
6	6050
6	6059
6	6605
6	7174
7	21
7	48
7	57
7	69
7	139
7	145
7	154
7	187
7	201
7	237
7	240
7	246
7	284
7	328
7	373
7	383
7	570
7	579
7	833
7	841
7	987
7	1094
7	1165
7	1207
7	1209
7	1222
7	1277
7	1327
7	1330
7	1364
7	1370
7	1484
7	1510
7	1658
7	1801
7	1834
7	2026
7	2041
7	2199
7	2458
7	2919
7	2948
7	3171
7	3549
7	3806
7	3942
7	4126
7	4285
7	4349
7	4477
7	4559
7	4576
7	4605
7	4860
7	5039
7	5088
7	5292
7	5321
7	5539
7	5578
7	5724
7	6237
7	6273
7	6348
7	6491
7	6497
7	7181
7	7267
7	7392
7	7561
7	7913
8	183
8	206
8	463
8	1076
8	1738
8	2092
8	3480
8	3835
8	5772
8	6695
8	6732
9	22
9	47
9	120
9	131
9	165
9	169
9	235
9	339
9	357
9	368
9	475
9	492
9	607
9	617
9	702
9	719
9	904
9	916
9	925
9	1241
9	1486
9	1579
9	1606
9	1735
9	2391
9	2412
9	2731
9	3128
9	3633
9	4219
9	4648
9	5009
9	5104
9	5393
9	5625
9	7263
9	7991
10	107
10	423
10	432
10	631
10	643
10	871
10	896
10	1333
10	1381
10	1657
10	2196
10	2828
10	2997
10	3282
10	5066
10	5415
11	41
11	46
11	78
11	123
11	144
11	248
11	297
11	374
11	586
11	786
11	880
11	903
11	948
11	963
11	1145
11	1397
11	2410
11	2565
11	3417
11	3922
11	4151
11	4166
11	4282
11	5047
11	5495
11	5896
11	6928
11	6967
11	7133
11	7508
12	54
12	67
12	112
12	151
12	648
12	832
12	1767
12	2521
12	3221
12	3364
12	3573
12	3753
12	4937
12	5249
12	6495
14	63
14	98
14	133
14	150
14	176
14	217
14	251
14	299
14	345
14	444
14	632
14	683
14	809
14	811
14	858
14	874
14	1214
14	1234
14	1425
14	1535
14	1623
14	2205
14	2342
14	2559
14	2561
14	2674
14	2682
14	2938
14	2964
14	3103
14	3581
14	3728
14	3766
14	4012
14	4416
14	4626
14	4813
14	4963
14	5261
14	5883
14	7220
14	7302
14	7406
14	7677
14	7817
14	7900
15	82
15	103
15	119
15	279
15	331
15	344
15	391
15	426
15	478
15	604
15	637
15	718
15	834
15	934
15	1185
15	1259
15	1390
15	1491
15	1722
15	1733
15	2010
15	2018
15	2258
15	2320
15	2446
15	2983
15	3418
15	3866
15	5037
15	5103
15	5558
15	6189
15	6197
15	6380
15	6980
15	7573
15	7843
15	7872
16	91
16	614
16	1231
16	1281
16	2364
16	2623
16	2850
16	2947
16	2990
16	3334
16	4347
17	26
17	27
17	350
17	716
17	1350
17	2317
17	3253
17	3727
17	4706
17	5839
17	6708
18	50
18	95
18	199
18	259
18	298
18	349
18	595
18	642
18	662
18	727
18	820
18	860
18	872
18	935
18	1155
18	1260
18	1446
18	1449
18	1842
18	1865
18	1940
18	2025
18	2053
18	2166
18	2503
18	2667
18	2893
18	3097
18	3379
18	3669
18	3772
18	3809
18	4007
18	4448
18	4666
18	6950
18	7305
19	52
19	88
19	300
19	308
19	678
19	1305
19	1549
19	1572
19	2073
19	2181
19	2266
19	2739
19	3238
19	3252
19	4244
19	4822
19	7364
20	24
20	288
20	326
20	540
20	557
20	599
20	3080
20	3555
20	5319
20	7971
21	29
21	115
21	204
21	210
21	484
21	513
21	620
21	623
21	690
21	692
21	980
21	1012
21	1148
21	1225
21	1481
21	1775
21	4364
21	4839
21	5247
21	6011
21	6229
21	6378
21	7276
22	214
22	343
22	630
22	1342
22	4595
22	5324
22	7895
23	2392
23	3002
24	225
24	388
24	743
24	2155
24	2762
24	3484
24	4217
24	5672
25	35
25	53
25	111
25	166
25	302
25	428
25	517
25	550
25	619
25	686
25	773
25	814
25	878
25	945
25	1061
25	1245
25	1272
25	1351
25	1388
25	1939
25	2640
25	3036
25	3092
25	3148
25	3391
25	3543
25	3970
25	4004
25	4334
25	4697
25	4851
25	5221
25	5413
25	5794
25	7222
25	7492
26	1046
26	1156
26	1622
26	1771
26	2328
26	2934
26	3608
26	4240
26	4988
26	6915
26	7673
27	32
27	40
27	60
27	64
27	66
27	76
27	132
27	161
27	172
27	202
27	234
27	347
27	370
27	408
27	473
27	481
27	516
27	518
27	551
27	663
27	674
27	746
27	936
27	992
27	1084
27	1124
27	1167
27	1168
27	1332
27	1385
27	1504
27	1546
27	1610
27	1770
27	1884
27	1956
27	2042
27	2241
27	2247
27	2293
27	2304
27	2511
27	2612
27	2772
27	3112
27	3220
27	3246
27	3370
27	3371
27	3638
27	4694
27	5008
27	5064
27	5226
27	5297
27	5436
27	5502
27	5506
27	5533
27	5647
27	6033
27	7082
27	7338
27	7653
27	7678
27	7732
28	31
28	772
28	1082
28	1129
28	1417
28	1646
28	2555
28	2608
28	2844
28	4091
29	159
29	232
29	382
29	405
29	755
29	887
29	1251
29	1872
29	3551
29	5090
29	5227
29	6731
30	128
30	129
30	660
30	672
30	928
30	1030
30	1135
30	1494
30	3559
30	5106
30	5522
30	6595
31	42
31	59
31	121
31	136
31	149
31	155
31	170
31	993
31	1143
31	1173
31	1176
31	1403
31	1598
31	1756
31	1989
31	2344
31	2417
31	2906
31	3088
31	3591
31	3887
31	3895
31	3982
31	4486
31	5072
31	5217
31	5329
31	5747
31	5775
31	6035
31	6372
31	6608
31	6628
32	33
32	261
32	646
32	1080
32	1543
32	2833
32	2963
32	5101
32	5492
32	5806
32	7304
32	7454
32	7782
33	1112
33	4414
33	5307
33	7275
34	163
34	483
34	503
34	1473
34	1583
34	1963
34	2178
34	3184
34	4855
34	5015
34	6375
34	7706
35	6576
35	6617
35	6788
36	70
36	80
36	162
36	174
36	377
36	394
36	402
36	468
36	480
36	600
36	618
36	624
36	628
36	684
36	747
36	939
36	943
36	969
36	1198
36	1228
36	1371
36	1463
36	1575
36	1739
36	1809
36	1909
36	2029
36	2186
36	2360
36	2536
36	2588
36	3020
36	3698
36	3848
36	4178
36	4301
36	4464
36	4555
36	4586
36	4613
36	5310
36	5371
36	5829
36	6334
36	6457
36	6761
36	6979
36	7078
36	7109
36	7631
36	7721
37	180
37	731
37	1265
37	1361
37	4234
37	5430
37	6160
38	355
38	798
38	847
38	933
38	1162
38	1179
38	1229
38	1359
38	1730
38	1781
38	2914
38	2993
38	3875
38	4405
38	5280
38	6170
38	7933
38	7937
39	209
39	714
39	1016
39	1977
39	5821
40	140
40	253
40	1213
40	1420
40	5624
40	7691
41	188
41	652
41	745
41	1959
41	2276
41	2729
41	3387
41	3777
41	5571
41	6129
41	7888
42	6073
43	44
43	61
43	86
43	311
43	340
43	571
43	2202
43	2610
43	3788
43	5181
43	6630
44	560
44	1025
45	49
45	55
45	106
45	286
45	669
45	1004
45	1036
45	2408
45	3312
45	4787
45	4794
45	5381
45	6145
46	100
46	113
46	457
46	596
46	711
46	1944
46	2050
46	2543
46	3006
46	3714
46	3886
46	4192
46	4575
46	4653
46	4792
46	5523
46	6124
46	6660
46	7692
48	71
48	469
48	1014
48	3946
48	4466
48	5410
49	85
49	108
49	152
49	212
49	278
49	301
49	322
49	452
49	519
49	796
49	806
49	836
49	865
49	978
49	981
49	1042
49	1126
49	1200
49	1232
49	1352
49	1472
49	1558
49	1654
49	1725
49	1754
49	1946
49	1999
49	2634
49	2712
49	2797
49	2957
49	3155
49	3442
49	3521
49	3548
49	3556
49	3723
49	3862
49	4017
49	4261
49	4456
49	4585
49	4659
49	4747
49	4858
49	5250
49	5357
49	5472
49	5758
49	5941
49	6092
49	6186
49	6691
49	6787
49	6809
49	7216
49	7549
49	7664
49	7724
49	7744
50	227
50	411
50	417
50	636
50	705
50	764
50	1233
50	1843
50	2140
50	2847
50	2890
50	4544
50	6881
50	7548
51	1066
51	1780
51	2707
51	3245
51	4470
51	7698
52	122
52	194
52	294
52	2766
52	3177
52	6112
52	7714
53	244
53	348
53	567
53	656
53	1586
53	1614
53	4026
53	4116
54	92
54	219
54	416
54	509
54	530
54	780
54	958
54	1192
54	1569
54	1585
54	2398
54	2869
54	3090
54	3153
54	3375
54	4220
54	4420
54	5246
54	5710
54	6007
54	6075
54	6817
55	56
55	171
55	763
55	1542
55	2806
55	3407
55	5404
56	1902
56	1934
56	2394
56	2769
56	7727
57	318
57	421
57	427
57	437
57	616
57	753
57	1384
57	1470
57	1728
57	1941
57	2229
57	2314
57	2841
57	3015
57	3885
57	3900
57	4193
57	4550
57	5336
57	5401
57	5951
57	6255
57	7777
58	728
58	823
58	1072
58	1101
58	1304
58	1524
58	2057
58	3243
59	390
59	430
59	2839
59	6384
59	7875
60	74
60	189
60	920
60	1178
60	1255
60	1619
60	1994
60	2591
60	3058
60	3797
60	4954
60	5412
60	6130
60	6454
60	7810
61	109
61	127
61	138
61	181
61	285
61	352
61	558
61	588
61	839
61	955
61	1399
61	1955
61	2510
61	5656
61	5804
61	5805
61	6322
61	6331
61	6392
61	7268
61	7393
61	7671
62	96
62	104
62	153
62	164
62	230
62	250
62	252
62	258
62	336
62	410
62	439
62	697
62	713
62	877
62	1625
62	2354
62	2386
62	2505
62	2842
62	3017
62	3201
62	3574
62	6016
62	6707
62	7953
63	267
63	818
63	3132
63	3715
63	7259
64	988
64	2335
64	2861
64	3881
64	4726
65	148
65	185
65	1075
65	1883
65	2836
65	5161
66	90
66	193
66	290
66	533
66	774
66	1114
66	1850
66	2103
66	2517
66	3316
66	4620
66	4849
67	130
67	1871
67	2222
67	2433
67	2525
67	3240
67	4439
67	5242
67	5565
67	5690
67	5826
67	6598
67	7935
69	73
69	265
69	565
69	1421
69	1851
69	4094
69	4248
69	4419
69	4845
69	5833
69	6816
69	7740
70	142
70	256
70	873
70	1291
70	1480
70	2168
70	2216
70	2973
70	4905
71	3785
71	4681
72	1043
72	4628
72	4861
73	1127
73	1184
73	4229
74	681
74	1060
74	3518
74	7527
75	861
75	1627
75	2174
75	2902
75	4508
75	4718
75	5876
75	6173
75	7984
76	97
76	102
76	356
76	376
76	641
76	647
76	922
76	1323
76	1713
76	1990
76	2523
76	2547
76	3179
76	3410
76	3466
76	4191
76	4547
76	5762
77	2128
77	2359
78	220
78	364
78	435
78	1006
78	4318
78	4510
79	116
79	168
79	296
79	338
79	500
79	621
79	638
79	807
79	1469
79	2175
79	2221
79	2367
79	2387
79	2411
79	3141
79	3276
79	6991
80	81
80	330
80	679
80	738
80	3474
80	3589
80	5815
80	7936
81	101
81	222
81	313
81	412
81	1584
81	1969
81	2456
81	2590
81	2783
81	3670
81	4134
81	6271
81	6859
83	208
83	320
83	1748
83	2696
83	7137
84	229
84	573
84	756
84	1024
84	1093
84	1673
84	3028
84	3491
84	5142
86	1270
87	147
87	536
87	1861
87	1923
87	3313
87	3854
87	6231
87	7975
88	94
88	105
88	173
88	195
88	257
88	359
88	403
88	609
88	1121
88	1445
88	1788
88	2070
88	2519
88	3084
88	3267
88	3629
88	3751
88	4153
88	4309
88	4906
88	5669
88	5735
88	5952
88	7141
88	7948
89	125
89	275
89	494
89	1144
89	2260
90	826
90	2150
90	3609
90	3792
90	3849
90	5711
91	93
91	110
91	160
91	216
91	271
91	372
91	384
91	422
91	682
91	723
91	862
91	1018
91	1041
91	1069
91	1518
91	1678
91	1779
91	2063
91	2292
91	2396
91	2708
91	3173
91	3203
91	3228
91	3841
91	4022
91	4122
91	4351
91	4535
91	4797
91	4808
91	4924
91	4932
91	5092
91	5474
91	5521
91	5627
91	5885
91	6104
91	6244
91	6382
91	6403
91	6475
91	6503
91	6560
91	7229
92	486
92	4699
92	7280
93	626
93	843
93	1661
93	2065
93	2245
93	2605
93	2815
93	3140
93	4236
93	5975
93	6502
93	7705
94	327
94	7652
95	228
95	380
95	470
95	665
95	1044
95	1727
95	2494
95	2727
95	2955
95	4162
95	4671
95	5073
95	5255
95	5460
95	5799
95	6066
95	6618
96	1824
96	2632
97	1264
97	3027
97	4404
97	4948
98	266
98	593
98	1603
98	2629
98	4029
99	568
99	799
99	830
99	940
99	1368
99	1456
99	1615
99	1688
99	1913
99	2483
99	2857
99	3386
99	3711
99	5454
99	5791
99	7597
100	7469
101	114
101	118
101	736
101	5516
101	7642
102	460
102	708
102	952
102	1329
102	1825
102	2570
102	2578
102	2946
102	3577
103	242
103	4211
104	393
104	893
104	2052
104	2508
104	6573
105	768
105	4901
106	3106
106	4582
107	186
107	316
107	2395
107	3332
107	4060
107	4756
107	7787
108	1125
108	3285
108	5473
108	6320
109	205
109	2817
109	4172
109	6069
109	6860
109	6898
110	1608
110	1798
110	4031
110	6872
110	7819
111	1520
111	1924
113	184
113	197
113	415
113	1505
113	1920
113	2625
113	3979
113	5194
113	6248
113	6359
114	141
114	353
114	1197
114	1562
114	2033
114	2972
114	4546
114	7298
114	7609
114	7815
115	1164
115	1383
115	1808
115	3349
115	4077
115	6465
115	7291
117	295
117	458
117	1493
117	1525
117	1687
117	1795
117	3981
117	5218
118	566
118	1152
118	1985
118	3614
118	4798
119	126
119	741
119	1633
119	1636
119	2001
119	2329
119	2925
119	3057
119	3157
119	3481
119	4574
119	4983
119	5287
119	5582
119	6452
119	7791
120	526
120	1138
120	2122
120	2413
120	2939
120	3405
120	4148
120	6192
121	4078
121	4843
122	191
122	1588
122	2791
122	3114
122	3836
122	4950
123	1818
123	7043
123	7175
124	289
124	495
124	580
124	592
124	866
124	1932
124	2801
124	3292
124	3931
124	4038
124	4149
124	4262
124	4493
124	5274
124	5588
124	5698
124	6105
124	6207
124	6234
124	6304
124	7075
124	7871
125	506
126	137
126	4862
127	1294
127	4158
127	5513
127	5709
127	6115
127	6377
127	7507
128	360
128	528
128	664
128	2602
128	4161
128	5063
128	6539
129	354
129	545
129	698
129	999
129	2120
129	2284
129	2357
129	2556
129	2560
129	2956
129	4524
129	4570
129	4869
129	5422
129	5757
129	5979
130	323
130	4156
132	587
132	844
132	2088
133	2383
133	2733
133	4143
133	4165
133	5834
134	351
134	4525
135	304
135	979
135	2996
135	3509
135	3541
135	7274
136	282
136	287
136	329
136	387
136	532
136	913
136	1474
136	1632
136	1699
136	2007
136	2210
136	2603
136	4567
136	5285
136	6369
136	7048
136	7213
138	4668
138	4772
138	4919
139	926
139	1182
140	156
140	1098
140	2331
140	3773
140	4080
140	6182
140	6219
140	7251
140	7455
140	7643
141	324
141	342
141	547
141	857
141	2564
141	3232
141	3686
141	4467
141	4623
142	431
142	1726
142	2072
142	4378
142	5122
142	6139
143	241
143	487
143	709
143	1312
143	2991
143	3473
143	3677
143	4273
143	6596
143	7368
144	157
144	196
144	535
144	685
144	840
144	1313
144	1419
144	2802
144	4109
144	4606
144	4887
144	5745
144	6397
144	7051
146	2808
148	211
148	1832
148	7592
150	293
150	1508
150	2686
150	2843
150	5554
151	291
151	722
151	758
151	3680
151	4112
152	429
152	476
152	514
152	515
152	525
152	658
152	694
152	1437
152	1792
152	2151
152	2195
152	2831
152	3615
152	4130
152	4315
152	6525
152	7031
152	7207
152	7429
153	529
153	2476
153	2624
153	3811
153	5980
154	3760
154	4331
154	4896
154	7381
155	7379
156	977
156	1436
156	2898
156	3929
156	5341
157	1938
158	413
159	366
159	2542
159	3079
159	3547
159	7089
160	224
160	1804
160	2528
160	4549
161	218
161	1326
161	1402
161	1660
161	1768
161	1822
161	1827
161	2334
161	4495
161	4819
162	3399
164	1102
165	215
165	273
165	553
165	891
165	894
165	1047
165	1104
165	1570
165	1828
165	1911
165	2233
165	2599
165	2668
165	2885
165	3621
165	3839
165	3872
165	4587
165	5499
165	6365
165	6789
165	7037
165	7295
165	7553
166	1475
166	3337
166	5496
166	7536
167	671
167	863
167	5190
167	5497
168	1325
168	4989
168	7054
169	559
169	845
169	1130
169	2036
169	2920
169	6875
170	226
170	712
170	1201
170	1589
170	1642
170	1744
170	1786
170	2271
170	2290
170	2490
170	2606
170	2753
170	3692
170	4033
170	4647
170	5110
170	5130
170	5206
170	5626
170	6504
170	6805
170	6942
171	555
171	659
171	766
171	1641
171	4472
171	5687
171	6021
171	6089
171	6579
172	1252
172	5619
174	207
174	400
174	511
174	1758
174	2604
174	2656
174	3352
174	3606
174	4690
174	6871
175	223
175	6812
176	629
176	2436
176	2810
177	1466
177	3649
177	4237
177	6518
177	7195
177	7928
178	268
178	610
178	1571
178	2576
178	5485
178	6355
180	245
180	280
180	644
180	1249
180	1316
180	1394
180	1432
180	1753
180	1930
180	2622
180	2658
180	3505
180	4972
180	6345
180	7235
181	1967
182	961
183	541
183	4807
183	5902
184	1028
184	2429
184	3257
184	3402
184	3739
184	5932
184	6126
184	6501
184	7672
185	699
185	1285
185	3249
185	5129
185	5572
185	7099
186	262
186	730
186	4853
186	5437
186	7988
187	334
187	2535
187	3356
187	3759
188	770
188	1914
188	3279
188	4381
188	4995
188	5584
188	5649
189	2312
189	4537
190	243
190	277
190	414
190	601
190	1087
190	2125
190	2489
190	3339
190	3983
190	4704
190	4935
190	4974
190	5541
190	6724
190	6769
191	443
191	962
191	1266
191	1407
192	759
192	2718
192	4749
192	6351
194	337
194	3693
194	7134
195	312
195	1523
195	3314
195	3713
195	4337
195	4734
195	4765
195	4928
195	7861
196	591
196	4614
196	6521
198	967
198	1086
198	1945
198	3507
199	4563
200	231
200	859
200	1597
200	3804
200	4082
200	4323
200	6196
200	6712
200	6890
200	6903
200	7497
201	810
201	864
201	1719
201	3264
201	4118
201	4531
201	5887
201	7613
201	7670
202	221
202	233
202	606
202	1243
202	1357
202	2294
202	2880
202	2903
202	3464
202	3901
202	5160
202	5537
202	7261
202	7766
203	523
203	1117
203	1531
203	4588
203	6826
203	7604
204	649
204	851
204	1355
204	1440
204	1762
204	1857
204	4720
204	5445
204	7088
205	305
205	707
205	1616
205	3560
205	3603
205	3710
205	4446
205	4487
205	4818
205	5033
205	5091
205	5425
205	7530
206	303
206	706
206	1023
207	581
207	849
210	319
210	1146
210	3351
210	3519
211	813
211	2243
212	236
212	239
212	247
212	272
212	335
212	419
212	569
212	968
212	1193
212	1427
212	1556
212	2013
212	2584
212	2879
212	3003
212	3757
212	3762
212	4635
212	4782
212	6975
212	7346
213	309
213	921
213	3957
213	4519
214	392
214	1561
214	1746
214	2056
214	2780
214	2878
214	3024
214	3345
214	3366
214	4806
214	6577
215	4621
215	5427
216	317
216	497
216	797
216	1070
216	1356
216	1413
216	1455
216	1609
216	1763
216	2188
216	2234
216	2355
216	2376
216	2402
216	2617
216	2673
216	3357
216	3494
216	4030
216	5120
216	6031
216	6868
216	7351
217	5686
219	254
219	332
219	379
219	409
219	538
219	985
219	1202
219	1982
219	2404
219	2714
219	5886
219	7107
219	7751
219	7753
220	307
220	1551
220	2267
220	2399
220	3471
220	4103
221	507
221	1052
221	1845
221	1993
221	2194
221	3096
221	3570
221	4039
221	4064
221	5573
221	6588
221	7282
221	7650
221	7779
222	270
222	306
222	363
222	389
222	465
222	467
222	563
222	720
222	1186
222	1191
222	1319
222	1676
222	1709
222	1750
222	1757
222	1813
222	1814
222	1821
222	2189
222	2790
222	3118
222	3126
222	3361
222	3376
222	3384
222	3490
222	3660
222	3729
222	3927
222	4000
222	4228
222	4329
222	5446
222	5721
222	5845
222	5942
222	6250
222	6259
222	6597
222	7167
222	7221
222	7354
223	829
223	2737
223	3354
224	4527
224	4617
224	5701
224	6135
225	704
226	461
226	4150
227	583
228	490
228	938
228	1261
228	2461
228	3802
228	4303
228	4947
228	5482
228	5899
228	6846
228	7139
230	260
230	292
230	496
230	572
230	1337
230	1651
230	1816
230	2049
230	2323
230	2397
230	2750
230	2860
230	3005
230	3737
230	6706
231	689
231	2031
231	2586
231	4058
231	4138
232	453
232	942
232	1528
232	1647
232	7619
233	314
233	4891
234	263
234	459
234	653
234	1949
234	2180
234	2425
235	1118
235	1496
235	4735
235	4977
236	1936
236	2074
236	3607
237	281
237	424
237	777
237	794
237	2040
237	2213
237	2248
237	3514
237	3683
237	3874
237	4128
237	4311
237	5099
237	5594
237	6270
237	7070
237	7205
237	7336
238	804
238	1553
239	462
239	734
239	868
239	910
239	1624
239	1815
239	6265
239	7516
239	7925
240	6143
240	7896
241	657
241	2102
241	4362
243	771
243	2106
243	2994
243	4171
243	6801
243	7148
244	1752
244	4889
244	6587
245	867
245	1335
246	255
246	748
246	802
246	1212
246	3300
246	3699
246	3800
246	3948
246	3958
246	4449
246	4608
247	750
247	3550
247	7775
248	504
248	505
248	3997
248	4573
248	4815
248	6029
248	6174
249	2822
250	5592
250	5714
250	6055
251	2580
251	4224
251	4687
252	2350
252	2506
252	3183
252	3899
252	5749
252	7400
252	7593
252	7993
253	321
253	984
253	1092
253	1171
253	2630
253	2647
253	6332
253	6561
254	436
254	542
254	1379
254	1761
254	1840
254	2193
254	2225
254	3984
254	4652
254	6500
256	879
256	989
256	1512
256	1680
256	2165
256	3961
256	4286
256	4300
256	4445
256	6161
257	6745
258	3329
258	6591
259	1324
259	6183
259	7583
260	2558
261	499
261	4724
262	1099
262	1158
262	2261
262	3322
262	6813
265	6046
265	6593
268	1049
268	2295
268	2495
268	2826
268	3564
269	385
269	915
269	1108
269	2689
269	3381
269	4133
269	4571
272	831
272	6060
273	466
273	2173
273	7880
273	7969
274	346
274	1854
274	2912
274	2954
274	3731
274	4991
274	5926
274	6468
274	6678
274	7837
276	1147
276	3786
276	6766
278	362
278	1387
280	1448
280	2462
283	822
284	1559
284	2756
284	2813
284	6683
285	325
285	4902
286	701
286	740
286	848
286	1227
286	1700
286	1793
286	2377
286	2744
286	3348
286	3411
286	3467
286	3774
286	3940
286	4712
286	5147
286	5903
286	7856
287	564
287	612
287	966
287	1131
287	1292
287	1835
287	1841
287	2095
287	2114
287	2477
287	2637
287	2726
287	2897
287	3072
287	3398
287	3808
287	3826
287	4267
287	5002
287	5519
287	5598
287	5661
287	5810
287	6027
287	6154
288	1283
289	378
290	371
290	721
290	986
290	1907
290	3304
290	4034
291	3165
291	3470
291	5750
292	5726
293	3127
293	7961
294	917
294	1577
294	1846
294	2012
294	5263
294	5822
295	1613
295	2420
295	2916
299	2365
299	3176
300	534
300	1534
300	5043
301	367
301	650
301	899
301	1003
301	1039
301	1550
301	2039
301	2064
301	3113
301	3372
301	6025
301	6121
303	1503
304	1457
304	3212
304	4824
304	6291
306	440
306	732
306	778
306	825
306	1048
306	1439
306	1487
306	1511
306	1611
306	2170
306	2307
306	2343
306	2725
306	3647
306	3764
306	3959
306	4320
306	5397
306	5777
306	6470
308	489
308	582
308	1189
308	2574
308	2615
308	5527
308	7066
309	2356
310	7816
311	667
311	1434
311	1530
311	3482
311	4241
311	4993
311	6445
311	7451
312	3214
313	1663
313	2593
313	3424
313	4996
313	7952
314	827
314	1133
314	1870
314	3055
314	4577
314	4746
314	7612
315	956
315	4280
316	828
316	1226
316	1380
316	3955
316	4230
316	7191
317	2119
318	691
318	733
318	852
318	1803
318	1935
318	2091
318	2183
318	2438
318	2892
318	3277
318	3810
318	3884
318	4188
318	4500
318	4742
318	4866
318	4956
318	6303
318	6648
318	6739
318	6807
318	6905
320	645
320	673
320	800
320	3124
320	4603
320	7903
322	397
322	401
322	675
322	1073
322	1759
322	2763
322	4119
322	4207
322	4294
322	5678
322	6802
322	6937
322	7790
323	2035
323	2441
323	3021
323	6194
324	1085
324	2172
324	3104
324	3567
324	5689
324	6061
325	577
325	785
325	908
325	1022
325	1216
325	1863
325	2403
325	5187
325	7447
326	386
326	524
326	666
326	1576
326	1807
326	6364
326	7902
327	406
327	752
327	907
327	1005
327	3943
327	5989
328	4251
328	5911
329	438
329	1734
329	4762
329	5149
329	5705
330	1362
330	1539
330	2299
330	2740
330	3870
330	6172
331	2470
333	803
334	1426
334	3544
334	4578
334	5034
334	5126
335	4895
336	2481
336	3130
336	3134
336	5258
336	6540
336	6969
338	816
338	1181
338	1367
338	2129
338	2452
338	3208
338	5379
338	6339
338	7938
339	3583
340	521
340	931
340	1444
340	1626
340	2081
340	2110
340	2144
340	3248
340	3664
340	3971
340	6206
340	7579
341	2484
341	3925
343	6885
343	6964
344	1194
345	2246
345	4545
345	4682
346	501
346	1430
346	1541
346	2315
346	4339
347	3902
347	5271
347	5984
347	6026
347	6696
348	6117
349	1378
349	3628
349	5337
349	5654
349	6534
349	7095
351	365
351	680
351	751
351	1091
351	1701
351	1961
351	3045
351	3328
351	3362
351	3815
351	4127
351	5268
351	5353
351	5620
351	5936
351	6932
354	1328
354	4714
354	6408
355	576
355	1161
355	1578
355	1740
355	3465
355	4099
355	4583
355	5312
355	6562
355	7178
355	7401
358	361
358	1600
358	1689
358	2131
358	2524
358	2699
358	3143
358	3750
358	5314
358	5464
358	6825
359	3978
359	4028
359	7057
359	7196
360	6758
362	446
362	1110
362	2550
362	6366
363	1459
365	1020
365	1206
365	2463
365	5493
365	7432
366	3776
367	449
367	742
367	842
367	853
367	1199
367	1773
367	2148
367	2347
367	2513
367	2587
367	3019
367	3673
367	4371
367	4636
367	5601
367	5643
367	6106
367	6136
367	6783
368	2529
368	3394
369	2286
369	3119
371	420
373	520
373	602
373	3903
373	4204
373	5818
374	1300
374	1564
374	2422
374	4803
375	914
375	1555
376	2079
378	441
378	1071
378	1500
378	3195
378	3325
378	6466
379	584
379	3475
380	448
380	3778
380	6432
381	3338
381	4057
383	1010
383	1811
383	1875
383	2185
383	2792
383	3998
383	4010
383	4385
383	4542
383	6902
383	7471
384	491
384	634
384	687
384	1653
384	2414
384	2430
384	3904
384	4332
384	6490
384	7342
385	4953
386	695
386	2690
386	3969
386	4870
386	5543
387	850
387	1416
387	1837
387	2748
387	3280
387	3853
387	4744
387	5373
387	6018
388	451
388	456
388	779
388	1037
388	1163
388	1410
388	1418
388	2113
388	2567
388	2706
388	2895
388	2913
388	4093
388	4169
388	6093
388	6190
388	6532
388	6734
388	6866
388	7256
388	7646
389	395
389	3990
389	4238
391	897
391	998
392	471
392	775
392	854
392	1644
392	5071
392	7201
395	1527
395	4854
396	918
397	543
398	1684
398	2093
398	2361
398	5036
398	7763
398	7901
399	2501
399	2978
399	7323
401	889
401	905
401	930
401	1142
401	1346
401	1974
401	3271
401	4882
401	4967
401	5018
401	5251
401	5961
401	6292
402	477
403	1015
403	1081
403	4650
403	5417
403	7998
404	855
404	949
404	3452
404	3733
404	3855
404	4299
404	4616
404	7917
405	1208
405	2450
405	6385
406	1237
406	1476
407	2045
409	433
409	1217
409	3492
409	6241
412	795
412	1097
412	1119
412	1489
412	1812
412	2107
412	3434
412	3502
412	5382
412	5734
412	6971
413	2418
415	7410
416	603
416	5679
416	7841
417	442
417	2298
417	2472
417	3852
417	6768
417	7526
419	754
419	2055
419	2527
419	4105
419	4826
419	5128
419	5964
420	4242
421	447
421	1479
421	1973
421	2548
421	2642
421	2930
421	2980
421	3022
421	3082
421	3883
421	3963
421	4117
421	6864
422	633
423	493
423	744
424	725
424	1412
424	1629
424	5119
424	6119
424	7206
425	598
425	2135
425	3701
426	1064
426	1067
426	1423
426	1547
426	1580
426	2509
426	2979
426	5630
426	6958
427	527
427	2553
427	5788
427	5809
427	7535
428	474
428	2909
428	3844
428	5351
429	2332
430	2633
432	735
432	885
432	1054
432	1279
432	3098
432	3546
432	4020
432	4036
432	5237
432	5299
432	6300
432	6677
432	7254
432	7369
433	3210
433	3307
433	7039
433	7626
434	1017
434	1057
434	1063
434	7404
435	531
435	4644
436	729
436	2700
436	5084
438	1943
438	3869
438	4660
438	4883
439	488
439	1400
439	2728
439	4107
439	7226
440	959
440	1382
440	4006
440	5994
440	7434
441	2804
442	1299
442	6370
443	2316
444	522
444	4434
444	7709
444	7851
445	1347
445	1690
445	1714
445	2090
445	2488
445	4392
445	6861
447	2289
447	3720
447	6624
449	1068
449	6924
450	703
450	717
450	787
450	1065
450	1306
450	1983
450	2134
450	2256
450	2482
450	2538
450	2643
450	2951
450	3116
450	4521
450	5659
450	6064
450	6094
451	668
451	875
451	1683
451	6405
452	575
453	1311
453	2277
453	3993
455	677
455	3513
455	5347
455	6770
456	821
456	1078
456	2141
456	5744
457	3974
458	767
459	590
459	2449
459	3487
459	3506
459	4360
459	4796
459	5049
459	6821
459	7832
460	1013
460	1582
460	1621
460	3115
460	6998
461	544
461	1366
461	2021
461	4312
461	5157
462	888
462	911
462	1276
462	1874
462	2318
462	2515
462	4292
462	4764
462	5030
462	5345
462	5695
462	7188
463	923
463	1521
463	1769
463	2369
463	2825
463	3687
463	6441
463	7412
464	508
464	608
464	4489
464	6277
466	788
466	3297
466	4195
466	5256
466	6921
467	1478
468	1536
469	1789
469	2146
469	2149
469	3026
469	6088
470	739
471	7161
474	765
474	1247
474	1742
474	2207
474	2228
474	5360
474	6613
474	7387
474	7506
474	7974
475	3272
475	3435
475	4369
475	4766
475	7337
475	7805
476	3987
477	1077
478	498
478	974
478	1971
478	4359
478	4506
478	4710
478	4969
478	4975
478	6409
478	6880
478	7010
478	7326
478	7472
478	7528
478	7788
480	605
480	654
480	1948
480	2579
480	3499
480	4051
481	3196
482	929
482	1111
482	1273
482	2423
482	2478
482	2655
482	3610
482	7634
482	7997
484	1153
484	2929
485	1262
485	2303
485	3261
485	3287
486	3031
486	4247
488	1106
488	5300
490	2829
490	4579
490	6886
493	710
493	824
493	947
493	1248
493	1772
493	1966
493	3064
493	3803
493	5456
493	7420
493	7840
494	5031
497	3758
498	3918
498	5940
499	5993
502	6893
503	895
503	5133
504	556
504	1947
504	1952
504	1957
504	2457
504	3188
504	5779
504	7580
504	7623
505	1787
505	5929
508	2345
508	2765
509	2803
512	761
512	2687
512	2982
512	3814
512	4054
512	5704
512	5898
512	6985
512	7008
512	7356
514	4663
515	561
517	3365
517	4259
517	5383
517	5531
517	6329
518	1482
518	1693
519	1950
519	2799
519	3377
519	4804
519	7151
520	1981
520	5807
520	6478
520	7172
521	676
521	965
521	2280
521	4516
521	4821
521	5561
521	5868
521	7683
524	594
524	784
524	790
524	1160
524	1785
524	1984
524	4330
524	4940
524	5708
524	6412
524	6909
524	7718
525	3851
526	1441
527	890
527	1533
527	1876
527	3306
527	3497
527	4490
527	7741
530	6209
531	2086
531	2516
531	4496
531	6110
533	2670
533	7985
534	585
534	941
534	2427
534	4283
534	5013
534	5282
535	954
535	2279
535	2353
535	5143
535	5718
535	6653
535	7795
535	7798
537	819
537	3420
537	5180
537	7230
538	1501
538	1968
538	3180
538	5011
538	6003
538	6473
539	760
539	7942
540	546
540	1021
540	3189
540	4145
541	1011
541	1389
541	1563
541	2051
542	688
542	3281
543	4090
544	622
544	1516
544	1784
544	1823
544	1882
544	3209
544	3367
544	3938
544	4199
544	4319
544	5564
544	7696
546	902
546	1297
546	1912
546	2060
546	2138
546	2669
546	3150
546	4631
546	5028
547	639
547	971
547	4326
547	4509
547	6570
547	7735
549	1302
549	1360
549	1951
549	2378
549	2695
549	7995
550	2273
551	1656
552	1308
552	1336
552	1864
552	2272
552	3495
552	4440
552	4551
552	5675
552	6282
554	2187
554	2594
554	3571
554	3840
554	6165
554	7730
555	1236
555	3094
555	3174
555	4254
555	6647
556	3234
556	3585
557	6225
558	2514
558	3791
558	4086
558	4596
558	5609
558	6781
559	1522
562	4184
562	4190
563	1881
563	2717
563	3684
564	1506
564	1892
564	5315
564	5950
564	6438
564	7639
567	7725
568	801
568	876
568	1899
568	7749
569	1331
569	5369
570	578
570	1223
570	1274
570	1301
570	1873
570	1896
570	2896
570	2918
570	3166
570	3235
570	3250
570	5517
570	6155
570	6515
570	7123
571	615
571	693
571	1032
571	1035
571	2084
571	2380
571	5012
571	5022
571	5168
571	6251
571	6390
572	4066
572	6698
573	3046
573	3520
573	3842
573	3864
573	3876
573	3919
574	4867
574	5461
574	6326
574	7265
575	2191
576	2432
578	5491
578	7818
579	6149
580	2281
580	4308
580	7944
581	1373
581	2758
583	1652
583	3192
583	6175
584	1267
584	1858
584	3486
585	3193
585	3205
585	3707
585	5842
585	7293
585	7390
587	1477
588	3432
588	5298
589	597
589	793
589	975
589	995
589	1050
589	1059
589	1151
589	1338
589	1605
589	4922
590	4491
591	627
592	769
592	1134
592	1721
592	1853
592	2068
592	2795
592	3689
592	4008
592	4032
592	5026
592	5617
592	7438
592	7811
593	5622
594	1354
594	2374
594	2664
594	4520
594	7024
595	924
595	1339
595	1462
595	1958
595	2454
595	2877
595	3139
595	3242
595	3301
595	5958
595	6125
598	2321
600	1830
601	2069
601	2254
601	6549
602	4137
602	4422
602	6040
603	3230
604	3679
604	5526
604	6437
604	7122
605	3824
607	1928
607	4049
607	5858
608	670
608	1554
608	1898
608	2776
608	3233
608	4307
608	7061
608	7273
609	776
609	996
609	3033
609	5352
609	7911
611	3461
611	7890
612	1393
612	1499
612	2020
612	2237
612	3083
612	3775
612	4730
612	7502
613	3247
613	5145
613	6990
614	6840
615	2638
615	5967
616	1723
616	7842
617	2311
617	3217
617	6644
618	2648
618	2675
618	5440
618	6049
619	5418
620	6051
621	1288
621	7416
622	2324
622	2873
623	1662
623	2126
623	5166
623	7722
625	640
625	2704
625	5871
625	7120
625	7395
625	7512
628	2077
628	7029
628	7189
629	4840
629	7022
630	6784
630	7059
631	1166
631	3675
632	5209
632	7607
635	2781
635	6537
637	726
639	2297
641	1401
641	2232
641	3038
641	3433
641	4675
641	4847
641	4945
641	6253
643	1668
644	951
644	1447
644	2678
644	6705
648	1438
651	835
652	1257
653	1051
653	1409
653	1933
653	2830
653	6542
653	7829
654	724
654	882
654	1009
654	1485
654	2362
654	3557
654	3799
654	4684
654	5127
654	5913
654	6716
654	7218
654	7427
654	7827
656	912
656	2037
656	5086
657	2313
657	2475
657	2936
657	7916
660	696
660	1877
660	2688
660	2702
660	3187
660	4206
660	4751
660	4827
660	5615
660	5873
660	7747
661	964
661	983
661	5983
661	7431
661	7449
661	7476
661	7891
662	990
662	2002
662	7026
663	749
663	3110
663	3305
663	3661
663	5111
663	6862
663	7525
664	7140
665	1293
665	3681
665	6335
666	1433
667	791
669	2537
669	3200
669	3916
669	6635
673	937
673	2502
673	3438
673	3565
674	1109
674	2217
674	5191
675	7385
676	1196
676	2465
676	2827
676	4607
677	1515
677	1568
679	4513
679	7279
680	1755
680	2192
682	898
682	2405
682	2657
682	4136
682	5175
682	6096
682	6362
682	6690
682	7142
682	7951
683	1170
683	3889
683	4558
683	6446
684	737
684	970
684	1271
684	1679
684	2752
684	4398
684	4402
686	3436
687	6254
689	837
689	1599
689	7320
690	973
690	1665
690	2390
690	3911
690	4580
690	4752
693	1031
693	1139
693	1140
693	2421
696	4037
697	6233
698	1878
698	4275
698	4611
699	2075
699	2533
699	3534
699	4523
699	6315
699	7168
700	6151
702	1471
703	5094
703	5552
703	5699
703	7324
703	7425
705	2333
705	6759
707	7743
708	1088
708	7869
709	2534
709	6568
710	932
710	6517
712	2679
713	815
713	2201
713	2767
713	3095
713	3704
713	4700
713	4909
713	6484
713	6733
714	3999
714	4356
715	2159
715	5479
715	5787
715	6982
715	7003
715	7411
716	1244
716	7873
717	2022
717	4365
719	1095
719	1631
719	3818
719	6508
720	892
720	7086
721	3135
721	3910
723	909
723	1707
723	5481
723	5636
724	1007
725	3401
725	3493
725	5715
725	6298
725	7237
726	1674
726	1908
726	2253
726	3763
727	1706
728	1741
728	4408
728	5931
728	7257
728	7426
729	1150
729	1424
729	2218
729	3892
729	5621
729	7176
730	1698
730	3255
731	6284
732	1220
732	2349
732	2862
732	6156
734	4479
734	7978
735	1960
735	6461
736	2661
737	1377
737	4293
739	4471
739	5820
741	946
741	1074
741	2439
741	2757
741	3747
741	7500
742	838
742	1526
742	1765
742	2428
742	5607
742	7852
742	7906
743	1365
743	1507
743	1640
743	1866
743	2370
743	3023
743	3422
743	4215
743	4383
743	4722
743	5688
743	6458
743	7430
743	7617
744	1280
744	2447
745	1295
745	1296
745	1348
746	2132
746	7511
746	7589
748	1303
751	953
752	7760
753	5995
754	1000
754	2683
754	2703
755	1254
755	3219
755	7909
757	1488
757	3569
757	5004
757	6713
759	1002
759	3350
759	5205
759	5259
761	1422
761	2468
761	3071
762	2300
763	1033
764	4444
764	6058
764	6556
766	1732
766	4926
766	5943
767	2142
767	7040
768	1859
769	5566
770	5667
771	5389
774	2282
774	2967
774	3018
774	3463
774	3622
774	4511
774	7533
776	805
776	2585
776	2989
776	3089
776	3635
777	2778
777	3917
778	1465
778	2032
778	4553
779	5930
781	994
782	1495
782	2154
782	4539
782	6894
783	1239
783	1544
783	1565
783	1862
783	2846
783	3685
783	4358
783	4541
783	4942
783	5860
783	7233
783	7260
783	7885
786	4427
788	1001
788	2118
790	3373
790	5276
791	2054
791	4894
793	2557
794	3146
794	6214
794	7582
796	1314
796	1595
796	2834
796	6352
797	846
798	1677
798	2082
798	4880
799	3580
801	1100
802	5720
804	869
804	1056
804	1667
804	5044
804	6082
804	7487
805	6002
806	1204
808	4202
809	3662
809	6510
813	1128
813	4252
815	1253
815	1309
815	7878
816	2747
816	4325
816	7030
817	1888
817	4131
817	5124
817	5131
817	5602
818	4457
818	5716
819	1806
820	3738
822	2424
823	957
823	960
823	1008
823	2653
823	5151
824	3131
824	7080
825	2325
827	6450
828	1849
828	2601
828	2720
828	2910
828	5402
828	6203
828	7242
831	950
831	3554
831	4243
833	1116
833	4458
834	3458
834	5638
834	7289
837	4120
839	2275
840	7414
844	1120
844	2339
844	2697
844	3168
844	3740
844	4836
844	5253
844	5894
845	7588
846	1442
846	2076
846	2224
846	7341
847	1250
847	3882
848	6215
848	6333
849	1363
849	3599
849	4884
853	1618
853	1790
854	3625
854	3749
854	4021
855	1177
856	2274
856	2649
856	2745
856	2794
856	2832
856	2881
856	4354
856	4483
856	6152
856	6883
856	7073
857	7322
858	4622
860	870
860	1703
860	3274
860	3479
860	5050
861	6729
862	927
862	4194
862	5220
862	6977
863	901
863	1736
863	2899
863	4604
863	7184
863	7770
866	3697
866	7292
867	1230
867	5006
867	6806
868	1396
868	2415
868	2835
868	4338
868	7682
869	1040
869	1246
869	2047
869	2950
869	5017
869	5956
870	1221
870	6694
872	1548
872	3676
872	7552
873	1137
873	3779
873	5169
873	5738
873	7079
875	2190
876	1685
876	5632
879	2259
879	2562
879	4528
879	4832
879	6358
880	2784
881	1218
881	4418
884	2858
885	2179
887	4501
887	7244
889	3816
889	7419
889	7844
890	2104
890	4441
890	6101
890	7590
892	5518
892	5884
893	1107
894	2121
894	2385
894	3838
895	1509
895	1986
895	4264
895	5945
895	6041
896	3099
897	4997
898	1029
898	4933
898	5680
898	5811
898	7781
899	3426
901	3331
901	3414
901	4001
901	6566
902	1697
902	3489
902	4540
902	5608
904	1794
904	4910
906	6048
907	1694
908	982
908	1019
908	1349
908	1891
908	2157
908	2621
908	3623
908	4920
908	5372
908	7630
909	991
909	2900
910	972
913	7774
914	4276
914	4715
914	7072
915	5987
916	6947
917	4272
917	5266
917	6513
918	1937
918	2985
918	3632
918	6858
918	7480
921	1532
921	2305
921	3868
921	5870
921	7688
923	5837
925	6552
925	7992
926	1669
926	2988
926	3893
926	6146
926	7234
927	1429
927	3416
927	4302
927	4397
928	1415
928	2326
928	3601
931	1290
931	1513
931	2108
931	5113
932	1089
932	3102
932	3395
933	2066
933	2927
933	4044
933	4594
933	6718
934	1414
934	1617
934	1797
934	3129
934	4019
934	7676
934	7957
938	2945
938	4387
938	6442
939	1026
939	1386
939	1431
939	1443
939	1514
939	1720
939	2393
939	2975
939	3913
939	3967
939	7114
940	2062
941	1353
941	2848
941	3360
941	3702
941	3933
941	5140
941	5214
941	7622
941	7907
941	7919
942	5569
944	7466
945	1269
945	6891
947	2451
947	3798
947	7638
948	4377
951	2009
954	1972
954	2884
954	4363
955	1315
955	3369
956	1464
956	2518
957	5828
958	1345
958	1672
958	1901
959	1034
961	1188
961	2970
961	5178
963	1053
963	3030
963	6828
963	6946
965	6164
966	2416
966	2611
966	2883
966	4835
967	2319
967	3063
967	3906
968	2268
968	6765
968	7585
969	3226
969	3642
969	4065
969	4844
969	6356
969	7065
970	6336
971	1096
971	1458
971	2024
971	2139
971	2636
971	3558
971	5770
971	7711
974	7931
975	2549
977	1083
977	1391
977	1566
978	1498
978	7225
981	1058
981	1594
981	2641
982	5498
983	1869
983	1917
984	6056
985	7659
987	3302
988	1183
988	2867
988	4336
989	2306
989	4591
990	5970
991	2262
991	3330
991	7272
992	3380
992	3952
992	5289
992	5486
992	7448
992	7958
994	5020
996	997
996	1278
996	1454
996	2406
996	2730
996	2816
996	4480
996	4982
996	5668
996	6202
996	6492
997	1062
997	1590
997	3517
997	4321
997	4593
997	4959
997	5007
997	5327
1000	3011
1003	2200
1003	2864
1003	4170
1003	4556
1004	7839
1006	2046
1006	3756
1008	2738
1008	4382
1008	4566
1008	4692
1008	6131
1010	1159
1010	2096
1010	2460
1010	2882
1010	5920
1011	4403
1014	1275
1018	1747
1019	7067
1020	1601
1020	4352
1020	7614
1022	1318
1022	3825
1022	5144
1022	6224
1022	6323
1024	4394
1025	3450
1025	5089
1025	5395
1025	5824
1025	6350
1025	7343
1025	7518
1027	3244
1028	3288
1028	7025
1029	2158
1029	5596
1029	7600
1030	3393
1031	1136
1032	3120
1032	7554
1034	1310
1034	2239
1034	2330
1034	2616
1037	1731
1037	7238
1039	1132
1039	1258
1039	1450
1039	1596
1039	2163
1039	3439
1039	4281
1039	4971
1040	1149
1040	6153
1040	6177
1042	1045
1042	1645
1042	2005
1042	4789
1042	4838
1042	6702
1042	7164
1043	3151
1043	5511
1045	2966
1045	3145
1046	1729
1046	7071
1046	7491
1047	3170
1048	2016
1048	5102
1048	5265
1050	2085
1051	7750
1053	1195
1053	1203
1053	1320
1055	1708
1055	5846
1055	6544
1056	2431
1056	6749
1062	1587
1062	5447
1065	2238
1065	6420
1065	6936
1066	3865
1066	5801
1068	2101
1068	3584
1068	5080
1068	5730
1068	7311
1069	2153
1069	5751
1070	7269
1073	1942
1074	1169
1075	1820
1076	2466
1077	1695
1077	1743
1077	3954
1077	4216
1077	4584
1077	5825
1077	7203
1078	1702
1078	2257
1078	2613
1079	2821
1079	3857
1079	4002
1079	4174
1080	1404
1080	1776
1080	5305
1080	6744
1080	6904
1081	2491
1084	2291
1084	4780
1084	5232
1084	5317
1085	1123
1085	1492
1085	3605
1085	3617
1085	3718
1085	3858
1085	6269
1086	3412
1086	4627
1087	3767
1088	2600
1088	3323
1088	5879
1089	5778
1090	1634
1090	1671
1091	5264
1095	2089
1095	2435
1095	3199
1095	3211
1095	3236
1095	3846
1095	7778
1096	1540
1096	1648
1096	2011
1096	4868
1096	7347
1097	1122
1097	1910
1098	3397
1098	7838
1100	2212
1101	1341
1101	6643
1101	6929
1102	1215
1102	2269
1102	2571
1102	3646
1102	6367
1102	7063
1103	4372
1103	6083
1103	7562
1105	4430
1105	5222
1106	1298
1106	7915
1107	2735
1107	2774
1107	2793
1107	3655
1107	4287
1107	4538
1107	4841
1109	2000
1109	6297
1109	6319
1110	1805
1110	2270
1110	2474
1110	3108
1110	3251
1110	3796
1110	3996
1110	4342
1110	5216
1110	5304
1110	5339
1110	6325
1111	3336
1111	5432
1112	3768
1113	1286
1113	5985
1115	1224
1115	3784
1116	1235
1116	1591
1116	1643
1116	2044
1116	3454
1117	1406
1117	1612
1117	2278
1119	1374
1119	5935
1121	4748
1122	1180
1122	2915
1122	5075
1127	2352
1127	4388
1128	3207
1131	1268
1131	4061
1131	5503
1131	6865
1132	3593
1132	4412
1133	7177
1136	3914
1136	5193
1136	6820
1136	7047
1136	7982
1139	7641
1139	7949
1141	2644
1141	5567
1141	5713
1142	2251
1142	3688
1142	4108
1142	4298
1142	6230
1146	1593
1146	2771
1146	4453
1147	3073
1147	7160
1150	1174
1150	5132
1150	7962
1151	1560
1151	2486
1151	3620
1153	1604
1153	4085
1154	2453
1154	4368
1154	5593
1154	6687
1156	2870
1156	4048
1156	6211
1156	6918
1156	7117
1157	4678
1157	4733
1157	5717
1160	3133
1160	4274
1160	4435
1163	1745
1163	1819
1165	1242
1165	4196
1166	1453
1166	4345
1166	4741
1167	1411
1167	4069
1167	4717
1168	3516
1168	4013
1170	3579
1170	4561
1172	4689
1174	2921
1174	4436
1175	1711
1175	2014
1175	2545
1175	2693
1175	5459
1175	6771
1177	4758
1177	5722
1178	5843
1179	1799
1179	1890
1179	5450
1181	3013
1183	1856
1184	2058
1184	4543
1185	4802
1185	5563
1185	6006
1186	1187
1186	1978
1186	6459
1188	1607
1188	2575
1188	4024
1188	4850
1188	6261
1189	2504
1190	2459
1190	5225
1190	7228
1191	5003
1191	6743
1193	6157
1193	6169
1193	7853
1194	1718
1194	2573
1194	3077
1194	3928
1194	4265
1194	4619
1194	4713
1194	6541
1194	6753
1194	7687
1195	3262
1195	3956
1196	2112
1196	3125
1196	3923
1196	5426
1196	6223
1196	6590
1196	7755
1201	6393
1202	1517
1202	2455
1203	3123
1203	6477
1203	7520
1205	1468
1205	2160
1205	2620
1205	4212
1205	7757
1206	6952
1208	1655
1208	3004
1208	6855
1210	3425
1214	5114
1215	1219
1215	5673
1216	4459
1216	7473
1226	3530
1227	1817
1227	6988
1228	1904
1228	2226
1228	5203
1230	1574
1230	2609
1230	2760
1230	4557
1231	2310
1231	3215
1231	3859
1231	4864
1231	4985
1231	5146
1231	7947
1235	3966
1236	1650
1236	7889
1238	4820
1238	6087
1240	4205
1240	5971
1240	6274
1241	2823
1241	3298
1241	3468
1243	2017
1243	3159
1243	3353
1243	3652
1243	5000
1244	3178
1244	3637
1246	5808
1246	7734
1247	1628
1247	2663
1247	2764
1247	4250
1248	2628
1249	1282
1249	1322
1249	1925
1249	2230
1249	2426
1249	2444
1249	2961
1249	3043
1249	3218
1249	3485
1249	3590
1249	4702
1249	5107
1249	6122
1249	7349
1250	2124
1250	3503
1250	6009
1250	6232
1252	2671
1252	3538
1254	2788
1254	3403
1257	5014
1258	1343
1258	5973
1259	4775
1259	6738
1259	7836
1260	4035
1260	5628
1262	2197
1262	2373
1262	2768
1262	2773
1262	2888
1262	3333
1262	3976
1262	4852
1262	6091
1262	6919
1262	7513
1262	7814
1262	7964
1263	3536
1263	4009
1263	6835
1264	1774
1264	4098
1265	1395
1265	4059
1265	4725
1266	5322
1267	7090
1268	1344
1268	1724
1268	5424
1270	7000
1272	2028
1272	4328
1275	1287
1275	3455
1277	1369
1277	1428
1277	1452
1277	1895
1277	2100
1277	2252
1277	2974
1277	4257
1277	4340
1277	4793
1277	5356
1277	5977
1277	6488
1277	7799
1279	1483
1279	2968
1280	5819
1282	2219
1282	3448
1282	4645
1282	7509
1282	7739
1283	3070
1283	6736
1284	2660
1286	4871
1286	6876
1287	3730
1287	7596
1288	1682
1288	3641
1289	3880
1291	1340
1291	1847
1291	2206
1291	2563
1291	3029
1291	3283
1291	4344
1291	5616
1291	6934
1292	1778
1292	7647
1296	3563
1296	4135
1296	5291
1298	3069
1300	7077
1302	2464
1302	3949
1302	4023
1302	6740
1302	7118
1303	5438
1303	7806
1304	2736
1304	7680
1304	7899
1307	1715
1307	2568
1307	3044
1307	3457
1307	4043
1307	7946
1308	1975
1308	3256
1308	5192
1309	7495
1310	4092
1310	4674
1310	5061
1310	5444
1310	6873
1311	2143
1311	4534
1311	6626
1313	6176
1314	6601
1314	6676
1315	2162
1316	4393
1317	7762
1318	1800
1318	1927
1318	2923
1318	6578
1319	6144
1319	6150
1321	2023
1321	2786
1321	2969
1321	4249
1321	5270
1321	6417
1322	2419
1324	4642
1324	7783
1325	7649
1327	6897
1328	1538
1328	3296
1328	4225
1328	4284
1328	4426
1328	4533
1328	4811
1328	5488
1328	6134
1328	7209
1329	2264
1329	3202
1329	3320
1329	4391
1329	6142
1330	4042
1331	2061
1333	1375
1333	3181
1333	3270
1333	3657
1333	3861
1333	4461
1333	5068
1333	6623
1333	6640
1333	7170
1333	7648
1334	6913
1335	3047
1335	3437
1335	3522
1335	5855
1335	7439
1336	1545
1336	1988
1336	1998
1336	4957
1336	6118
1337	4289
1337	7006
1337	7450
1338	3105
1340	5991
1341	1777
1341	1860
1343	7759
1344	1552
1345	2003
1346	2015
1346	2401
1348	2942
1349	3269
1349	3524
1351	4454
1353	2789
1353	6575
1357	2371
1358	3062
1360	3860
1360	4227
1360	5703
1360	5910
1362	4341
1364	4101
1364	5914
1364	5960
1364	7199
1365	1962
1366	3390
1367	4729
1367	6658
1369	1639
1369	3317
1370	4197
1370	6486
1370	6877
1370	6978
1371	6054
1371	7966
1373	3268
1373	3651
1374	2169
1374	2551
1374	2953
1374	2959
1374	3878
1374	7463
1377	5306
1378	1681
1379	2569
1381	2111
1381	3000
1381	4183
1381	6090
1383	2348
1386	3311
1386	5134
1387	2019
1392	3671
1394	6848
1395	4260
1396	1398
1396	3863
1397	1838
1397	4132
1397	7098
1400	1852
1400	2592
1400	4973
1402	2204
1405	4389
1408	2597
1408	2787
1409	1557
1412	5888
1415	2512
1417	4825
1417	5208
1420	2448
1420	2984
1420	3666
1423	1751
1424	6571
1427	1435
1427	2152
1427	3289
1427	4554
1427	5252
1427	6836
1428	5334
1429	4304
1429	5032
1431	5468
1435	2986
1436	1519
1437	3991
1437	4771
1438	6546
1438	6854
1441	5443
1442	2087
1443	1868
1443	3039
1443	7616
1444	4515
1444	5580
1446	6039
1447	1766
1447	2381
1448	4469
1448	4701
1448	7697
1450	3308
1451	2761
1451	5963
1451	6008
1456	3877
1457	3075
1457	5118
1457	6047
1457	7352
1459	1592
1459	2526
1460	1737
1460	4848
1460	7707
1462	3035
1463	1567
1463	1638
1463	1659
1463	1826
1463	2341
1463	2530
1463	3527
1463	4676
1463	5754
1463	6252
1464	1980
1465	6636
1466	3717
1466	4424
1466	6388
1466	7886
1467	5786
1470	3076
1470	4784
1470	4799
1470	5798
1470	7334
1472	7544
1473	2838
1475	1573
1475	3335
1475	5644
1475	7945
1476	3572
1476	3813
1477	1712
1478	2631
1479	2094
1479	5060
1482	2098
1482	2705
1482	3726
1482	7009
1484	2123
1484	4481
1484	4904
1485	2937
1485	5281
1485	7202
1486	3894
1486	4106
1488	2681
1488	5635
1489	1502
1490	3515
1490	5780
1492	1764
1492	2220
1492	2672
1492	4154
1492	4460
1492	4514
1492	6522
1493	2721
1493	4661
1493	4774
1493	5238
1493	5623
1494	2048
1494	2755
1494	2868
1494	7624
1495	2859
1495	3164
1495	4638
1495	5719
1495	7020
1495	7163
1496	2167
1497	3037
1497	7108
1498	3462
1498	3627
1498	3867
1502	1649
1502	2375
1502	2692
1502	7660
1502	7737
1506	3404
1506	4016
1506	7921
1507	4908
1507	5452
1507	7983
1508	2250
1508	4067
1508	5262
1508	7331
1509	6901
1510	1691
1510	1954
1510	2171
1510	2904
1510	2935
1510	5529
1512	1581
1512	2713
1512	2840
1512	3531
1512	3659
1512	7093
1515	2137
1515	2531
1516	5001
1517	2716
1520	1997
1520	3052
1520	7514
1521	1664
1521	3032
1525	5771
1525	6559
1526	2176
1526	6178
1528	1880
1528	2646
1528	4777
1530	7661
1531	1887
1533	3341
1534	2209
1534	3947
1534	5235
1536	3469
1536	4761
1536	6798
1537	7329
1538	1710
1539	5025
1540	4014
1540	4778
1541	3101
1542	1760
1542	2582
1542	6278
1544	2115
1544	5323
1548	3667
1548	4962
1549	4938
1550	1829
1550	2871
1550	3186
1550	6986
1551	4266
1551	7041
1553	4157
1554	1839
1554	6672
1554	6710
1555	5374
1556	1897
1556	2215
1556	3542
1556	6077
1556	6147
1557	5458
1558	1670
1560	6689
1561	1635
1561	1836
1561	3678
1561	5471
1561	7468
1561	7754
1563	3081
1563	3793
1565	1716
1565	3400
1565	4291
1565	6512
1565	7300
1567	1929
1567	5814
1568	6141
1570	3443
1570	4886
1570	6974
1571	3445
1571	6453
1574	3801
1575	4146
1575	6514
1577	4637
1580	5207
1581	2223
1581	3602
1582	1855
1582	2554
1584	2908
1584	3962
1585	3937
1588	2255
1588	6217
1589	3827
1591	1900
1591	2133
1591	3222
1591	5988
1591	6166
1592	2366
1592	5731
1592	6072
1594	2618
1597	1675
1598	2645
1601	2960
1601	6430
1601	7496
1602	6095
1604	1717
1604	1831
1604	2926
1604	3525
1607	3315
1607	6481
1609	4779
1609	5016
1609	6108
1609	7694
1609	7866
1610	2034
1610	2520
1614	5634
1615	4632
1616	2198
1616	6797
1617	2552
1617	3932
1618	3191
1618	5766
1622	5273
1625	2287
1625	2595
1628	2351
1628	2598
1629	5792
1631	2338
1632	1905
1632	7486
1633	5924
1634	3812
1635	2775
1635	4615
1639	7389
1642	2685
1643	1791
1643	6585
1646	2358
1647	1783
1648	5769
1649	3347
1654	3460
1654	5867
1656	1885
1656	2437
1657	3309
1657	4763
1658	2145
1659	2309
1659	3745
1659	6180
1660	4442
1661	2203
1661	7286
1662	5241
1662	6581
1665	2701
1668	7150
1669	4425
1670	5448
1671	1970
1671	3161
1672	1696
1672	1802
1672	4475
1674	4027
1675	2136
1675	2522
1675	3415
1675	4111
1675	6287
1675	7186
1676	6735
1677	2368
1677	3121
1677	3431
1677	6418
1679	2872
1686	6670
1687	1919
1687	2891
1687	3172
1687	4602
1687	7013
1689	2130
1689	3537
1689	6266
1690	2105
1690	3674
1693	4484
1693	5476
1693	7197
1693	7297
1694	6493
1695	2235
1696	6665
1697	2485
1699	4277
1699	7845
1704	3630
1705	2469
1708	6569
1711	3907
1713	1796
1713	3873
1713	6657
1714	3553
1716	2265
1716	3831
1716	3988
1716	4144
1716	5761
1718	6321
1719	2811
1719	3273
1719	6299
1719	7069
1720	5665
1722	4618
1722	6257
1724	5188
1724	6062
1726	2004
1726	2480
1726	3162
1728	6167
1729	3197
1730	4809
1731	2211
1731	4432
1731	6599
1732	6548
1733	7032
1734	4497
1736	5148
1738	3636
1738	3663
1739	4783
1740	4707
1741	3512
1742	7372
1742	7868
1743	2442
1743	2798
1743	3752
1744	1915
1744	2363
1744	2650
1744	3344
1744	4423
1744	4946
1744	5288
1744	6057
1744	6959
1745	2698
1745	3540
1745	4124
1745	4863
1745	5429
1749	3231
1754	5568
1754	5664
1754	6416
1754	7125
1754	7129
1755	3014
1756	1976
1758	2540
1758	5399
1759	2147
1759	2227
1759	2473
1759	2734
1759	3054
1759	4958
1759	5386
1759	5953
1760	3508
1760	3934
1762	3078
1762	3765
1762	6564
1763	3552
1763	6456
1763	6621
1767	6279
1768	5376
1769	3668
1769	4934
1769	6528
1771	2078
1772	3598
1774	1953
1774	3444
1775	2038
1778	7632
1779	2666
1779	4696
1779	7398
1779	7575
1782	2327
1782	2497
1782	7239
1784	2532
1785	3051
1786	3612
1786	7283
1787	5316
1788	3278
1788	6810
1790	3225
1790	4417
1790	4800
1794	5965
1796	1964
1796	3327
1797	2933
1798	2782
1798	2976
1798	4421
1798	6545
1802	3318
1802	6808
1804	3087
1804	7970
1805	3909
1805	4357
1805	6414
1807	3695
1807	7038
1808	2240
1808	7726
1812	3091
1812	4630
1812	5082
1812	5150
1812	5893
1812	7281
1813	2958
1816	2208
1816	2346
1816	4218
1820	7112
1822	2109
1822	3498
1823	3672
1824	2724
1824	5441
1824	6675
1825	5295
1825	7442
1826	3721
1827	5097
1828	2382
1828	4429
1830	1916
1830	3700
1830	5793
1833	2809
1833	3007
1833	4600
1833	4828
1834	2006
1834	3068
1834	5642
1834	6882
1835	6833
1836	4163
1839	7018
1841	2876
1841	3781
1846	5204
1847	5171
1848	2083
1848	7382
1849	3254
1849	6395
1851	2080
1851	2749
1851	3586
1851	5957
1851	6444
1852	6823
1852	6842
1857	2336
1858	2288
1858	7656
1860	2999
1861	2851
1861	4346
1861	4691
1861	4695
1861	5184
1861	5435
1861	7920
1862	3198
1862	5195
1862	6796
1865	6887
1867	1965
1867	3734
1868	6171
1871	2507
1871	3644
1871	4208
1871	4990
1871	7572
1872	3359
1875	1906
1876	6933
1879	2231
1879	4431
1879	6368
1880	1931
1880	2156
1880	3406
1880	6374
1880	6422
1882	4114
1882	7327
1884	2043
1884	7310
1885	2659
1885	3896
1885	6795
1885	7370
1887	2071
1887	7215
1888	4643
1888	5850
1890	2596
1890	3604
1890	3616
1890	4361
1890	6790
1891	2308
1891	2812
1891	4672
1891	5851
1895	7924
1897	5137
1897	6199
1899	5600
1901	4998
1901	7440
1901	7645
1901	7960
1902	3163
1902	5403
1905	3566
1906	5637
1911	2059
1911	2796
1913	3136
1913	3871
1913	4399
1913	4633
1913	5937
1913	6070
1913	6401
1913	6782
1914	2296
1914	2384
1914	2940
1914	6839
1918	4986
1919	4569
1919	7224
1921	2099
1922	7371
1925	2759
1925	6863
1927	7559
1929	4355
1931	2389
1931	2583
1931	2676
1931	5179
1933	1987
1933	3807
1934	3167
1935	3856
1938	2949
1938	7804
1942	3137
1945	2589
1945	5969
1946	7306
1950	4723
1950	5583
1950	5666
1951	3056
1951	5581
1952	3100
1952	7127
1952	7846
1954	3533
1959	4175
1959	6247
1961	4231
1962	6633
1962	7409
1963	2302
1964	4396
1965	4918
1975	2236
1976	1979
1977	5183
1980	5790
1981	6944
1981	7531
1982	1992
1982	6923
1983	3284
1985	7510
1988	5439
1990	5803
1992	6227
1995	3755
1997	6762
1998	7746
2000	3363
2002	3065
2002	4209
2002	6688
2002	7505
2003	7162
2005	3532
2007	4096
2008	5125
2008	6086
2008	6679
2008	7247
2012	4081
2013	2818
2013	5534
2013	7667
2014	4968
2014	6312
2014	6413
2016	5053
2018	2030
2018	3009
2018	5955
2018	7056
2020	5574
2021	3010
2021	7802
2022	5245
2030	2097
2030	2911
2030	3286
2030	7144
2031	3769
2032	6609
2034	2372
2034	4314
2036	2400
2036	3459
2039	3451
2039	6342
2041	3042
2041	5796
2044	5364
2046	6289
2047	4189
2051	3582
2053	4499
2053	5348
2056	2283
2056	2499
2056	6317
2061	2849
2063	6354
2063	7674
2065	3830
2065	7543
2066	2184
2066	2800
2066	2855
2066	3941
2066	3945
2066	5605
2071	2493
2073	2388
2073	7308
2075	3275
2075	7793
2076	2498
2076	3783
2076	4305
2076	5838
2078	2694
2078	2932
2078	5331
2078	6966
2081	2182
2081	6948
2082	2665
2082	5159
2084	6308
2089	5210
2090	2492
2091	6341
2093	3194
2093	4812
2093	5912
2094	2117
2097	4222
2100	3539
2103	2805
2103	7865
2106	7809
2107	5342
2111	2177
2112	2807
2112	3229
2114	2779
2115	6226
2120	7046
2120	7894
2123	7200
2125	3138
2126	2746
2126	5998
2127	6387
2128	6803
2128	7658
2130	2263
2130	2487
2130	6614
2132	2754
2132	3413
2132	4214
2133	3182
2133	4129
2134	2751
2134	2852
2134	3977
2134	5062
2134	6837
2134	7105
2134	7121
2134	7214
2139	5325
2147	3924
2152	4173
2152	5918
2152	6945
2152	7044
2153	2854
2154	3303
2154	3795
2155	3575
2155	7598
2156	2719
2156	3383
2156	4930
2156	5313
2161	3142
2161	5606
2165	3107
2165	5618
2165	7848
2169	3706
2169	4186
2169	7860
2170	5167
2171	5277
2171	5707
2173	6410
2173	7874
2181	2249
2181	6290
2181	6584
2181	7288
2182	6530
2182	6815
2182	7179
2183	2301
2183	2654
2187	3258
2189	3960
2189	3992
2189	5928
2191	5906
2196	2541
2197	3237
2197	6779
2198	3496
2201	3169
2201	3964
2201	5783
2202	3588
2203	2710
2203	7130
2205	2639
2209	3748
2209	5542
2209	5650
2212	3897
2212	7155
2212	7558
2212	7719
2213	2337
2213	6071
2213	7823
2217	3789
2218	4979
2218	7767
2219	6399
2220	3576
2220	4221
2220	5897
2220	7116
2222	7717
2223	3624
2223	4088
2225	2907
2225	2981
2225	3936
2227	6907
2228	5057
2228	6019
2234	3239
2238	7373
2239	2572
2239	4719
2240	5532
2242	5510
2243	3034
2244	4488
2247	3423
2247	3428
2247	5660
2247	5797
2247	7219
2248	4759
2250	4451
2250	6184
2253	4876
2253	4923
2253	4949
2253	5272
2255	7812
2256	6295
2258	4203
2260	4786
2264	5915
2265	2409
2265	3265
2265	6917
2266	3654
2266	5021
2269	5414
2272	3147
2275	2777
2275	4716
2275	7437
2283	7467
2285	2496
2285	4727
2285	5419
2285	5962
2286	7494
2287	6494
2287	6554
2288	3477
2288	5081
2288	6960
2288	7227
2290	3523
2290	5056
2291	2887
2300	3185
2300	6109
2300	6756
2301	5469
2301	6464
2301	7625
2302	5652
2305	4760
2305	5890
2310	5108
2311	3050
2317	2651
2317	6747
2318	2743
2320	7713
2322	3382
2328	2856
2330	5290
2331	4073
2332	3587
2333	3385
2334	3427
2334	6509
2339	2577
2342	5692
2346	3847
2346	5645
2346	5712
2346	6671
2346	6830
2350	4936
2350	5576
2352	3944
2352	5338
2353	5489
2353	7785
2354	2445
2354	4503
2356	4685
2359	5728
2364	3117
2366	3206
2369	2614
2369	4379
2370	6102
2376	5857
2379	2853
2379	5559
2387	7011
2390	4898
2390	6634
2394	3223
2394	4907
2394	6098
2394	6663
2394	7904
2394	7914
2395	2443
2395	3908
2395	4142
2395	4374
2395	5377
2395	7428
2396	3645
2396	6717
2400	2886
2400	5612
2400	6970
2402	2662
2402	6667
2402	7128
2403	3158
2405	2941
2406	2741
2408	2434
2409	3834
2411	3074
2412	2715
2412	3446
2412	3476
2412	7358
2413	3447
2413	4343
2413	4380
2413	6436
2416	3396
2417	3787
2418	3526
2418	5663
2418	5765
2419	4664
2420	2581
2421	5694
2425	4121
2425	5318
2425	6973
2425	7004
2435	3016
2435	4817
2435	5112
2436	5045
2438	5923
2438	6439
2439	5095
2442	2874
2442	3290
2442	6649
2443	3430
2444	4433
2446	6120
2449	2709
2450	4072
2450	6406
2450	6804
2451	4846
2452	6313
2454	2680
2454	6242
2458	3597
2458	4083
2460	4071
2461	2875
2461	4505
2461	7183
2461	7752
2463	2471
2463	5700
2466	4737
2466	5877
2467	3930
2467	4452
2467	6347
2467	6580
2469	4624
2469	7023
2469	7303
2470	5909
2471	5355
2475	3618
2475	4565
2475	5269
2475	5702
2475	7927
2479	2684
2479	6751
2480	2711
2482	6489
2483	2866
2484	6400
2484	6547
2485	6685
2487	5158
2489	6992
2492	7231
2492	7893
2493	6953
2494	6583
2497	6956
2499	6662
2500	4258
2501	3665
2501	5550
2502	2626
2502	3409
2502	3561
2502	5024
2503	6426
2503	7501
2507	6994
2511	2723
2512	2837
2512	3156
2512	3703
2512	5388
2512	7485
2515	5453
2516	4502
2520	4834
2521	4773
2521	7248
2524	3453
2524	5827
2526	4532
2526	5748
2526	6543
2527	7113
2528	2952
2530	2742
2530	4739
2533	5087
2534	3294
2534	7963
2535	7211
2543	7100
2544	5683
2544	6302
2544	6914
2546	2863
2550	7482
2552	2924
2557	2922
2557	7629
2558	3067
2558	3819
2558	4415
2558	4601
2558	5657
2558	5889
2558	7723
2564	7388
2565	2819
2567	4104
2567	4167
2567	7523
2568	3122
2568	3709
2568	7662
2572	2814
2572	5055
2572	6722
2572	7669
2580	4750
2580	5999
2580	6895
2582	5907
2582	7103
2588	7882
2589	5733
2591	6434
2593	2928
2595	4233
2595	5505
2596	5240
2597	5548
2598	2901
2608	4324
2608	5400
2609	2635
2611	4478
2612	3392
2615	4916
2615	7965
2618	3696
2624	3144
2624	5248
2624	6263
2624	6533
2625	3562
2625	4462
2625	5198
2626	3299
2627	5685
2627	7742
2628	4504
2629	2977
2630	2845
2630	3837
2630	5154
2630	7241
2633	4271
2640	3722
2641	6550
2645	6505
2645	7042
2648	3744
2648	6216
2649	2894
2653	5173
2653	7357
2654	2785
2655	5303
2655	6723
2659	3501
2661	4755
2663	5093
2671	4181
2671	7007
2672	7474
2673	3061
2673	5368
2677	2691
2677	6205
2677	7529
2677	7666
2679	3154
2684	3355
2684	3639
2685	6847
2686	7772
2691	6080
2692	5674
2694	4536
2694	7001
2697	4753
2699	5947
2702	3939
2703	4890
2703	6963
2703	7307
2704	3973
2704	7923
2706	3761
2706	6668
2709	5363
2712	6637
2714	3890
2716	6218
2718	6294
2729	5054
2733	5153
2733	5332
2733	5776
2733	7333
2736	4649
2737	3594
2740	3224
2743	3160
2743	4468
2745	4463
2745	7452
2746	3111
2748	4801
2748	7578
2750	2995
2750	3805
2750	5908
2754	5861
2757	5196
2760	4609
2760	7339
2761	3950
2764	4140
2765	6099
2767	3319
2767	4045
2767	4353
2767	4680
2773	4278
2774	5892
2775	4411
2776	2820
2778	3724
2778	7383
2780	3613
2780	3921
2780	4665
2781	4482
2782	2943
2782	4590
2783	3152
2784	6116
2786	4507
2787	6910
2789	5641
2790	3935
2790	6961
2790	7999
2791	3456
2791	4063
2792	3346
2792	5070
2795	5077
2795	5922
2798	4736
2801	3821
2801	6606
2801	6737
2801	7745
2809	4856
2809	7366
2810	5233
2811	4297
2811	6829
2818	6097
2819	4915
2819	6922
2819	7731
2820	3059
2820	6523
2820	7156
2822	5614
2825	3478
2825	4040
2827	4263
2827	4738
2828	7876
2829	3374
2829	5462
2830	4994
2830	5041
2830	5311
2830	5743
2837	4709
2838	3600
2838	3770
2838	4176
2839	3326
2841	7417
2842	3295
2842	3712
2849	4428
2851	3472
2851	6516
2852	3511
2852	4164
2852	4270
2854	4141
2854	5155
2856	6557
2859	3986
2859	5409
2861	4888
2861	5478
2863	6968
2867	6984
2873	2971
2876	4018
2876	5215
2876	5682
2876	7394
2877	5051
2877	5470
2877	7481
2878	3388
2879	4322
2879	6162
2882	6776
2884	7192
2884	7537
2886	2931
2886	6100
2886	6200
2889	5138
2889	5254
2889	5939
2891	3241
2891	3980
2891	6148
2895	4498
2897	7475
2904	3008
2904	4296
2904	5759
2908	4878
2909	5670
2910	5549
2910	6995
2915	5916
2917	3658
2917	4450
2917	4859
2918	3086
2918	3716
2919	5200
2920	7376
2926	3989
2927	3790
2927	5451
2927	6014
2927	6318
2927	6831
2927	7367
2927	7940
2927	7959
2936	6748
2939	5156
2940	4306
2940	5613
2940	6424
2940	7854
2942	4139
2944	4829
2946	4830
2947	6238
2951	5484
2951	7825
2952	4552
2953	3109
2955	3053
2956	5530
2956	6193
2957	4548
2957	4669
2957	7657
2958	5346
2958	7028
2960	4941
2963	5854
2968	5880
2968	6262
2969	3985
2970	4581
2970	4589
2971	6462
2971	7316
2975	5514
2976	5862
2976	6373
2982	4925
2983	5199
2985	7377
2990	5480
2990	6857
2992	6451
2993	3263
2994	3213
2994	3595
2994	5611
2994	5800
2994	7973
2997	5078
2997	5781
2998	4177
3000	3529
3000	4656
3001	4159
3002	6044
3009	3310
3010	6485
3013	5545
3014	3227
3014	4235
3014	6949
3016	6107
3016	6394
3019	5027
3020	7773
3021	6433
3021	6711
3022	4386
3022	6603
3022	7064
3026	4316
3026	4698
3030	4639
3033	3820
3033	4874
3039	5236
3040	6555
3045	4881
3045	6283
3049	3596
3049	4610
3050	4757
3050	5243
3052	4390
3053	4046
3053	4370
3053	5463
3053	6307
3055	6655
3059	5697
3060	7315
3063	3343
3063	4179
3063	5653
3064	5330
3064	6212
3064	6285
3064	6916
3064	7493
3068	3085
3068	7210
3070	6896
3071	4350
3074	5835
3076	3266
3076	3648
3076	5501
3079	5349
3081	5076
3081	5279
3081	6641
3083	4599
3085	7828
3089	6311
3092	4409
3094	4256
3095	6750
3096	5905
3099	3817
3100	3368
3100	3535
3106	3259
3109	7602
3111	4732
3116	5981
3116	6999
3116	7555
3123	5344
3123	7606
3125	4560
3128	4384
3129	3920
3129	4964
3129	6567
3131	4705
3131	5320
3131	6376
3132	3260
3132	3324
3132	6276
3134	6427
3136	3690
3136	5954
3136	7765
3141	4041
3141	7564
3142	6962
3143	3592
3143	4522
3145	6449
3146	4473
3147	3705
3148	4474
3150	4438
3151	5387
3152	3823
3152	5267
3153	3419
3153	3926
3156	6773
3160	5802
3161	5466
3161	5586
3162	4625
3162	7149
3162	7768
3162	7794
3163	5283
3163	5681
3163	6258
3163	7446
3169	3440
3175	4443
3175	5696
3179	6337
3182	4400
3184	3741
3190	3358
3190	5830
3193	5058
3194	3378
3194	3421
3194	6467
3194	6930
3195	3216
3195	4279
3206	7577
3206	7877
3206	7926
3208	6010
3208	6288
3208	6754
3212	5293
3216	4831
3216	5852
3221	5384
3222	3483
3226	5275
3226	5528
3226	5848
3230	3568
3231	4102
3231	4955
3236	4785
3236	6085
3240	3631
3240	4100
3240	5115
3240	6314
3240	7380
3241	7863
3243	7433
3245	5038
3249	3643
3251	7813
3257	7703
3260	6455
3261	4056
3264	6293
3267	4223
3270	5555
3273	3408
3273	5706
3273	6912
3274	6204
3275	4348
3279	4232
3279	4745
3284	6799
3289	3968
3289	7748
3291	5465
3291	5590
3297	5177
3303	4485
3303	4805
3303	5416
3309	4401
3311	5406
3311	6674
3311	6728
3312	3879
3316	5189
3316	6431
3317	5390
3317	5753
3319	4494
3321	3656
3324	3340
3324	4115
3324	5553
3326	6524
3327	4095
3327	5052
3332	3754
3332	7062
3332	7217
3333	6520
3333	7663
3335	3915
3335	3951
3335	7335
3336	3771
3336	3843
3336	4068
3337	4914
3337	7058
3337	7651
3341	5457
3342	5035
3342	5874
3342	6012
3342	7542
3342	7822
3344	7826
3346	3389
3346	3504
3346	5139
3346	5740
3346	6013
3346	7399
3346	7800
3352	3500
3352	7720
3359	5202
3365	4333
3365	6870
3365	7884
3366	7185
3368	4897
3371	3545
3371	3746
3371	7246
3372	4770
3372	4903
3372	5165
3378	5069
3381	7249
3383	3611
3383	6511
3389	6340
3391	5933
3391	6443
3392	4833
3392	4873
3393	6764
3394	6020
3400	7252
3403	5231
3407	5408
3411	3782
3411	4670
3411	5508
3411	5816
3411	6000
3411	6927
3411	7460
3416	5296
3419	7050
3421	7563
3421	7786
3425	3898
3425	7934
3431	4651
3431	6181
3433	6625
3438	4912
3440	5948
3442	4113
3442	5308
3442	6819
3443	5789
3446	4667
3446	6428
3447	4899
3447	5551
3448	3719
3448	6981
3455	4295
3455	4703
3455	4911
3455	5587
3456	4743
3458	4673
3458	6878
3461	6767
3462	5891
3464	3743
3466	7941
3476	4052
3478	4518
3478	5483
3479	3650
3479	4084
3479	4939
3479	6763
3481	3619
3492	7483
3497	6222
3500	5736
3504	7929
3507	4005
3507	6386
3513	4375
3514	4711
3525	5040
3526	4089
3528	4087
3532	4728
3532	5042
3532	7104
3542	6198
3543	3742
3545	4367
3547	7695
3548	3732
3548	5385
3548	7700
3550	5212
3550	7423
3552	4076
3554	5005
3554	7503
3557	6404
3559	4931
3561	3888
3561	3905
3561	4961
3561	7418
3563	6296
3567	6103
3571	3965
3573	5335
3574	4075
3574	5595
3575	7408
3575	7595
3576	3578
3576	7758
3580	7586
3582	4047
3582	7060
3583	3725
3583	5085
3583	6128
3583	7035
3590	4893
3597	3780
3598	6360
3606	3682
3614	4892
3615	7353
3616	4814
3616	5976
3616	7097
3626	4210
3626	4492
3629	6900
3640	3845
3644	5603
3647	6538
3656	7685
3664	4885
3664	7675
3665	5853
3665	7693
3669	7266
3670	5136
3670	6267
3672	4677
3675	5684
3677	5365
3680	4317
3680	5019
3681	4688
3684	7171
3688	3691
3691	4900
3691	5421
3691	7954
3692	4662
3692	7391
3696	4598
3696	5557
3700	5343
3703	3833
3711	6063
3711	6955
3715	5677
3716	4055
3716	5817
3721	7332
3722	6558
3723	7908
3732	4992
3736	6168
3740	4187
3740	4200
3741	5540
3741	5978
3741	6305
3741	6682
3741	7138
3746	4875
3751	4097
3756	7101
3758	4253
3759	7287
3759	7684
3763	6610
3768	7255
3770	3794
3779	5655
3781	5538
3787	6646
3787	7016
3787	7850
3790	6001
3793	3850
3797	5927
3797	7736
3798	4966
3798	6349
3801	7833
3802	6023
3807	4568
3807	5185
3807	5729
3807	7615
3810	6327
3811	5570
3811	7504
3817	3822
3817	5098
3818	5141
3818	5982
3820	4837
3820	5764
3820	6338
3826	5244
3842	3912
3845	4810
3849	5774
3849	6158
3853	5328
3858	4268
3858	5560
3862	5773
3862	5844
3865	5260
3867	5135
3870	6076
3870	6965
3871	4927
3871	5847
3872	6563
3874	5604
3874	6068
3874	7858
3876	4011
3879	6038
3879	6123
3879	7547
3886	4198
3889	5230
3889	5398
3891	4074
3896	5065
3898	4373
3899	7704
3900	4160
3902	4003
3902	6786
3905	6188
3905	6983
3907	5693
3908	6245
3910	4015
3910	6127
3910	6615
3912	4152
3914	7258
3914	7313
3917	4406
3918	4366
3919	4079
3925	4683
3925	4879
3925	5768
3929	4517
3929	6357
3931	4769
3932	4564
3934	4053
3934	4655
3934	4658
3934	5990
3935	4245
3935	5917
3939	5079
3942	4182
3945	4025
3949	5309
3950	6701
3956	4999
3960	6755
3960	7701
3965	4857
3965	5676
3965	7534
3971	7169
3972	5219
3972	6472
3987	5577
3987	7361
3988	6429
3989	4070
3990	5378
3993	6720
3996	4562
4002	5029
4002	7314
4002	7708
4004	4877
4007	4201
4007	4872
4009	6407
4009	6697
4009	7344
4016	7594
4018	5257
4028	6208
4028	6228
4030	6343
4037	4965
4047	5367
4047	6246
4047	7243
4048	4327
4050	4754
4051	4781
4054	7166
4062	4395
4063	5972
4065	7284
4073	5901
4075	4612
4079	5186
4080	4288
4082	5163
4082	6822
4082	6869
4082	7628
4082	7803
4085	5105
4089	7152
4091	5878
4091	7309
4095	6114
4095	6673
4111	7076
4112	7635
4114	6700
4118	4791
4119	6652
4124	5823
4126	4147
4128	4987
4129	6719
4136	5767
4138	4226
4143	5812
4143	7110
4148	4410
4148	4952
4148	5986
4160	6938
4163	5340
4163	7021
4165	5362
4165	6249
4165	6411
4165	7002
4168	5579
4170	4679
4170	6004
4170	6642
4171	7712
4172	4740
4172	6681
4173	6496
4174	4921
4175	7605
4176	6210
4180	6620
4180	7820
4180	7996
4181	5737
4184	4929
4186	5658
4188	5162
4189	5524
4194	6163
4195	7444
4197	5813
4198	6989
4199	6527
4203	5575
4203	5763
4203	5992
4204	7124
4208	6661
4220	5359
4225	5366
4227	5475
4227	7716
4234	5494
4244	7092
4246	4654
4246	5525
4246	7441
4250	5302
4251	6551
4252	6611
4252	7074
4254	4407
4255	6666
4255	7519
4261	5925
4262	5856
4264	4437
4264	6659
4266	4447
4267	5394
4267	5509
4268	7085
4271	6574
4272	4592
4272	6133
4272	6316
4279	4795
4279	5211
4279	6535
4283	7918
4290	4721
4292	6838
4294	7922
4295	7665
4299	7633
4301	5500
4301	6268
4304	5083
4305	7538
4307	5176
4307	5354
4307	6353
4314	6078
4314	6582
4314	7567
4315	5739
4320	6931
4322	7194
4325	4960
4326	4823
4326	6746
4329	6037
4330	6330
4331	7608
4348	7055
4350	5836
4352	5048
4352	6309
4363	4767
4363	7111
4370	4788
4370	4981
4370	6616
4370	6654
4372	7539
4381	4413
4381	6310
4385	4529
4397	6976
4402	7312
4404	6280
4404	7350
4407	5535
4409	4455
4416	5869
4416	6043
4423	5585
4425	4512
4425	5832
4425	6476
4425	7849
4426	5117
4427	4640
4428	4465
4428	4476
4432	7212
4432	7637
4436	4842
4441	5507
4446	7094
4447	5234
4447	5358
4451	4917
4452	6042
4465	7236
4472	6363
4476	5756
4488	4944
4492	5380
4501	7654
4502	6715
4507	7087
4508	5504
4513	4776
4523	4634
4523	4978
4523	6987
4531	5633
4532	6725
4535	4572
4538	5067
4538	5795
4539	6664
4539	6925
4542	5286
4543	6381
4550	7145
4552	6480
4552	7119
4554	6286
4554	7792
4556	6460
4557	6479
4562	5428
4562	6850
4562	7325
4562	7490
4564	4865
4564	5375
4564	6272
4565	5109
4573	5228
4574	7855
4577	5096
4589	5640
4594	4597
4595	4629
4606	5442
4607	5723
4610	5407
4613	5046
4613	5370
4617	7250
4624	4943
4625	4646
4626	6264
4629	6741
4633	7159
4637	6693
4638	6730
4639	6024
4639	6993
4647	5392
4650	6243
4650	6752
4651	5174
4651	6703
4656	4951
4670	5849
4678	5239
4679	4731
4679	7374
4684	6645
4686	5467
4692	5023
4696	5589
4696	5938
4697	6874
4697	7359
4698	6053
4701	6084
4707	4816
4707	5182
4709	5968
4714	5974
4714	6841
4715	7436
4716	6638
4717	6361
4717	6669
4723	5284
4727	6622
4727	7015
4728	5490
4732	6005
4738	6425
4762	7796
4767	5223
4767	6159
4767	7017
4772	5599
4772	6034
4772	6487
4773	5164
4780	6892
4781	5405
4781	6867
4782	5648
4782	6195
4782	7014
4782	7465
4789	7521
4790	4980
4790	5100
4790	6074
4801	7223
4803	7102
4805	5544
4806	5074
4812	6699
4813	5423
4813	7154
4822	4976
4822	7897
4823	5197
4828	7403
4832	5875
4834	6137
4842	6389
4842	6499
4857	6201
4862	7566
4863	7644
4878	5752
4885	5487
4890	6879
4893	6791
4896	5116
4899	5662
4904	5172
4912	7733
4917	6957
4923	7045
4929	7879
4947	5934
4952	5301
4952	5946
4952	7898
4959	5420
4968	6236
4968	6939
4968	7560
4975	6843
4979	7587
4992	5921
4992	7052
4993	7568
4997	5294
5008	5639
5008	5859
5009	5224
5013	7801
5015	6015
5020	7620
5027	6067
5028	7524
5034	5895
5034	7611
5042	6704
5047	6017
5060	5727
5070	5333
5080	7157
5083	6943
5083	7932
5093	6852
5101	7522
5102	5746
5102	7738
5108	7831
5125	6275
5125	7824
5135	5755
5139	6650
5144	5449
5144	5742
5144	6256
5147	6281
5157	7546
5160	6742
5161	6827
5163	5629
5163	6954
5202	6780
5202	7967
5218	7424
5220	6187
5232	5900
5232	6889
5232	7990
5253	5959
5255	5631
5256	7091
5257	5691
5257	6032
5257	7892
5260	6692
5260	7421
5273	7728
5279	6899
5288	5547
5288	6600
5294	5455
5294	5782
5308	6448
5323	7515
5326	7968
5327	5434
5327	6592
5329	7610
5333	5536
5341	5725
5343	5760
5354	6794
5373	5863
5375	7340
5377	6800
5390	6951
5393	7146
5396	7930
5405	5831
5412	6398
5412	6423
5412	7761
5419	7769
5421	7378
5423	6853
5430	6052
5431	6920
5432	5477
5432	7976
5434	6726
5435	6785
5437	7019
5454	5610
5457	7143
5464	6045
5465	7271
5465	7857
5475	7570
5479	5840
5486	6996
5487	7859
5500	6604
5500	7797
5502	7204
5507	6435
5508	6941
5509	7870
5523	7456
5533	6760
5535	7835
5536	5864
5542	5997
5543	6419
5543	7453
5543	7489
5544	6402
5550	5597
5565	6631
5570	6371
5574	6553
5579	5785
5579	7498
5580	6191
5587	6531
5593	6507
5595	6639
5595	6844
5598	6536
5607	7981
5613	7264
5625	5732
5625	6778
5630	5966
5631	6565
5643	6240
5651	6306
5651	7789
5653	6632
5654	7330
5656	5882
5682	7715
5684	6111
5695	6022
5698	7681
5703	7443
5711	5784
5727	6619
5742	6884
5745	6586
5745	6651
5747	6612
5749	6602
5755	6079
5759	6140
5767	5881
5767	6344
5769	6440
5770	7319
5772	7479
5772	7912
5782	6911
5792	6260
5802	7115
5803	6926
5808	6036
5813	7415
5814	7106
5819	7464
5821	6684
5825	6028
5831	6396
5833	7756
5843	7776
5845	5996
5851	6849
5856	6811
5862	6346
5868	5872
5873	6213
5874	6081
5885	7135
5886	7328
5887	7345
5897	6908
5900	7270
5903	6506
5908	7821
5911	7318
5913	6526
5913	7375
5926	7365
5940	6065
5948	7545
5953	6474
5954	7402
5955	6471
5957	6421
5958	6221
5977	7165
6007	6030
6007	7986
6019	6301
6023	7834
6027	7386
6040	7245
6041	7034
6044	7943
6051	6383
6061	6179
6064	6832
6074	7363
6085	6818
6089	6856
6097	7470
6098	7668
6124	7939
6127	6845
6166	6469
6174	7208
6185	7290
6191	7655
6194	7083
6194	7277
6195	6463
6200	7862
6201	7689
6206	6793
6212	6834
6221	7158
6222	6607
6253	6997
6256	7551
6257	7686
6280	6447
6292	6906
6294	7084
6323	7956
6327	6391
6327	6482
6372	7362
6378	7053
6385	7488
6391	7574
6413	7147
6417	7317
6435	6775
6437	6935
6466	7187
6466	7576
6480	6594
6489	7360
6494	6572
6495	7012
6503	7296
6516	7980
6524	7581
6525	7182
6526	7557
6533	6656
6533	6888
6533	7190
6533	7461
6550	7126
6572	6851
6572	7294
6572	7603
6585	6972
6607	7808
6609	7950
6626	7462
6638	7131
6642	6824
6654	7618
6655	7864
6660	6709
6682	7499
6683	6686
6691	7459
6700	6757
6717	6940
6735	7262
6740	7989
6771	6777
6796	7910
6797	7905
6820	7867
6877	7068
6881	7478
6883	7627
6884	7457
6887	7784
6888	7348
6900	7517
6903	7540
6940	7977
6946	7699
6948	7081
6956	7180
6962	7301
6975	7198
7009	7036
7021	7049
7024	7232
7031	7132
7033	7532
7034	7397
7046	7830
7055	7193
7065	7173
7078	7477
7116	7571
7121	7321
7143	7955
7166	7396
7176	7972
7179	7987
7214	7405
7251	7764
7259	7278
7272	7422
7276	7413
7298	7847
7301	7384
7310	7994
7332	7771
7406	7702
7408	7883
7465	7565
7485	7599
7497	7541
7505	7556
7541	7887
7568	7601
7597	7710
7600	7640
7630	7881
7676	7729
