# Undirected graph (each unordered pair of nodes is saved once): scaleFree500-20.txt
# Nodes: 500 Edges: 9790
# NodeId	NodeId
0	1
0	2
0	3
0	4
0	5
0	6
0	7
0	8
0	9
0	10
0	11
0	12
0	13
0	14
0	15
0	16
0	17
0	18
0	19
0	20
0	21
0	22
0	23
0	24
0	26
0	27
0	30
0	32
0	33
0	34
0	35
0	36
0	37
0	39
0	40
0	41
0	42
0	43
0	45
0	46
0	47
0	48
0	52
0	53
0	54
0	57
0	58
0	60
0	61
0	62
0	63
0	64
0	65
0	66
0	69
0	70
0	71
0	73
0	75
0	77
0	83
0	85
0	90
0	94
0	96
0	98
0	100
0	101
0	108
0	116
0	120
0	123
0	125
0	126
0	127
0	132
0	135
0	136
0	139
0	142
0	144
0	146
0	158
0	162
0	165
0	169
0	170
0	181
0	183
0	186
0	195
0	200
0	201
0	202
0	205
0	215
0	216
0	219
0	233
0	234
0	237
0	238
0	240
0	241
0	257
0	261
0	266
0	267
0	281
0	283
0	286
0	295
0	301
0	304
0	309
0	313
0	319
0	338
0	354
0	360
0	368
0	372
0	374
0	399
0	400
0	439
0	450
0	451
0	454
0	478
0	479
0	483
0	493
1	2
1	3
1	4
1	5
1	6
1	7
1	8
1	9
1	10
1	11
1	12
1	13
1	14
1	15
1	16
1	17
1	18
1	19
1	20
1	21
1	22
1	23
1	24
1	25
1	26
1	27
1	28
1	29
1	30
1	33
1	35
1	36
1	37
1	38
1	39
1	40
1	43
1	44
1	45
1	47
1	48
1	49
1	50
1	51
1	52
1	53
1	54
1	55
1	57
1	58
1	59
1	65
1	66
1	68
1	70
1	74
1	78
1	79
1	80
1	82
1	84
1	86
1	87
1	89
1	90
1	91
1	93
1	94
1	97
1	98
1	101
1	102
1	104
1	105
1	106
1	108
1	110
1	111
1	112
1	113
1	115
1	116
1	118
1	119
1	120
1	123
1	125
1	130
1	133
1	134
1	139
1	142
1	144
1	147
1	152
1	157
1	159
1	163
1	164
1	168
1	174
1	178
1	179
1	181
1	182
1	187
1	188
1	191
1	196
1	200
1	208
1	209
1	214
1	215
1	218
1	225
1	226
1	227
1	235
1	236
1	243
1	246
1	248
1	262
1	270
1	276
1	278
1	279
1	281
1	282
1	283
1	284
1	285
1	286
1	289
1	292
1	299
1	306
1	311
1	313
1	314
1	316
1	323
1	329
1	341
1	347
1	350
1	352
1	355
1	359
1	361
1	369
1	377
1	378
1	380
1	384
1	388
1	390
1	392
1	396
1	397
1	404
1	409
1	417
1	418
1	427
1	432
1	438
1	440
1	442
1	443
1	449
1	452
1	453
1	455
1	457
1	471
1	480
1	484
1	487
1	488
1	490
1	495
1	496
2	3
2	4
2	5
2	6
2	7
2	8
2	9
2	10
2	11
2	12
2	13
2	14
2	15
2	16
2	17
2	18
2	19
2	20
2	21
2	23
2	24
2	26
2	27
2	28
2	30
2	31
2	32
2	33
2	34
2	35
2	36
2	37
2	40
2	41
2	43
2	44
2	45
2	51
2	52
2	53
2	54
2	55
2	62
2	63
2	67
2	68
2	70
2	71
2	76
2	80
2	81
2	83
2	85
2	86
2	90
2	91
2	95
2	101
2	106
2	109
2	114
2	115
2	118
2	123
2	127
2	133
2	136
2	138
2	143
2	144
2	146
2	148
2	154
2	157
2	158
2	163
2	165
2	170
2	172
2	184
2	187
2	188
2	189
2	192
2	193
2	197
2	207
2	216
2	221
2	224
2	225
2	234
2	240
2	241
2	247
2	251
2	255
2	256
2	264
2	267
2	272
2	273
2	274
2	275
2	278
2	282
2	288
2	290
2	296
2	299
2	300
2	302
2	306
2	316
2	322
2	323
2	330
2	334
2	337
2	339
2	346
2	352
2	358
2	360
2	380
2	384
2	397
2	403
2	404
2	411
2	419
2	429
2	438
2	443
2	448
2	450
2	465
2	473
2	475
2	483
2	491
2	494
3	4
3	5
3	6
3	7
3	8
3	9
3	10
3	11
3	12
3	13
3	14
3	15
3	16
3	17
3	18
3	19
3	20
3	21
3	22
3	23
3	24
3	25
3	26
3	27
3	28
3	30
3	31
3	32
3	33
3	34
3	35
3	36
3	37
3	38
3	43
3	45
3	49
3	50
3	53
3	65
3	67
3	73
3	77
3	83
3	94
3	95
3	99
3	105
3	115
3	116
3	118
3	120
3	121
3	128
3	130
3	136
3	138
3	146
3	147
3	149
3	152
3	156
3	160
3	161
3	168
3	172
3	178
3	179
3	183
3	186
3	193
3	195
3	204
3	208
3	212
3	219
3	222
3	232
3	233
3	242
3	252
3	253
3	257
3	258
3	261
3	269
3	272
3	273
3	277
3	283
3	285
3	290
3	292
3	304
3	312
3	318
3	319
3	335
3	340
3	355
3	356
3	365
3	367
3	371
3	378
3	388
3	400
3	402
3	408
3	424
3	430
3	438
3	443
3	448
3	450
3	453
3	457
3	460
3	467
3	471
3	490
4	5
4	6
4	7
4	8
4	9
4	10
4	11
4	12
4	13
4	14
4	15
4	16
4	17
4	18
4	19
4	20
4	21
4	22
4	23
4	24
4	25
4	26
4	27
4	28
4	30
4	35
4	38
4	39
4	41
4	42
4	43
4	44
4	45
4	47
4	48
4	50
4	51
4	53
4	54
4	55
4	57
4	60
4	62
4	66
4	67
4	70
4	71
4	72
4	76
4	77
4	79
4	80
4	81
4	84
4	87
4	88
4	93
4	96
4	100
4	101
4	103
4	105
4	110
4	118
4	124
4	125
4	127
4	128
4	130
4	133
4	134
4	154
4	159
4	160
4	162
4	163
4	179
4	186
4	187
4	189
4	193
4	198
4	202
4	203
4	217
4	219
4	226
4	228
4	231
4	236
4	240
4	243
4	252
4	258
4	262
4	265
4	283
4	288
4	298
4	308
4	316
4	317
4	319
4	323
4	326
4	327
4	329
4	340
4	359
4	361
4	363
4	370
4	375
4	397
4	398
4	399
4	407
4	421
4	434
4	439
4	441
4	445
4	457
4	464
4	476
4	492
4	499
5	6
5	7
5	8
5	9
5	10
5	11
5	12
5	13
5	14
5	15
5	16
5	17
5	18
5	19
5	20
5	21
5	22
5	23
5	24
5	25
5	27
5	29
5	30
5	32
5	33
5	34
5	35
5	36
5	37
5	39
5	40
5	41
5	42
5	44
5	48
5	51
5	54
5	56
5	57
5	65
5	68
5	69
5	72
5	77
5	82
5	83
5	88
5	91
5	92
5	96
5	98
5	102
5	104
5	116
5	123
5	128
5	132
5	135
5	137
5	141
5	143
5	145
5	147
5	149
5	152
5	160
5	173
5	174
5	175
5	176
5	181
5	184
5	193
5	196
5	205
5	209
5	223
5	228
5	237
5	241
5	244
5	248
5	268
5	272
5	275
5	282
5	284
5	286
5	289
5	292
5	296
5	299
5	307
5	309
5	319
5	320
5	327
5	337
5	341
5	342
5	345
5	387
5	389
5	417
5	422
5	424
5	430
5	441
5	447
5	456
5	457
5	469
5	470
5	472
5	486
5	488
6	7
6	8
6	9
6	10
6	11
6	12
6	13
6	14
6	15
6	16
6	17
6	18
6	19
6	20
6	21
6	22
6	23
6	24
6	25
6	27
6	28
6	32
6	33
6	39
6	40
6	41
6	42
6	44
6	48
6	52
6	54
6	61
6	67
6	68
6	70
6	73
6	75
6	76
6	79
6	98
6	113
6	114
6	115
6	116
6	122
6	127
6	133
6	137
6	139
6	159
6	176
6	178
6	184
6	190
6	191
6	194
6	195
6	197
6	198
6	199
6	202
6	214
6	216
6	220
6	229
6	230
6	236
6	239
6	240
6	249
6	268
6	274
6	284
6	303
6	312
6	315
6	317
6	320
6	343
6	344
6	349
6	353
6	355
6	357
6	359
6	365
6	376
6	386
6	389
6	390
6	395
6	415
6	417
6	419
6	421
6	436
6	451
6	464
6	490
7	8
7	9
7	10
7	11
7	12
7	13
7	14
7	15
7	16
7	17
7	18
7	19
7	20
7	21
7	22
7	23
7	25
7	28
7	29
7	31
7	32
7	33
7	34
7	35
7	36
7	37
7	38
7	39
7	40
7	42
7	44
7	45
7	46
7	47
7	48
7	51
7	57
7	62
7	63
7	65
7	67
7	68
7	75
7	76
7	79
7	86
7	87
7	90
7	92
7	97
7	98
7	99
7	100
7	103
7	104
7	106
7	107
7	108
7	109
7	122
7	128
7	135
7	139
7	140
7	142
7	143
7	144
7	146
7	148
7	152
7	153
7	156
7	159
7	160
7	166
7	171
7	172
7	174
7	175
7	186
7	187
7	198
7	206
7	216
7	217
7	223
7	228
7	244
7	247
7	259
7	261
7	265
7	269
7	277
7	289
7	293
7	299
7	310
7	312
7	319
7	331
7	334
7	336
7	345
7	350
7	355
7	359
7	363
7	374
7	386
7	388
7	396
7	404
7	412
7	415
7	426
7	427
7	428
7	431
7	449
7	454
7	456
7	460
7	462
7	473
7	483
7	484
8	9
8	10
8	11
8	12
8	13
8	14
8	15
8	16
8	17
8	18
8	19
8	20
8	21
8	22
8	24
8	26
8	28
8	29
8	30
8	33
8	34
8	38
8	45
8	46
8	47
8	51
8	54
8	55
8	56
8	57
8	60
8	62
8	67
8	70
8	73
8	74
8	77
8	80
8	81
8	82
8	83
8	89
8	90
8	92
8	96
8	97
8	99
8	100
8	101
8	103
8	106
8	113
8	119
8	120
8	124
8	125
8	128
8	130
8	133
8	139
8	140
8	141
8	143
8	145
8	158
8	160
8	164
8	168
8	171
8	173
8	174
8	183
8	185
8	199
8	201
8	202
8	211
8	214
8	221
8	225
8	227
8	243
8	253
8	254
8	255
8	258
8	260
8	263
8	270
8	274
8	277
8	278
8	286
8	288
8	294
8	296
8	301
8	308
8	320
8	334
8	339
8	340
8	359
8	360
8	362
8	367
8	374
8	377
8	388
8	413
8	417
8	426
8	427
8	428
8	429
8	466
8	468
8	479
8	486
8	487
8	492
8	499
9	10
9	11
9	12
9	13
9	14
9	15
9	16
9	17
9	18
9	19
9	20
9	21
9	22
9	24
9	25
9	26
9	27
9	28
9	29
9	31
9	32
9	34
9	38
9	39
9	40
9	41
9	42
9	43
9	46
9	47
9	48
9	50
9	55
9	58
9	60
9	67
9	68
9	71
9	72
9	74
9	76
9	80
9	84
9	85
9	88
9	97
9	102
9	107
9	110
9	113
9	118
9	123
9	124
9	125
9	131
9	134
9	136
9	143
9	145
9	146
9	147
9	166
9	174
9	181
9	182
9	191
9	194
9	196
9	207
9	210
9	215
9	218
9	222
9	224
9	229
9	232
9	233
9	235
9	237
9	246
9	248
9	260
9	264
9	271
9	284
9	300
9	329
9	330
9	331
9	357
9	359
9	360
9	362
9	372
9	375
9	378
9	385
9	386
9	392
9	401
9	412
9	416
9	419
9	421
9	422
9	427
9	433
9	435
9	456
9	460
9	469
9	476
9	481
9	482
9	490
9	496
10	11
10	12
10	13
10	14
10	15
10	16
10	17
10	18
10	19
10	20
10	21
10	22
10	23
10	24
10	25
10	26
10	27
10	28
10	29
10	30
10	31
10	33
10	34
10	35
10	37
10	40
10	42
10	43
10	46
10	48
10	49
10	50
10	56
10	57
10	58
10	60
10	63
10	65
10	66
10	69
10	75
10	76
10	77
10	80
10	84
10	87
10	88
10	90
10	94
10	95
10	97
10	98
10	99
10	102
10	105
10	106
10	108
10	109
10	111
10	114
10	116
10	117
10	118
10	121
10	124
10	129
10	131
10	134
10	135
10	136
10	141
10	143
10	146
10	147
10	149
10	150
10	151
10	153
10	158
10	170
10	184
10	188
10	196
10	201
10	203
10	206
10	209
10	213
10	220
10	222
10	224
10	227
10	228
10	234
10	236
10	240
10	249
10	254
10	255
10	261
10	279
10	286
10	288
10	295
10	296
10	297
10	299
10	307
10	322
10	327
10	330
10	341
10	344
10	345
10	347
10	352
10	358
10	363
10	368
10	370
10	375
10	378
10	392
10	394
10	396
10	402
10	406
10	407
10	410
10	411
10	425
10	428
10	430
10	432
10	441
10	450
10	459
10	466
10	467
10	469
10	494
11	12
11	13
11	14
11	15
11	16
11	17
11	18
11	19
11	20
11	21
11	22
11	23
11	26
11	27
11	28
11	29
11	30
11	32
11	35
11	36
11	38
11	40
11	41
11	42
11	43
11	44
11	48
11	49
11	50
11	52
11	53
11	55
11	57
11	58
11	60
11	62
11	66
11	70
11	71
11	72
11	74
11	81
11	84
11	88
11	91
11	96
11	97
11	112
11	114
11	115
11	120
11	122
11	123
11	126
11	127
11	132
11	141
11	146
11	147
11	148
11	153
11	160
11	163
11	165
11	169
11	170
11	175
11	177
11	187
11	188
11	192
11	200
11	205
11	208
11	209
11	213
11	217
11	223
11	225
11	226
11	233
11	242
11	246
11	247
11	248
11	250
11	254
11	265
11	273
11	279
11	283
11	293
11	297
11	304
11	305
11	307
11	309
11	315
11	316
11	326
11	328
11	330
11	339
11	343
11	345
11	349
11	355
11	356
11	357
11	359
11	369
11	376
11	382
11	393
11	394
11	401
11	422
11	423
11	424
11	447
11	452
11	462
11	465
11	470
11	476
11	478
11	485
11	486
11	492
12	13
12	14
12	15
12	16
12	17
12	18
12	19
12	20
12	21
12	22
12	23
12	24
12	25
12	26
12	27
12	30
12	32
12	35
12	36
12	39
12	40
12	41
12	42
12	43
12	44
12	46
12	47
12	48
12	52
12	54
12	56
12	61
12	62
12	69
12	74
12	77
12	82
12	86
12	88
12	91
12	95
12	96
12	101
12	104
12	105
12	109
12	110
12	111
12	112
12	116
12	119
12	123
12	124
12	134
12	138
12	139
12	140
12	142
12	144
12	149
12	153
12	156
12	161
12	163
12	169
12	178
12	185
12	194
12	196
12	204
12	206
12	207
12	209
12	212
12	221
12	224
12	232
12	234
12	235
12	238
12	242
12	249
12	250
12	262
12	264
12	267
12	268
12	269
12	272
12	281
12	288
12	297
12	315
12	317
12	326
12	327
12	329
12	340
12	344
12	350
12	351
12	354
12	355
12	356
12	357
12	363
12	378
12	385
12	404
12	407
12	422
12	435
12	440
12	444
12	449
12	467
12	474
12	476
12	494
12	498
13	14
13	15
13	16
13	17
13	18
13	19
13	20
13	22
13	23
13	25
13	26
13	27
13	28
13	29
13	31
13	32
13	34
13	36
13	40
13	42
13	44
13	46
13	51
13	57
13	59
13	60
13	66
13	67
13	70
13	73
13	74
13	75
13	79
13	80
13	81
13	85
13	86
13	88
13	89
13	90
13	95
13	102
13	104
13	105
13	106
13	108
13	112
13	116
13	120
13	124
13	125
13	126
13	130
13	134
13	137
13	141
13	156
13	160
13	161
13	166
13	171
13	174
13	184
13	186
13	188
13	195
13	196
13	198
13	200
13	207
13	213
13	216
13	219
13	223
13	233
13	239
13	246
13	247
13	255
13	257
13	259
13	260
13	262
13	265
13	270
13	273
13	284
13	295
13	302
13	304
13	315
13	316
13	323
13	326
13	328
13	351
13	352
13	359
13	363
13	367
13	368
13	369
13	371
13	373
13	392
13	399
13	404
13	418
13	420
13	429
13	449
13	452
13	456
13	459
13	462
13	471
13	494
14	15
14	16
14	17
14	18
14	19
14	20
14	21
14	22
14	24
14	25
14	27
14	30
14	31
14	32
14	34
14	35
14	39
14	45
14	47
14	54
14	56
14	59
14	61
14	63
14	65
14	66
14	68
14	69
14	76
14	78
14	82
14	84
14	88
14	92
14	94
14	95
14	99
14	100
14	101
14	102
14	103
14	105
14	107
14	109
14	111
14	115
14	117
14	123
14	128
14	129
14	131
14	133
14	134
14	137
14	143
14	150
14	151
14	152
14	155
14	162
14	163
14	165
14	169
14	172
14	178
14	182
14	184
14	186
14	188
14	190
14	192
14	197
14	199
14	201
14	202
14	204
14	205
14	206
14	207
14	209
14	210
14	231
14	233
14	239
14	243
14	249
14	250
14	253
14	261
14	292
14	297
14	299
14	300
14	306
14	317
14	337
14	340
14	343
14	344
14	352
14	356
14	357
14	362
14	364
14	366
14	367
14	371
14	374
14	392
14	395
14	409
14	413
14	424
14	434
14	436
14	438
14	443
14	448
14	449
14	452
14	453
14	457
14	462
14	469
14	483
14	484
14	490
14	493
15	16
15	17
15	18
15	19
15	20
15	21
15	22
15	23
15	24
15	25
15	26
15	28
15	29
15	30
15	31
15	36
15	41
15	45
15	46
15	53
15	55
15	59
15	63
15	67
15	69
15	70
15	76
15	77
15	79
15	80
15	82
15	85
15	88
15	90
15	91
15	93
15	103
15	107
15	108
15	122
15	126
15	134
15	141
15	147
15	150
15	159
15	160
15	168
15	173
15	180
15	181
15	182
15	193
15	198
15	210
15	219
15	225
15	229
15	240
15	250
15	257
15	273
15	280
15	282
15	283
15	285
15	303
15	324
15	328
15	331
15	333
15	334
15	339
15	348
15	352
15	359
15	362
15	364
15	365
15	368
15	379
15	382
15	393
15	401
15	414
15	421
15	431
15	437
15	448
15	450
15	467
15	471
15	475
15	495
16	17
16	18
16	19
16	20
16	21
16	22
16	23
16	24
16	25
16	26
16	27
16	29
16	30
16	31
16	33
16	35
16	38
16	39
16	40
16	41
16	42
16	43
16	44
16	46
16	47
16	52
16	53
16	56
16	61
16	66
16	68
16	69
16	74
16	78
16	79
16	82
16	83
16	85
16	87
16	92
16	93
16	94
16	97
16	98
16	101
16	102
16	104
16	109
16	114
16	118
16	119
16	121
16	126
16	133
16	145
16	147
16	148
16	150
16	151
16	153
16	167
16	168
16	169
16	173
16	174
16	177
16	196
16	199
16	201
16	202
16	203
16	211
16	223
16	228
16	244
16	253
16	259
16	263
16	264
16	273
16	274
16	275
16	276
16	278
16	280
16	281
16	286
16	288
16	292
16	298
16	301
16	308
16	310
16	319
16	350
16	351
16	354
16	359
16	364
16	369
16	377
16	400
16	423
16	424
16	425
16	430
16	439
16	443
16	451
16	468
16	471
16	483
16	491
17	18
17	19
17	20
17	21
17	22
17	23
17	24
17	25
17	27
17	28
17	31
17	32
17	33
17	35
17	36
17	37
17	38
17	39
17	41
17	42
17	46
17	49
17	50
17	51
17	52
17	54
17	55
17	57
17	58
17	59
17	64
17	66
17	72
17	74
17	75
17	78
17	79
17	81
17	82
17	83
17	86
17	88
17	89
17	95
17	96
17	100
17	104
17	117
17	123
17	125
17	131
17	132
17	135
17	137
17	141
17	144
17	146
17	151
17	155
17	159
17	163
17	166
17	174
17	177
17	183
17	187
17	189
17	194
17	198
17	200
17	205
17	214
17	218
17	222
17	231
17	235
17	238
17	250
17	251
17	256
17	260
17	261
17	262
17	264
17	265
17	268
17	271
17	272
17	276
17	277
17	285
17	288
17	294
17	300
17	302
17	306
17	309
17	313
17	314
17	319
17	330
17	343
17	350
17	351
17	376
17	381
17	385
17	396
17	402
17	406
17	420
17	423
17	444
17	447
17	454
17	455
17	470
17	471
17	481
17	486
17	497
18	19
18	20
18	21
18	22
18	23
18	24
18	25
18	26
18	27
18	28
18	29
18	31
18	32
18	34
18	36
18	38
18	39
18	42
18	47
18	48
18	50
18	53
18	54
18	57
18	59
18	60
18	62
18	65
18	66
18	67
18	71
18	72
18	73
18	76
18	78
18	79
18	90
18	94
18	97
18	101
18	103
18	110
18	111
18	114
18	115
18	117
18	128
18	131
18	142
18	143
18	155
18	156
18	157
18	159
18	161
18	172
18	174
18	178
18	182
18	184
18	187
18	188
18	191
18	192
18	194
18	197
18	198
18	202
18	209
18	215
18	220
18	232
18	239
18	241
18	244
18	247
18	251
18	253
18	259
18	262
18	266
18	269
18	272
18	274
18	277
18	285
18	288
18	291
18	300
18	315
18	317
18	327
18	329
18	335
18	350
18	358
18	361
18	370
18	374
18	379
18	381
18	385
18	387
18	395
18	408
18	410
18	428
18	447
18	449
18	451
18	455
18	482
19	20
19	21
19	22
19	23
19	24
19	25
19	26
19	28
19	29
19	33
19	34
19	36
19	37
19	39
19	42
19	43
19	44
19	45
19	46
19	47
19	48
19	49
19	51
19	52
19	54
19	55
19	56
19	58
19	59
19	61
19	63
19	65
19	66
19	71
19	72
19	73
19	74
19	75
19	78
19	79
19	80
19	82
19	84
19	89
19	92
19	97
19	98
19	99
19	105
19	108
19	109
19	110
19	115
19	118
19	121
19	125
19	129
19	132
19	133
19	136
19	137
19	138
19	139
19	142
19	146
19	147
19	150
19	152
19	153
19	164
19	167
19	169
19	180
19	181
19	190
19	193
19	195
19	197
19	200
19	204
19	208
19	217
19	220
19	221
19	225
19	230
19	239
19	242
19	255
19	267
19	268
19	275
19	276
19	280
19	282
19	301
19	305
19	308
19	317
19	326
19	328
19	338
19	345
19	346
19	347
19	358
19	359
19	374
19	382
19	389
19	416
19	437
19	458
19	460
19	464
19	469
19	470
19	473
19	481
19	483
19	484
19	490
19	492
20	21
20	22
20	23
20	24
20	25
20	26
20	29
20	30
20	31
20	32
20	35
20	38
20	40
20	41
20	44
20	45
20	50
20	55
20	56
20	59
20	61
20	63
20	65
20	68
20	69
20	71
20	75
20	77
20	80
20	81
20	84
20	85
20	86
20	87
20	93
20	95
20	96
20	99
20	100
20	104
20	105
20	107
20	117
20	124
20	128
20	129
20	131
20	132
20	134
20	136
20	138
20	145
20	151
20	152
20	155
20	161
20	165
20	172
20	182
20	188
20	196
20	197
20	200
20	208
20	211
20	215
20	222
20	223
20	228
20	238
20	246
20	257
20	261
20	265
20	287
20	301
20	314
20	315
20	316
20	319
20	322
20	335
20	339
20	342
20	348
20	353
20	358
20	380
20	386
20	411
20	418
20	421
20	435
20	437
20	453
20	465
20	466
20	467
20	474
20	478
20	488
20	489
20	498
21	23
21	24
21	25
21	26
21	28
21	29
21	30
21	31
21	32
21	33
21	34
21	35
21	37
21	38
21	42
21	43
21	48
21	51
21	53
21	54
21	56
21	60
21	61
21	62
21	66
21	69
21	70
21	74
21	82
21	85
21	87
21	89
21	98
21	99
21	102
21	103
21	105
21	107
21	112
21	116
21	120
21	121
21	122
21	127
21	128
21	130
21	135
21	139
21	140
21	147
21	148
21	149
21	154
21	162
21	166
21	167
21	171
21	172
21	177
21	178
21	189
21	190
21	194
21	215
21	216
21	218
21	233
21	236
21	238
21	244
21	247
21	249
21	253
21	256
21	257
21	271
21	277
21	288
21	295
21	299
21	300
21	303
21	307
21	309
21	314
21	315
21	332
21	333
21	338
21	343
21	348
21	353
21	368
21	371
21	374
21	376
21	382
21	384
21	385
21	396
21	401
21	407
21	408
21	417
21	420
21	427
21	428
21	437
21	448
21	449
21	454
21	459
21	465
21	472
21	498
22	23
22	24
22	26
22	28
22	29
22	30
22	31
22	33
22	34
22	36
22	37
22	39
22	40
22	43
22	45
22	46
22	47
22	50
22	52
22	54
22	55
22	60
22	63
22	66
22	67
22	69
22	88
22	94
22	96
22	105
22	115
22	116
22	117
22	122
22	124
22	126
22	130
22	133
22	134
22	137
22	138
22	139
22	145
22	158
22	159
22	161
22	163
22	165
22	168
22	173
22	175
22	176
22	185
22	186
22	187
22	191
22	214
22	216
22	220
22	221
22	226
22	230
22	234
22	236
22	239
22	240
22	249
22	255
22	256
22	260
22	263
22	269
22	276
22	280
22	289
22	293
22	310
22	311
22	314
22	315
22	335
22	344
22	345
22	361
22	362
22	367
22	374
22	379
22	400
22	402
22	405
22	416
22	420
22	422
22	428
22	432
22	433
22	436
22	452
22	462
22	463
22	471
22	473
22	478
22	483
22	485
22	488
23	25
23	26
23	27
23	28
23	29
23	31
23	32
23	33
23	36
23	38
23	41
23	43
23	44
23	45
23	48
23	50
23	51
23	52
23	53
23	54
23	55
23	57
23	59
23	63
23	64
23	67
23	70
23	71
23	74
23	82
23	86
23	88
23	91
23	92
23	93
23	95
23	104
23	106
23	109
23	110
23	115
23	119
23	122
23	123
23	128
23	132
23	133
23	134
23	141
23	143
23	148
23	154
23	156
23	171
23	173
23	176
23	177
23	179
23	180
23	184
23	189
23	197
23	201
23	205
23	209
23	214
23	215
23	216
23	217
23	223
23	227
23	234
23	237
23	245
23	254
23	259
23	269
23	283
23	285
23	289
23	295
23	297
23	305
23	306
23	316
23	323
23	330
23	339
23	349
23	355
23	359
23	363
23	368
23	371
23	372
23	373
23	378
23	383
23	394
23	404
23	416
23	418
23	419
23	422
23	438
23	445
23	456
23	471
23	476
23	477
23	482
23	496
23	499
24	25
24	26
24	27
24	30
24	31
24	34
24	35
24	36
24	38
24	39
24	40
24	41
24	44
24	49
24	55
24	56
24	60
24	62
24	71
24	72
24	80
24	81
24	83
24	84
24	86
24	87
24	92
24	93
24	95
24	96
24	98
24	99
24	101
24	102
24	111
24	118
24	121
24	135
24	138
24	148
24	150
24	156
24	161
24	172
24	173
24	175
24	177
24	179
24	181
24	199
24	201
24	210
24	215
24	217
24	220
24	222
24	231
24	233
24	239
24	243
24	250
24	251
24	255
24	261
24	274
24	280
24	281
24	291
24	294
24	295
24	301
24	316
24	317
24	321
24	322
24	323
24	324
24	326
24	341
24	345
24	346
24	352
24	354
24	362
24	369
24	376
24	391
24	394
24	398
24	402
24	419
24	426
24	427
24	437
24	447
24	457
24	461
24	462
24	470
24	472
25	27
25	29
25	30
25	31
25	32
25	36
25	41
25	43
25	48
25	52
25	54
25	58
25	59
25	60
25	66
25	68
25	71
25	75
25	85
25	92
25	99
25	106
25	112
25	119
25	120
25	127
25	137
25	146
25	154
25	158
25	159
25	167
25	178
25	182
25	191
25	196
25	210
25	212
25	214
25	218
25	221
25	223
25	233
25	253
25	254
25	270
25	275
25	280
25	286
25	295
25	306
25	308
25	316
25	318
25	328
25	329
25	334
25	336
25	339
25	343
25	363
25	369
25	385
25	387
25	398
25	402
25	403
25	408
25	409
25	445
25	459
25	463
25	494
25	497
25	498
26	27
26	28
26	29
26	32
26	33
26	34
26	37
26	40
26	44
26	46
26	47
26	49
26	51
26	52
26	53
26	59
26	69
26	73
26	75
26	82
26	83
26	87
26	91
26	92
26	98
26	99
26	101
26	104
26	106
26	108
26	109
26	110
26	112
26	113
26	115
26	122
26	123
26	127
26	131
26	149
26	163
26	176
26	181
26	187
26	207
26	212
26	218
26	223
26	224
26	227
26	229
26	231
26	234
26	253
26	260
26	261
26	263
26	278
26	280
26	281
26	294
26	319
26	348
26	356
26	366
26	370
26	386
26	418
26	421
26	425
26	429
26	433
26	439
26	451
26	453
26	460
26	461
26	462
26	467
26	472
26	473
26	483
26	484
26	493
26	496
27	28
27	29
27	30
27	31
27	32
27	33
27	34
27	35
27	37
27	40
27	42
27	43
27	44
27	45
27	46
27	47
27	49
27	50
27	52
27	56
27	58
27	59
27	60
27	61
27	64
27	70
27	72
27	73
27	80
27	90
27	100
27	101
27	103
27	107
27	109
27	112
27	114
27	117
27	119
27	137
27	158
27	162
27	169
27	176
27	179
27	201
27	206
27	209
27	210
27	213
27	224
27	227
27	230
27	232
27	241
27	244
27	247
27	259
27	288
27	298
27	303
27	304
27	323
27	325
27	332
27	343
27	347
27	352
27	357
27	367
27	371
27	386
27	395
27	396
27	405
27	436
27	437
27	442
27	446
27	492
28	29
28	30
28	34
28	35
28	37
28	38
28	39
28	40
28	42
28	43
28	46
28	49
28	53
28	56
28	58
28	60
28	68
28	72
28	78
28	80
28	82
28	85
28	86
28	87
28	91
28	93
28	94
28	101
28	102
28	103
28	105
28	107
28	109
28	113
28	119
28	121
28	123
28	131
28	135
28	137
28	140
28	143
28	144
28	147
28	150
28	151
28	154
28	155
28	162
28	166
28	175
28	180
28	187
28	188
28	191
28	192
28	201
28	207
28	215
28	216
28	219
28	220
28	225
28	234
28	241
28	242
28	250
28	253
28	255
28	256
28	262
28	265
28	267
28	272
28	277
28	290
28	293
28	296
28	302
28	309
28	311
28	316
28	318
28	326
28	332
28	337
28	348
28	351
28	363
28	394
28	406
28	409
28	418
28	424
28	426
28	428
28	431
28	438
28	442
28	466
28	467
28	479
28	481
28	484
28	488
28	489
28	491
28	494
28	496
28	499
29	31
29	33
29	34
29	37
29	38
29	39
29	46
29	49
29	50
29	51
29	52
29	55
29	56
29	57
29	58
29	61
29	62
29	65
29	68
29	69
29	76
29	77
29	78
29	80
29	82
29	87
29	88
29	89
29	91
29	94
29	99
29	102
29	103
29	111
29	121
29	128
29	135
29	138
29	140
29	142
29	145
29	148
29	154
29	156
29	160
29	163
29	165
29	169
29	170
29	173
29	181
29	184
29	185
29	194
29	199
29	201
29	217
29	219
29	225
29	233
29	235
29	237
29	246
29	268
29	270
29	282
29	285
29	286
29	293
29	305
29	307
29	308
29	311
29	323
29	329
29	332
29	349
29	352
29	353
29	356
29	357
29	362
29	365
29	367
29	375
29	383
29	399
29	400
29	422
29	423
29	426
29	445
29	448
29	459
29	466
29	493
30	31
30	32
30	34
30	35
30	37
30	38
30	39
30	45
30	46
30	49
30	61
30	64
30	67
30	73
30	75
30	79
30	90
30	91
30	92
30	98
30	100
30	101
30	113
30	124
30	129
30	132
30	139
30	145
30	149
30	153
30	156
30	157
30	166
30	168
30	170
30	175
30	176
30	177
30	180
30	193
30	212
30	216
30	229
30	237
30	242
30	243
30	246
30	259
30	277
30	288
30	291
30	294
30	300
30	303
30	309
30	315
30	327
30	337
30	343
30	346
30	349
30	350
30	358
30	369
30	378
30	379
30	387
30	389
30	394
30	398
30	413
30	417
30	420
30	440
30	441
30	477
30	491
30	497
31	33
31	37
31	42
31	43
31	49
31	53
31	57
31	59
31	60
31	63
31	64
31	65
31	69
31	75
31	82
31	84
31	87
31	88
31	95
31	96
31	104
31	105
31	111
31	115
31	116
31	119
31	122
31	128
31	131
31	142
31	146
31	147
31	162
31	165
31	180
31	185
31	191
31	192
31	194
31	199
31	200
31	207
31	210
31	211
31	248
31	258
31	260
31	263
31	284
31	288
31	289
31	300
31	303
31	331
31	342
31	345
31	358
31	383
31	390
31	405
31	417
31	453
31	482
32	33
32	36
32	37
32	39
32	41
32	52
32	62
32	63
32	68
32	70
32	74
32	75
32	76
32	82
32	93
32	102
32	124
32	128
32	130
32	138
32	149
32	151
32	152
32	157
32	159
32	168
32	176
32	180
32	186
32	199
32	202
32	210
32	213
32	251
32	274
32	276
32	280
32	286
32	287
32	293
32	298
32	299
32	307
32	333
32	342
32	345
32	352
32	356
32	367
32	372
32	382
32	390
32	397
32	418
32	422
32	427
32	430
32	432
32	434
32	435
32	437
32	456
32	468
32	482
32	488
33	35
33	36
33	37
33	41
33	43
33	44
33	46
33	49
33	51
33	53
33	57
33	59
33	63
33	64
33	68
33	71
33	73
33	75
33	81
33	83
33	84
33	92
33	93
33	94
33	104
33	108
33	109
33	112
33	113
33	114
33	117
33	119
33	121
33	125
33	126
33	129
33	130
33	139
33	148
33	152
33	154
33	155
33	159
33	161
33	162
33	164
33	168
33	173
33	174
33	175
33	181
33	184
33	186
33	187
33	192
33	193
33	197
33	200
33	202
33	203
33	204
33	207
33	216
33	217
33	234
33	244
33	247
33	254
33	266
33	274
33	278
33	279
33	286
33	287
33	290
33	296
33	299
33	302
33	304
33	306
33	307
33	347
33	359
33	364
33	366
33	378
33	381
33	388
33	390
33	394
33	406
33	425
33	432
33	444
33	446
33	453
33	467
33	469
33	485
33	486
33	497
34	41
34	43
34	45
34	48
34	54
34	56
34	63
34	65
34	72
34	73
34	81
34	83
34	86
34	90
34	91
34	94
34	100
34	111
34	115
34	117
34	119
34	120
34	122
34	127
34	134
34	138
34	139
34	142
34	152
34	156
34	159
34	166
34	179
34	180
34	186
34	188
34	211
34	213
34	219
34	227
34	232
34	234
34	241
34	246
34	247
34	250
34	258
34	262
34	264
34	272
34	275
34	285
34	289
34	293
34	294
34	304
34	323
34	325
34	333
34	342
34	349
34	353
34	370
34	375
34	379
34	396
34	406
34	409
34	418
34	432
34	445
34	446
34	449
34	459
34	462
34	485
34	494
35	36
35	38
35	45
35	47
35	48
35	50
35	51
35	56
35	57
35	69
35	72
35	74
35	76
35	83
35	87
35	88
35	92
35	96
35	97
35	105
35	107
35	111
35	118
35	120
35	121
35	125
35	126
35	127
35	130
35	132
35	140
35	147
35	150
35	153
35	154
35	162
35	164
35	173
35	182
35	183
35	186
35	187
35	194
35	197
35	198
35	200
35	201
35	203
35	212
35	219
35	221
35	225
35	226
35	234
35	245
35	269
35	270
35	271
35	303
35	312
35	336
35	338
35	354
35	378
35	380
35	412
35	442
35	459
35	469
35	472
35	475
35	479
35	494
36	37
36	38
36	40
36	41
36	44
36	45
36	48
36	49
36	50
36	52
36	58
36	62
36	63
36	64
36	66
36	72
36	74
36	76
36	77
36	79
36	81
36	86
36	89
36	92
36	98
36	106
36	108
36	113
36	121
36	124
36	126
36	127
36	132
36	145
36	158
36	164
36	167
36	169
36	171
36	174
36	192
36	197
36	199
36	209
36	220
36	227
36	229
36	230
36	238
36	253
36	262
36	266
36	278
36	280
36	284
36	286
36	292
36	302
36	304
36	319
36	330
36	331
36	333
36	344
36	351
36	356
36	362
36	364
36	367
36	369
36	399
36	403
36	435
36	444
36	457
36	465
36	483
36	487
36	491
37	38
37	41
37	49
37	53
37	60
37	63
37	64
37	73
37	76
37	77
37	81
37	83
37	84
37	85
37	89
37	102
37	107
37	119
37	126
37	137
37	138
37	146
37	148
37	149
37	168
37	198
37	200
37	214
37	218
37	221
37	226
37	229
37	231
37	268
37	279
37	286
37	301
37	335
37	342
37	348
37	370
37	373
37	392
37	415
37	417
37	439
37	451
37	457
37	475
37	479
37	482
37	484
37	488
37	489
37	491
37	495
37	496
37	499
38	39
38	42
38	45
38	46
38	47
38	49
38	51
38	52
38	57
38	58
38	66
38	69
38	70
38	74
38	82
38	89
38	90
38	91
38	107
38	111
38	114
38	115
38	116
38	119
38	123
38	127
38	132
38	139
38	151
38	157
38	158
38	183
38	205
38	235
38	237
38	239
38	250
38	251
38	252
38	257
38	295
38	305
38	313
38	315
38	331
38	334
38	335
38	338
38	381
38	384
38	385
38	392
38	397
38	403
38	411
38	415
38	430
38	438
38	454
38	455
38	465
38	466
38	480
39	40
39	44
39	48
39	49
39	54
39	64
39	65
39	72
39	78
39	84
39	86
39	91
39	99
39	107
39	110
39	111
39	125
39	144
39	164
39	170
39	175
39	177
39	178
39	189
39	192
39	195
39	196
39	198
39	199
39	202
39	227
39	228
39	242
39	244
39	248
39	250
39	263
39	275
39	310
39	318
39	329
39	342
39	346
39	355
39	395
39	417
39	425
39	431
39	444
39	463
39	481
39	486
39	490
40	47
40	54
40	56
40	78
40	79
40	90
40	97
40	99
40	127
40	139
40	140
40	147
40	163
40	166
40	181
40	193
40	194
40	200
40	203
40	211
40	233
40	237
40	256
40	265
40	312
40	313
40	367
40	371
40	375
40	391
40	408
40	486
41	42
41	45
41	47
41	49
41	50
41	51
41	52
41	56
41	57
41	58
41	64
41	70
41	72
41	78
41	81
41	84
41	85
41	98
41	110
41	117
41	124
41	134
41	136
41	142
41	149
41	155
41	157
41	168
41	171
41	172
41	175
41	178
41	179
41	181
41	182
41	187
41	194
41	202
41	214
41	223
41	225
41	232
41	233
41	244
41	253
41	257
41	258
41	259
41	265
41	270
41	271
41	285
41	292
41	298
41	299
41	303
41	305
41	329
41	345
41	354
41	363
41	376
41	381
41	420
41	441
41	443
41	485
41	488
41	495
42	44
42	49
42	50
42	55
42	56
42	61
42	65
42	76
42	84
42	91
42	93
42	95
42	96
42	100
42	109
42	114
42	117
42	120
42	126
42	129
42	135
42	136
42	139
42	140
42	141
42	148
42	150
42	153
42	157
42	161
42	165
42	179
42	187
42	189
42	195
42	202
42	203
42	206
42	212
42	220
42	241
42	246
42	252
42	256
42	270
42	275
42	281
42	283
42	287
42	291
42	298
42	302
42	319
42	324
42	328
42	348
42	349
42	350
42	351
42	354
42	383
42	405
42	417
42	444
42	454
42	491
43	46
43	47
43	48
43	58
43	61
43	62
43	63
43	64
43	67
43	68
43	70
43	73
43	74
43	78
43	79
43	85
43	86
43	98
43	100
43	102
43	106
43	107
43	119
43	127
43	137
43	140
43	141
43	143
43	145
43	149
43	157
43	163
43	165
43	166
43	169
43	171
43	176
43	179
43	206
43	229
43	246
43	251
43	252
43	257
43	264
43	276
43	277
43	282
43	289
43	297
43	298
43	304
43	309
43	312
43	316
43	321
43	366
43	370
43	373
43	375
43	388
43	404
43	412
43	414
43	415
43	418
43	442
43	454
43	458
43	468
43	480
43	481
43	499
44	47
44	50
44	52
44	53
44	55
44	58
44	61
44	66
44	67
44	70
44	71
44	73
44	77
44	81
44	88
44	92
44	111
44	115
44	122
44	126
44	137
44	141
44	143
44	148
44	151
44	161
44	167
44	169
44	170
44	173
44	177
44	191
44	203
44	207
44	221
44	231
44	248
44	267
44	279
44	283
44	284
44	298
44	310
44	345
44	361
44	364
44	372
44	376
44	423
44	449
44	453
44	467
44	474
44	482
44	483
44	485
45	50
45	51
45	53
45	56
45	67
45	69
45	82
45	88
45	94
45	104
45	121
45	123
45	124
45	140
45	144
45	149
45	156
45	197
45	215
45	227
45	229
45	245
45	266
45	309
45	320
45	351
45	381
45	408
45	441
45	444
45	449
45	463
45	498
46	51
46	57
46	59
46	61
46	62
46	63
46	64
46	65
46	69
46	72
46	73
46	83
46	89
46	95
46	108
46	110
46	112
46	113
46	117
46	121
46	123
46	125
46	144
46	151
46	153
46	158
46	161
46	184
46	203
46	222
46	225
46	238
46	243
46	248
46	250
46	261
46	291
46	294
46	295
46	340
46	351
46	356
46	361
46	365
46	367
46	370
46	375
46	403
46	420
46	433
46	440
46	469
46	474
46	480
47	62
47	64
47	73
47	75
47	77
47	81
47	87
47	88
47	91
47	108
47	130
47	131
47	144
47	146
47	162
47	165
47	177
47	179
47	197
47	198
47	203
47	204
47	212
47	231
47	237
47	246
47	293
47	313
47	321
47	332
47	335
47	337
47	347
47	363
47	380
47	384
47	427
47	496
48	57
48	58
48	59
48	64
48	69
48	78
48	79
48	80
48	87
48	92
48	93
48	97
48	99
48	100
48	109
48	113
48	115
48	120
48	144
48	145
48	149
48	173
48	181
48	190
48	199
48	201
48	210
48	214
48	217
48	235
48	248
48	255
48	259
48	275
48	282
48	285
48	287
48	289
48	290
48	297
48	311
48	313
48	314
48	320
48	332
48	336
48	338
48	378
48	382
48	388
48	405
48	409
48	426
48	441
48	444
48	450
48	458
48	459
48	461
48	462
48	472
48	484
48	488
48	493
49	50
49	55
49	61
49	62
49	66
49	101
49	108
49	114
49	136
49	140
49	142
49	143
49	149
49	154
49	160
49	165
49	166
49	169
49	171
49	178
49	185
49	188
49	189
49	199
49	205
49	215
49	226
49	254
49	260
49	269
49	291
49	301
49	306
49	319
49	322
49	344
49	354
49	358
49	364
49	382
49	386
49	396
49	408
49	422
49	424
49	428
50	51
50	55
50	61
50	64
50	68
50	71
50	77
50	87
50	93
50	94
50	104
50	127
50	141
50	145
50	164
50	175
50	180
50	183
50	184
50	203
50	213
50	224
50	228
50	242
50	256
50	263
50	281
50	294
50	307
50	311
50	312
50	338
50	340
50	355
50	356
50	369
50	392
50	427
50	431
50	445
50	446
50	465
50	476
50	480
50	490
51	53
51	55
51	59
51	65
51	67
51	81
51	86
51	89
51	95
51	98
51	111
51	114
51	124
51	129
51	133
51	141
51	150
51	158
51	166
51	169
51	186
51	190
51	199
51	207
51	208
51	212
51	213
51	225
51	236
51	250
51	255
51	266
51	291
51	298
51	307
51	312
51	317
51	321
51	325
51	347
51	369
51	391
51	395
51	413
51	424
51	427
51	429
51	435
51	440
51	449
51	455
52	53
52	55
52	59
52	60
52	62
52	70
52	71
52	81
52	84
52	85
52	89
52	91
52	98
52	114
52	115
52	122
52	126
52	130
52	132
52	157
52	174
52	176
52	185
52	192
52	197
52	204
52	209
52	212
52	223
52	231
52	235
52	240
52	252
52	276
52	282
52	287
52	295
52	298
52	327
52	336
52	346
52	362
52	372
52	375
52	402
52	413
52	431
52	457
52	461
52	469
52	473
52	486
52	489
53	54
53	56
53	59
53	61
53	63
53	67
53	72
53	74
53	83
53	105
53	108
53	110
53	113
53	142
53	147
53	153
53	157
53	166
53	174
53	185
53	208
53	211
53	212
53	235
53	239
53	243
53	251
53	252
53	256
53	259
53	279
53	307
53	334
53	349
53	355
53	365
53	376
53	391
53	434
53	453
53	470
53	492
53	495
53	498
54	58
54	60
54	61
54	64
54	65
54	76
54	78
54	85
54	89
54	90
54	93
54	99
54	101
54	114
54	121
54	130
54	144
54	146
54	162
54	179
54	185
54	194
54	195
54	208
54	212
54	213
54	216
54	221
54	230
54	235
54	243
54	274
54	275
54	279
54	286
54	294
54	298
54	308
54	312
54	316
54	324
54	337
54	341
54	376
54	381
54	399
54	404
54	418
54	420
55	58
55	75
55	78
55	90
55	113
55	126
55	133
55	143
55	148
55	155
55	167
55	219
55	226
55	253
55	255
55	260
55	296
55	322
55	326
55	334
55	344
55	367
55	369
55	383
55	474
55	497
56	58
56	59
56	60
56	66
56	69
56	72
56	74
56	80
56	84
56	85
56	92
56	95
56	97
56	104
56	109
56	117
56	120
56	126
56	138
56	141
56	146
56	158
56	170
56	180
56	182
56	183
56	185
56	196
56	215
56	226
56	265
56	268
56	271
56	273
56	288
56	292
56	308
56	332
56	354
56	356
56	358
56	390
56	393
56	402
56	416
56	419
56	424
56	430
56	441
56	445
56	450
56	458
56	462
56	464
56	472
56	477
56	487
56	496
57	62
57	67
57	68
57	77
57	80
57	83
57	89
57	92
57	93
57	95
57	97
57	104
57	115
57	118
57	123
57	135
57	138
57	143
57	144
57	171
57	195
57	205
57	227
57	232
57	236
57	254
57	271
57	280
57	283
57	300
57	305
57	308
57	361
57	388
57	403
57	416
57	436
57	437
57	448
57	486
57	487
57	490
58	60
58	64
58	68
58	71
58	73
58	74
58	76
58	83
58	89
58	93
58	110
58	113
58	118
58	124
58	142
58	146
58	151
58	187
58	194
58	203
58	252
58	253
58	256
58	264
58	271
58	360
58	372
58	396
58	400
59	61
59	69
59	71
59	72
59	78
59	103
59	108
59	112
59	119
59	120
59	127
59	131
59	133
59	140
59	147
59	182
59	183
59	189
59	228
59	229
59	238
59	239
59	242
59	249
59	291
59	300
59	315
59	321
59	344
59	359
59	375
59	385
59	396
59	410
59	433
59	447
59	459
59	495
60	62
60	64
60	70
60	77
60	79
60	83
60	86
60	87
60	95
60	100
60	106
60	108
60	109
60	111
60	154
60	155
60	167
60	172
60	175
60	179
60	181
60	182
60	183
60	189
60	205
60	210
60	215
60	218
60	224
60	231
60	237
60	252
60	263
60	275
60	296
60	313
60	324
60	327
60	331
60	332
60	340
60	345
60	351
60	354
60	360
60	361
60	367
60	382
60	394
60	397
60	406
60	408
60	415
60	422
60	428
60	450
60	460
60	464
60	465
60	466
60	470
60	471
60	486
60	498
61	64
61	78
61	82
61	84
61	96
61	98
61	102
61	114
61	119
61	121
61	146
61	158
61	159
61	164
61	170
61	181
61	186
61	198
61	210
61	214
61	220
61	224
61	225
61	241
61	268
61	288
61	292
61	321
61	335
61	336
61	355
61	356
61	361
61	365
61	386
61	400
61	410
61	414
61	425
61	434
61	440
61	447
61	453
61	456
61	484
61	486
62	63
62	65
62	85
62	106
62	131
62	136
62	151
62	170
62	189
62	217
62	218
62	229
62	230
62	245
62	286
62	320
62	368
62	390
62	434
62	479
62	495
63	67
63	74
63	75
63	93
63	94
63	96
63	103
63	107
63	122
63	136
63	137
63	141
63	152
63	161
63	162
63	163
63	168
63	197
63	212
63	220
63	226
63	228
63	245
63	250
63	259
63	271
63	272
63	277
63	282
63	284
63	296
63	309
63	310
63	311
63	316
63	333
63	343
63	352
63	364
63	393
63	436
63	448
63	455
63	457
63	458
63	464
63	465
63	475
63	480
63	486
63	489
63	495
63	496
64	65
64	66
64	71
64	79
64	80
64	86
64	91
64	94
64	96
64	107
64	109
64	119
64	122
64	126
64	134
64	139
64	143
64	151
64	162
64	163
64	170
64	171
64	174
64	175
64	176
64	177
64	188
64	195
64	200
64	207
64	213
64	222
64	229
64	235
64	247
64	249
64	259
64	270
64	274
64	278
64	284
64	301
64	309
64	311
64	328
64	335
64	353
64	366
64	398
64	410
64	438
64	441
64	445
64	453
64	467
64	475
64	493
65	77
65	78
65	79
65	95
65	98
65	103
65	106
65	129
65	145
65	152
65	162
65	178
65	191
65	197
65	214
65	217
65	234
65	245
65	255
65	256
65	266
65	267
65	281
65	303
65	313
65	325
65	339
65	352
65	358
65	389
65	390
65	395
65	402
65	412
65	419
65	423
65	433
65	452
65	468
65	476
65	497
65	498
66	68
66	72
66	94
66	96
66	101
66	111
66	160
66	163
66	164
66	177
66	228
66	248
66	251
66	321
66	326
66	380
66	381
66	407
66	414
66	426
66	452
66	466
67	68
67	71
67	89
67	94
67	100
67	102
67	103
67	108
67	116
67	122
67	123
67	130
67	133
67	148
67	158
67	161
67	162
67	164
67	172
67	175
67	184
67	196
67	213
67	236
67	245
67	250
67	251
67	290
67	300
67	321
67	337
67	351
67	363
67	365
67	387
67	397
67	399
67	412
67	428
67	488
67	499
68	73
68	81
68	92
68	99
68	103
68	121
68	126
68	129
68	135
68	151
68	157
68	165
68	166
68	182
68	199
68	208
68	209
68	213
68	218
68	223
68	236
68	243
68	245
68	313
68	322
68	327
68	337
68	369
68	374
68	387
68	395
68	420
68	460
68	485
69	70
69	71
69	73
69	75
69	80
69	81
69	83
69	90
69	95
69	102
69	105
69	112
69	120
69	125
69	139
69	147
69	153
69	157
69	158
69	159
69	160
69	165
69	196
69	201
69	204
69	205
69	221
69	226
69	232
69	240
69	248
69	251
69	260
69	267
69	269
69	278
69	283
69	284
69	294
69	304
69	326
69	327
69	331
69	333
69	340
69	359
69	372
69	373
69	374
69	383
69	386
69	443
69	450
69	473
69	478
70	77
70	84
70	97
70	99
70	112
70	117
70	128
70	161
70	168
70	170
70	171
70	179
70	190
70	200
70	202
70	206
70	210
70	214
70	222
70	267
70	273
70	290
70	322
70	339
70	366
70	370
70	412
70	426
70	492
70	496
71	75
71	78
71	82
71	85
71	86
71	87
71	90
71	96
71	109
71	113
71	118
71	132
71	137
71	151
71	159
71	161
71	173
71	182
71	189
71	197
71	219
71	223
71	244
71	257
71	258
71	261
71	271
71	279
71	286
71	295
71	330
71	333
71	354
71	357
71	363
71	380
71	384
71	391
71	400
71	404
71	426
71	431
71	432
71	441
71	453
71	454
71	455
71	456
72	76
72	89
72	93
72	110
72	125
72	130
72	142
72	153
72	165
72	168
72	182
72	187
72	190
72	204
72	217
72	228
72	233
72	239
72	247
72	254
72	257
72	262
72	267
72	268
72	270
72	271
72	298
72	327
72	364
72	383
72	387
72	392
72	393
72	398
72	406
72	423
72	426
72	447
72	481
73	75
73	76
73	78
73	79
73	86
73	97
73	116
73	127
73	129
73	136
73	154
73	162
73	163
73	164
73	169
73	172
73	199
73	224
73	226
73	232
73	244
73	249
73	253
73	268
73	272
73	274
73	289
73	301
73	354
73	380
73	391
73	393
73	397
73	398
73	403
73	421
73	426
73	473
74	76
74	80
74	85
74	94
74	97
74	100
74	103
74	104
74	106
74	116
74	118
74	126
74	128
74	135
74	150
74	158
74	164
74	166
74	173
74	176
74	180
74	198
74	206
74	219
74	238
74	243
74	259
74	266
74	287
74	297
74	298
74	310
74	332
74	333
74	337
74	340
74	343
74	350
74	357
74	367
74	376
74	379
74	401
74	402
74	409
74	412
74	416
74	427
74	435
74	438
74	440
74	452
74	470
74	471
75	103
75	104
75	107
75	108
75	109
75	116
75	141
75	185
75	196
75	205
75	220
75	226
75	255
75	278
75	289
75	292
75	308
75	333
75	348
75	367
75	373
75	388
75	397
75	423
75	446
75	461
75	466
75	491
75	497
75	498
76	77
76	81
76	101
76	106
76	107
76	112
76	117
76	120
76	129
76	148
76	154
76	183
76	224
76	229
76	245
76	249
76	261
76	281
76	290
76	295
76	296
76	306
76	330
76	350
76	364
76	397
76	407
76	422
76	444
76	472
77	79
77	86
77	87
77	89
77	91
77	112
77	118
77	122
77	131
77	134
77	135
77	145
77	158
77	162
77	168
77	170
77	174
77	176
77	185
77	203
77	208
77	218
77	222
77	226
77	232
77	238
77	249
77	258
77	260
77	262
77	269
77	301
77	303
77	304
77	311
77	312
77	318
77	324
77	358
77	373
77	395
77	419
77	429
77	446
77	447
77	456
77	476
77	480
77	491
78	87
78	111
78	113
78	140
78	184
78	187
78	211
78	214
78	272
78	299
78	348
78	349
78	350
78	362
78	414
78	423
78	448
78	461
79	83
79	112
79	119
79	125
79	136
79	149
79	160
79	162
79	167
79	172
79	182
79	183
79	184
79	196
79	206
79	208
79	211
79	227
79	232
79	257
79	258
79	266
79	271
79	275
79	277
79	283
79	287
79	301
79	309
79	321
79	354
79	362
79	365
79	396
79	433
79	468
79	482
79	484
79	485
80	84
80	85
80	90
80	117
80	124
80	125
80	130
80	137
80	138
80	144
80	163
80	164
80	169
80	172
80	189
80	203
80	234
80	246
80	256
80	265
80	273
80	293
80	304
80	321
80	322
80	332
80	349
80	356
80	378
80	402
80	409
80	420
80	454
81	96
81	123
81	140
81	142
81	144
81	152
81	154
81	157
81	170
81	193
81	217
81	223
81	246
81	251
81	260
81	267
81	290
81	292
81	320
81	329
81	349
81	361
81	371
81	388
81	389
81	392
81	407
81	410
81	446
81	489
81	494
82	88
82	105
82	109
82	110
82	111
82	117
82	141
82	151
82	168
82	171
82	179
82	181
82	195
82	201
82	228
82	239
82	242
82	244
82	259
82	297
82	307
82	325
82	332
82	338
82	341
82	348
82	354
82	376
82	386
82	399
82	425
82	437
82	474
82	489
83	97
83	102
83	108
83	112
83	119
83	136
83	142
83	162
83	167
83	182
83	189
83	228
83	232
83	238
83	251
83	254
83	273
83	277
83	280
83	300
83	316
83	320
83	341
83	346
83	378
83	408
83	415
83	423
83	438
84	93
84	106
84	114
84	152
84	180
84	183
84	190
84	207
84	213
84	214
84	220
84	232
84	235
84	240
84	256
84	262
84	272
84	291
84	309
84	328
84	334
84	407
84	411
84	415
84	419
84	488
85	96
85	98
85	122
85	129
85	144
85	151
85	152
85	158
85	161
85	168
85	171
85	175
85	177
85	185
85	186
85	188
85	223
85	238
85	239
85	242
85	243
85	264
85	287
85	295
85	329
85	331
85	337
85	343
85	353
85	401
85	453
86	88
86	91
86	93
86	94
86	99
86	117
86	133
86	146
86	156
86	159
86	170
86	176
86	180
86	198
86	208
86	210
86	212
86	221
86	228
86	231
86	245
86	253
86	260
86	261
86	271
86	272
86	279
86	314
86	349
86	358
86	360
86	380
86	424
86	433
86	441
86	442
86	445
86	446
86	469
86	475
86	478
87	92
87	108
87	120
87	169
87	170
87	186
87	306
87	337
87	385
87	408
87	432
87	496
88	89
88	95
88	100
88	104
88	113
88	120
88	122
88	135
88	156
88	168
88	210
88	211
88	223
88	225
88	260
88	269
88	272
88	273
88	281
88	282
88	292
88	299
88	306
88	328
88	329
88	334
88	335
88	337
88	379
88	382
88	420
88	435
88	454
88	465
88	471
88	474
88	496
89	90
89	97
89	101
89	105
89	110
89	125
89	127
89	128
89	129
89	136
89	139
89	143
89	150
89	154
89	155
89	164
89	167
89	173
89	174
89	180
89	190
89	200
89	224
89	248
89	259
89	280
89	289
89	291
89	299
89	307
89	315
89	322
89	323
89	366
89	368
89	371
89	384
89	393
89	398
89	402
89	421
89	424
89	440
89	441
89	455
89	459
89	462
89	466
89	482
90	102
90	105
90	110
90	133
90	144
90	147
90	149
90	165
90	216
90	230
90	259
90	305
90	351
90	370
90	379
90	380
90	389
90	391
90	399
90	430
90	444
90	463
90	477
91	100
91	103
91	118
91	125
91	127
91	134
91	148
91	152
91	159
91	164
91	171
91	180
91	217
91	230
91	250
91	253
91	293
91	303
91	327
91	368
91	385
91	390
91	393
91	412
91	414
91	417
91	422
91	437
91	478
92	124
92	131
92	153
92	155
92	163
92	164
92	177
92	180
92	211
92	237
92	245
92	278
92	279
92	282
92	294
92	303
92	333
92	341
92	378
92	386
92	409
92	464
92	483
92	485
93	100
93	103
93	107
93	113
93	122
93	129
93	169
93	177
93	190
93	192
93	193
93	194
93	195
93	201
93	204
93	210
93	239
93	248
93	258
93	292
93	297
93	305
93	312
93	332
93	344
93	347
93	386
93	409
93	410
93	429
93	435
93	438
93	492
94	122
94	133
94	147
94	155
94	180
94	208
94	212
94	218
94	220
94	239
94	256
94	262
94	273
94	280
94	316
94	348
94	393
94	429
94	443
94	450
94	451
94	456
94	468
95	105
95	114
95	117
95	121
95	124
95	133
95	149
95	150
95	154
95	174
95	176
95	191
95	195
95	207
95	233
95	234
95	235
95	253
95	273
95	285
95	291
95	303
95	353
95	403
95	418
95	432
95	437
95	440
95	444
95	464
95	465
95	482
95	483
95	492
96	97
96	102
96	104
96	110
96	116
96	118
96	136
96	138
96	154
96	156
96	175
96	184
96	191
96	217
96	236
96	244
96	258
96	261
96	263
96	324
96	360
96	366
96	373
96	379
96	393
96	410
96	424
96	429
96	474
96	489
97	99
97	100
97	116
97	121
97	124
97	145
97	153
97	178
97	192
97	207
97	236
97	331
97	332
97	343
97	352
97	400
97	419
97	433
97	440
97	464
98	101
98	133
98	155
98	158
98	166
98	170
98	191
98	192
98	204
98	216
98	230
98	242
98	243
98	247
98	270
98	312
98	332
98	345
98	372
98	423
98	436
98	440
98	452
98	456
98	470
98	487
99	103
99	107
99	113
99	131
99	140
99	148
99	182
99	190
99	202
99	209
99	211
99	226
99	235
99	271
99	279
99	285
99	365
99	377
99	437
100	118
100	121
100	148
100	158
100	173
100	181
100	229
100	236
100	243
100	254
100	263
100	266
100	286
100	288
100	294
100	309
100	311
100	312
100	313
100	316
100	327
100	358
100	392
100	393
100	404
100	406
100	436
100	475
100	478
100	490
100	498
100	499
101	123
101	128
101	134
101	139
101	141
101	179
101	183
101	230
101	233
101	246
101	278
101	301
101	331
101	360
101	372
101	441
102	111
102	120
102	131
102	136
102	138
102	142
102	155
102	157
102	161
102	171
102	180
102	207
102	264
102	266
102	267
102	268
102	277
102	289
102	290
102	292
102	296
102	314
102	317
102	324
102	331
102	343
102	350
102	373
102	400
102	408
102	411
102	414
102	470
103	106
103	124
103	125
103	160
103	211
103	230
103	340
103	394
103	423
104	106
104	116
104	157
104	166
104	198
104	227
104	230
104	263
104	302
104	310
104	325
104	342
104	350
104	409
104	414
104	415
104	426
104	451
104	481
105	106
105	110
105	112
105	115
105	118
105	134
105	141
105	150
105	159
105	178
105	188
105	190
105	193
105	206
105	216
105	222
105	225
105	238
105	314
105	315
105	341
105	360
105	370
105	377
105	387
105	468
105	479
105	482
105	495
106	107
106	112
106	114
106	128
106	156
106	177
106	188
106	199
106	204
106	232
106	240
106	244
106	278
106	326
106	333
106	340
106	351
106	375
106	438
106	478
106	498
107	110
107	126
107	134
107	149
107	151
107	155
107	168
107	172
107	184
107	194
107	195
107	214
107	215
107	228
107	248
107	257
107	278
107	284
107	295
107	298
107	310
107	311
107	320
107	321
107	378
107	381
107	404
107	430
107	434
107	436
107	438
107	460
107	478
108	112
108	114
108	118
108	126
108	128
108	131
108	160
108	178
108	184
108	190
108	192
108	200
108	219
108	235
108	247
108	248
108	249
108	305
108	313
108	321
108	333
108	344
108	377
108	395
108	396
108	398
108	415
108	420
108	422
108	435
108	450
108	455
108	457
108	468
108	474
108	486
109	111
109	123
109	145
109	150
109	160
109	167
109	182
109	190
109	206
109	220
109	234
109	240
109	242
109	245
109	250
109	251
109	260
109	272
109	276
109	279
109	305
109	312
109	322
109	323
109	325
109	329
109	334
109	346
109	353
109	368
109	385
109	387
109	393
109	401
109	408
109	460
109	484
109	487
109	489
109	491
110	167
110	187
110	201
110	218
110	222
110	242
110	246
110	252
110	257
110	313
110	316
110	318
110	335
110	364
110	380
110	381
110	476
111	116
111	129
111	130
111	144
111	159
111	167
111	172
111	173
111	185
111	191
111	218
111	229
111	254
111	258
111	281
111	303
111	304
111	314
111	328
111	333
111	347
111	353
111	386
111	416
111	424
111	433
111	458
111	465
111	474
112	113
112	128
112	130
112	154
112	204
112	211
112	219
112	229
112	236
112	246
112	265
112	272
112	276
112	284
112	298
112	328
112	343
112	405
112	442
112	491
113	114
113	115
113	117
113	135
113	137
113	181
113	208
113	213
113	218
113	221
113	228
113	239
113	249
113	278
113	292
113	295
113	297
113	311
113	323
113	328
113	346
113	347
113	349
113	355
113	358
113	370
113	383
113	404
113	447
114	119
114	129
114	139
114	140
114	143
114	147
114	170
114	171
114	203
114	205
114	224
114	227
114	237
114	245
114	249
114	254
114	255
114	300
114	301
114	338
114	357
114	372
114	422
114	434
114	440
114	441
114	457
114	474
114	478
114	479
114	487
115	125
115	127
115	131
115	150
115	183
115	191
115	212
115	213
115	216
115	219
115	227
115	233
115	236
115	279
115	301
115	324
116	132
116	177
116	178
116	186
116	193
116	200
116	208
116	279
116	289
116	300
116	306
116	315
116	335
116	351
116	379
116	393
116	398
116	418
116	446
116	458
116	494
117	130
117	132
117	137
117	138
117	156
117	180
117	188
117	192
117	198
117	208
117	216
117	221
117	227
117	245
117	268
117	316
117	321
117	328
117	351
117	369
117	389
117	403
117	459
117	464
117	466
118	120
118	121
118	129
118	132
118	136
118	138
118	141
118	146
118	150
118	171
118	173
118	199
118	207
118	228
118	238
118	245
118	248
118	251
118	252
118	258
118	268
118	270
118	281
118	310
118	321
118	326
118	339
118	359
118	366
118	391
118	399
118	405
118	412
118	434
118	438
118	440
118	449
118	495
119	132
119	153
119	173
119	175
119	197
119	206
119	212
119	216
119	223
119	229
119	255
119	258
119	266
119	270
119	283
119	285
119	296
119	307
119	320
119	373
119	391
119	397
119	405
119	406
119	461
120	129
120	140
120	145
120	148
120	159
120	191
120	232
120	252
120	267
120	275
120	287
120	302
120	319
120	342
120	354
120	373
120	431
120	483
120	489
121	130
121	132
121	173
121	195
121	213
121	237
121	253
121	266
121	318
121	332
121	335
121	336
121	347
121	356
121	365
121	385
121	389
121	398
121	401
121	433
121	470
121	495
122	135
122	149
122	152
122	186
122	206
122	229
122	274
122	288
122	313
122	321
122	328
122	372
122	379
122	385
122	421
122	430
122	434
122	453
122	492
123	134
123	155
123	163
123	167
123	174
123	176
123	178
123	189
123	204
123	240
123	246
123	290
123	380
123	406
123	447
124	193
124	203
124	204
124	209
124	286
124	316
124	317
124	431
124	439
124	486
125	131
125	137
125	163
125	165
125	170
125	181
125	183
125	227
125	276
125	287
125	291
125	327
125	365
125	367
125	369
125	382
125	402
125	474
125	497
126	133
126	140
126	153
126	179
126	184
126	187
126	195
126	206
126	234
126	238
126	243
126	279
126	281
126	285
126	311
126	339
126	350
126	371
126	388
126	403
126	407
126	417
126	422
126	430
126	440
126	444
126	475
126	479
126	489
127	167
127	188
127	191
127	203
127	215
127	244
127	268
127	285
127	304
127	308
127	313
127	317
127	343
127	415
127	430
127	458
127	465
128	129
128	135
128	162
128	172
128	193
128	200
128	218
128	221
128	222
128	227
128	267
128	269
128	330
128	359
128	361
128	381
128	398
128	421
128	433
128	445
128	476
128	486
128	492
129	132
129	138
129	142
129	152
129	153
129	160
129	161
129	171
129	172
129	187
129	206
129	219
129	244
129	292
129	317
129	351
129	353
129	368
129	404
129	425
129	442
129	454
130	131
130	135
130	144
130	176
130	192
130	197
130	199
130	305
130	323
130	377
130	397
131	132
131	136
131	156
131	157
131	185
131	197
131	268
131	280
131	330
131	336
131	389
131	442
131	466
131	472
132	138
132	142
132	143
132	148
132	178
132	196
132	205
132	217
132	225
132	230
132	247
132	248
132	256
132	269
132	280
132	281
132	297
132	311
132	314
132	317
132	318
132	334
132	338
132	347
132	351
132	364
132	366
132	368
132	382
132	410
132	454
132	463
132	473
132	482
132	483
133	135
133	142
133	154
133	171
133	191
133	192
133	195
133	203
133	263
133	266
133	324
133	325
133	328
133	336
133	383
133	394
133	411
133	420
134	145
134	150
134	156
134	174
134	189
134	202
134	208
134	224
134	239
134	306
134	317
134	342
134	387
134	394
134	412
134	435
135	137
135	206
135	245
135	246
135	291
135	333
135	365
135	391
135	392
135	409
135	414
135	459
135	481
136	140
136	143
136	146
136	152
136	169
136	190
136	193
136	198
136	233
136	265
136	269
136	283
136	305
136	322
136	328
136	334
136	344
136	361
136	363
136	374
136	388
136	401
136	472
137	150
137	210
137	252
137	266
137	312
137	324
137	433
137	440
137	450
138	145
138	151
138	153
138	174
138	232
138	269
138	270
138	305
138	307
138	308
138	318
138	336
138	339
138	344
138	349
138	388
138	391
138	400
138	411
138	431
138	473
138	496
139	145
139	156
139	192
139	207
139	208
139	210
139	231
139	242
139	259
139	263
139	274
139	291
139	321
139	322
139	341
139	372
139	399
139	400
139	423
139	436
139	458
139	470
140	149
140	155
140	165
140	178
140	194
140	199
140	219
140	221
140	230
140	234
140	291
140	297
140	325
140	346
140	354
140	376
140	379
140	381
140	403
140	451
140	477
140	484
141	152
141	160
141	166
141	167
141	183
141	186
141	194
141	195
141	205
141	206
141	222
141	237
141	248
141	274
141	320
141	328
141	331
141	342
141	361
141	384
141	388
141	401
141	402
141	405
141	409
141	434
141	454
141	468
141	484
141	490
142	180
142	189
142	211
142	213
142	251
142	252
142	254
142	268
142	295
142	322
142	344
142	360
142	362
142	372
142	387
142	397
142	426
142	428
142	436
142	444
142	446
142	485
143	151
143	153
143	165
143	168
143	179
143	196
143	204
143	215
143	219
143	236
143	249
143	264
143	279
143	292
143	294
143	320
143	322
143	325
143	342
143	355
143	363
143	408
143	438
143	440
143	441
143	447
143	460
143	479
144	150
144	154
144	157
144	191
144	205
144	237
144	241
144	242
144	258
144	268
144	306
144	313
144	359
144	373
144	377
144	438
144	451
145	157
145	160
145	209
145	220
145	227
145	242
145	254
145	264
145	275
145	302
145	314
145	340
145	341
145	346
145	350
145	379
145	427
145	451
145	476
145	481
145	486
145	492
146	155
146	161
146	183
146	192
146	213
146	229
146	241
146	264
146	267
146	295
146	302
146	315
146	323
146	378
146	400
146	412
146	414
146	416
146	445
146	454
146	475
147	157
147	165
147	179
147	184
147	200
147	204
147	224
147	235
147	256
147	264
147	277
147	288
147	296
147	318
147	327
147	337
147	387
147	412
147	413
147	461
147	469
147	493
147	494
147	496
148	192
148	201
148	219
148	243
148	244
148	252
148	266
148	290
148	299
148	323
148	349
148	371
148	386
148	392
148	406
148	418
148	434
148	448
148	477
148	489
149	156
149	223
149	255
149	275
149	287
149	355
149	370
149	425
150	155
150	164
150	177
150	210
150	222
150	252
150	275
150	314
150	347
150	349
150	386
150	413
150	453
150	490
151	155
151	160
151	166
151	169
151	190
151	215
151	269
151	270
151	271
151	290
151	296
151	327
151	346
151	357
151	394
151	403
151	409
151	418
151	435
151	469
151	495
152	167
152	172
152	213
152	257
152	290
152	308
152	331
152	336
152	344
152	353
152	357
152	360
152	374
152	394
152	448
152	460
152	481
152	484
152	493
153	230
153	239
153	290
153	293
153	307
153	343
153	377
153	389
153	391
153	399
153	413
153	437
153	443
153	468
154	175
154	193
154	202
154	206
154	224
154	232
154	247
154	260
154	283
154	290
154	295
154	302
154	329
154	342
154	374
154	376
154	406
154	415
154	460
154	472
154	499
155	185
155	186
155	188
155	202
155	270
155	277
155	287
155	319
155	353
155	355
155	375
155	378
155	394
155	416
155	439
155	445
155	458
155	480
156	172
156	175
156	185
156	246
156	308
156	321
156	351
156	370
156	424
156	429
156	431
156	445
157	169
157	176
157	185
157	196
157	199
157	204
157	210
157	214
157	226
157	261
157	297
157	300
157	308
157	334
157	340
157	348
157	366
157	384
157	455
157	480
158	161
158	183
158	195
158	214
158	238
158	267
158	280
158	285
158	336
158	346
158	408
158	417
158	448
158	453
158	480
159	164
159	242
159	245
159	262
159	276
159	336
159	368
159	405
159	424
159	428
159	451
159	464
159	471
159	488
160	178
160	182
160	194
160	202
160	211
160	261
160	291
160	296
160	305
160	326
160	349
160	355
160	379
160	385
160	390
160	413
160	423
160	430
160	434
160	442
160	474
160	499
161	164
161	167
161	190
161	194
161	197
161	213
161	310
161	327
161	331
161	373
161	439
161	440
162	166
162	167
162	190
162	205
162	243
162	249
162	281
162	317
162	376
162	381
162	382
162	415
162	421
162	447
162	448
162	463
162	467
162	475
163	183
163	202
163	222
163	225
163	231
163	252
163	254
163	297
163	348
163	412
163	438
164	207
164	221
164	237
164	257
164	259
164	260
164	263
164	276
164	278
164	323
164	341
164	347
164	352
164	428
164	435
164	488
165	186
165	201
165	211
165	230
165	231
165	264
165	405
165	422
165	435
165	442
165	480
165	489
166	181
166	193
166	202
166	227
166	231
166	233
166	241
166	257
166	271
166	311
166	339
166	377
166	389
166	406
166	419
166	433
166	443
167	188
167	220
167	221
167	250
167	268
167	326
167	411
167	421
167	425
167	427
167	436
167	439
168	231
168	266
168	270
168	284
168	285
168	289
168	333
168	334
168	345
168	365
168	429
168	442
168	456
168	467
169	176
169	177
169	189
169	209
169	222
169	297
169	318
169	324
169	360
169	362
169	417
169	433
169	479
170	179
170	195
170	201
170	249
170	262
170	273
170	320
170	330
170	335
170	387
170	422
170	452
170	473
171	176
171	215
171	234
171	257
171	287
171	305
171	306
171	335
171	336
171	417
171	419
171	421
171	428
171	463
171	474
172	203
172	222
172	243
172	274
172	289
172	294
172	324
172	338
172	342
172	366
172	370
172	379
172	389
172	393
172	401
172	402
172	425
172	428
172	485
172	489
172	494
172	499
173	177
173	185
173	205
173	212
173	220
173	238
173	261
173	265
173	272
173	290
173	317
173	322
173	349
173	383
173	398
173	448
173	457
173	458
173	464
173	467
173	468
173	480
173	492
174	175
174	240
174	294
174	328
174	359
174	362
174	365
174	375
174	392
174	420
174	422
174	432
174	451
175	190
175	198
175	224
175	235
175	246
175	253
175	258
175	265
175	277
175	280
175	282
175	333
175	412
175	470
176	225
176	235
176	259
176	283
176	303
176	345
176	386
176	438
176	443
176	458
176	482
176	494
177	189
177	231
177	278
177	293
177	296
177	300
177	311
177	313
177	426
177	436
177	459
177	469
177	487
178	205
178	209
178	221
178	245
178	251
178	301
178	314
178	338
178	375
178	377
178	437
178	455
178	467
178	493
179	217
179	262
179	325
179	327
179	345
179	364
179	388
179	391
179	435
179	459
179	464
179	481
179	489
180	185
180	216
180	217
180	220
180	236
180	252
180	282
180	296
180	304
180	319
180	329
180	348
180	475
181	214
181	226
181	273
181	288
181	294
181	297
181	323
181	353
181	392
181	434
181	456
181	499
182	191
182	220
182	249
182	265
182	283
182	331
182	369
182	377
182	398
182	412
182	435
182	453
182	484
182	489
182	496
183	188
183	193
183	212
183	225
183	240
183	260
183	275
183	285
183	303
183	307
183	332
183	343
183	425
183	430
183	449
183	488
183	493
183	498
184	198
184	211
184	226
184	237
184	239
184	301
184	302
184	315
184	362
184	393
184	411
184	432
184	468
185	189
185	212
185	231
185	250
185	286
185	310
185	318
185	342
185	414
185	459
185	462
185	463
185	466
185	472
185	478
186	206
186	255
186	271
186	273
186	285
186	302
186	324
186	330
186	379
186	384
186	389
186	423
186	447
186	451
186	474
186	476
186	497
187	208
187	211
187	226
187	241
187	293
187	387
187	406
187	451
188	196
188	218
188	236
188	241
188	263
188	299
188	320
188	324
188	339
188	383
188	408
188	431
188	435
188	487
189	194
189	232
189	299
189	325
189	475
189	490
190	200
190	231
190	236
190	238
190	255
190	277
190	325
190	347
190	397
190	411
190	491
190	497
191	193
191	233
191	235
191	236
191	364
191	390
191	417
191	469
192	196
192	201
192	261
192	267
192	308
192	311
192	320
192	323
192	325
192	363
192	367
192	409
192	443
192	450
192	464
192	473
192	475
192	489
193	209
193	235
193	238
193	244
193	274
193	276
193	318
193	320
193	383
193	388
193	394
193	395
193	407
193	411
193	466
193	493
194	241
194	277
194	331
194	336
194	341
194	350
194	364
194	371
194	380
194	390
194	398
194	401
194	405
194	498
195	239
195	331
195	336
195	340
195	383
195	396
195	414
195	429
195	461
195	475
196	198
196	204
196	209
196	233
196	256
196	257
196	275
196	318
196	351
196	374
196	383
196	421
196	432
196	486
197	203
197	207
197	208
197	218
197	232
197	243
197	247
197	270
197	272
197	314
197	332
197	357
197	376
197	394
197	401
197	423
197	448
197	458
197	463
198	204
198	211
198	229
198	240
198	255
198	271
198	282
198	310
198	342
198	377
198	399
198	403
198	423
198	442
198	484
198	491
199	264
199	357
199	361
199	403
199	419
199	424
199	448
200	205
200	209
200	218
200	224
200	242
200	269
200	287
200	295
200	301
200	374
200	426
200	455
201	241
201	312
201	334
201	341
201	350
201	361
201	381
201	383
201	422
201	463
201	464
201	474
201	479
202	223
202	254
202	269
202	286
202	325
202	343
202	348
202	390
202	423
202	425
202	492
202	493
203	234
203	256
203	268
203	272
203	312
203	366
203	379
203	415
203	434
204	218
204	224
204	237
204	254
204	369
204	374
204	399
204	405
204	433
204	473
204	481
205	214
205	224
205	237
205	238
205	240
205	241
205	266
205	269
205	279
205	298
205	304
205	354
205	375
205	412
206	215
206	260
206	278
206	293
206	294
206	338
206	381
206	399
206	404
206	416
206	462
206	474
206	480
206	483
206	487
206	494
207	215
207	222
207	247
207	290
207	314
207	318
207	363
207	388
207	429
207	451
207	474
207	493
208	210
208	219
208	250
208	270
208	339
208	352
208	372
208	377
208	394
208	401
208	436
208	469
208	498
209	217
209	283
209	305
209	337
209	371
209	401
209	410
209	436
209	469
210	217
210	228
210	261
210	274
210	304
210	315
210	326
210	340
210	352
210	354
210	357
210	380
210	396
210	413
210	419
210	437
210	455
210	488
211	243
211	263
211	267
211	373
211	398
211	422
211	474
211	478
212	237
212	248
212	250
212	254
212	262
212	263
212	281
212	283
212	346
212	368
212	389
212	390
212	411
212	414
212	428
212	437
212	461
212	462
212	491
212	497
212	498
213	242
213	247
213	265
213	282
213	326
213	374
213	381
213	412
213	463
214	221
214	226
214	271
214	297
214	302
214	308
214	320
214	336
214	358
214	359
214	385
214	410
214	449
214	464
214	477
215	216
215	223
215	225
215	228
215	299
215	360
215	369
215	380
215	407
216	249
216	260
216	303
216	304
216	318
216	323
216	361
216	396
217	255
217	273
217	282
217	321
217	324
217	382
217	413
217	444
217	452
217	457
217	486
218	231
218	240
218	241
218	248
218	252
218	253
218	269
218	289
218	372
218	406
218	417
218	437
218	439
218	465
218	482
219	259
219	265
219	294
219	299
219	310
219	314
219	328
219	339
219	346
219	367
219	393
219	403
219	442
219	475
219	490
220	264
220	313
220	319
220	383
220	432
220	447
220	479
221	222
221	230
221	294
221	296
221	325
221	433
221	442
221	452
222	247
222	261
222	263
222	290
222	319
222	410
222	431
222	458
223	241
223	245
223	281
223	318
223	332
223	391
223	409
223	413
223	460
223	497
224	230
224	276
224	298
224	306
224	311
224	354
224	441
224	458
225	364
225	378
225	414
225	465
225	470
226	262
226	263
226	345
226	387
226	497
227	230
227	234
227	310
227	327
227	337
227	344
227	356
227	387
227	404
227	442
228	262
228	274
228	276
228	283
228	289
228	313
228	326
228	329
228	357
228	401
228	449
228	457
228	494
229	245
229	375
229	386
229	493
230	265
230	291
230	292
230	299
230	312
230	321
230	325
230	412
230	427
230	442
230	443
230	469
230	473
230	488
231	258
231	282
231	304
231	306
231	347
231	367
231	414
231	418
231	449
231	461
231	465
231	492
232	240
232	244
232	257
232	267
232	281
232	288
232	324
232	335
232	356
232	369
232	375
232	416
232	418
232	452
232	489
232	492
233	244
233	258
233	287
233	307
233	339
233	366
233	384
233	399
233	476
233	487
234	241
234	329
234	366
234	384
234	465
234	467
234	472
235	240
235	247
235	251
235	302
235	314
235	383
235	396
235	404
235	462
236	249
236	388
236	389
236	390
236	393
236	397
236	403
236	451
236	488
237	251
237	273
237	284
237	299
237	312
237	317
237	346
237	350
237	362
237	371
237	382
237	397
237	421
237	462
237	480
237	484
238	284
238	293
238	407
238	416
239	256
239	298
239	300
239	332
239	372
239	388
239	434
239	463
239	488
239	496
240	286
240	363
240	411
241	284
241	355
241	370
241	384
241	400
241	402
241	404
241	406
241	420
241	439
241	449
241	461
241	492
242	302
242	320
242	322
242	365
242	366
242	439
242	476
243	276
243	302
243	343
243	367
243	475
243	478
244	252
244	262
244	293
244	317
244	319
244	338
244	340
244	479
244	493
245	266
245	310
245	314
245	348
245	373
245	395
245	401
245	454
245	483
246	264
246	275
246	285
246	287
246	291
246	305
246	362
246	368
246	372
246	391
246	395
246	414
246	416
247	251
247	280
247	291
247	364
247	381
247	413
247	424
247	443
247	456
247	495
248	282
248	284
248	298
248	362
248	461
248	479
248	482
248	483
249	258
249	278
249	284
249	298
249	400
249	416
249	427
249	450
249	460
249	471
249	485
250	265
250	267
250	361
250	366
250	391
250	456
250	481
251	254
251	271
251	276
251	326
251	348
251	394
251	428
251	470
252	264
252	266
252	272
252	303
252	311
252	320
252	334
252	337
252	338
252	398
252	411
252	432
252	452
252	482
252	485
253	274
253	292
253	295
253	309
253	341
253	352
253	355
253	406
253	439
253	467
253	471
253	499
254	256
254	292
254	294
254	296
254	306
254	313
254	370
254	371
254	375
254	417
254	431
254	453
254	477
255	258
255	264
255	276
255	324
255	377
255	387
255	397
256	277
256	289
256	290
256	301
256	330
256	381
256	436
256	441
256	443
257	263
257	287
257	322
257	330
257	335
258	276
258	293
258	317
258	336
258	352
258	365
258	497
259	309
259	355
259	370
259	395
259	407
259	415
259	431
259	472
260	287
260	288
260	318
260	346
260	352
260	431
260	480
261	270
261	273
261	275
261	277
261	280
261	281
261	308
261	316
261	325
261	366
261	429
261	473
261	477
261	478
262	331
262	380
262	443
262	476
263	293
263	365
263	380
263	401
263	418
263	420
263	435
264	279
264	303
264	310
264	338
264	342
264	361
264	429
264	446
265	278
265	282
265	369
265	395
265	397
265	439
265	459
265	493
266	293
266	300
266	333
266	340
266	386
267	273
267	293
267	302
267	377
267	379
267	383
267	387
267	390
267	413
267	444
267	447
267	448
267	468
267	469
267	471
267	482
268	323
268	335
268	360
268	455
269	346
269	364
269	368
269	380
269	390
269	445
270	284
270	310
270	365
270	368
270	374
270	425
270	465
271	274
271	317
271	336
271	373
271	405
271	411
271	478
271	485
271	496
272	297
272	304
272	308
272	341
272	368
272	450
272	493
273	302
273	335
273	363
273	368
273	406
273	411
273	413
273	426
273	431
273	450
273	466
273	495
274	280
274	329
274	331
274	339
274	342
274	386
274	415
274	418
274	442
274	455
274	467
274	477
274	491
274	493
274	499
275	318
275	474
276	310
276	321
276	330
276	373
276	379
276	396
277	279
277	289
277	301
277	350
277	379
277	382
277	429
277	462
277	463
278	416
278	481
279	309
279	312
279	330
279	372
279	391
279	405
279	447
279	480
280	291
280	300
280	324
280	371
281	287
281	305
281	309
281	356
281	430
281	435
281	452
281	498
282	305
282	410
282	412
282	445
283	319
283	344
283	363
283	387
283	417
283	421
283	439
284	303
284	307
284	311
284	373
284	374
284	377
284	405
284	413
284	427
284	437
284	444
284	480
285	296
285	395
285	409
286	315
286	324
286	358
286	368
286	389
287	306
287	320
287	376
287	392
287	410
287	449
287	458
288	385
288	418
289	314
289	333
289	336
289	338
289	341
289	345
289	358
289	363
289	404
289	484
290	329
290	330
290	341
290	347
290	353
290	385
290	410
290	416
291	309
291	357
291	361
291	392
291	439
291	447
291	493
292	415
292	419
292	466
292	475
293	297
293	300
293	338
293	384
293	421
293	432
293	463
294	328
294	391
294	437
295	327
295	376
295	390
295	395
296	332
296	353
296	388
296	454
296	490
297	306
297	342
297	399
297	406
298	307
298	346
298	360
298	366
298	490
298	498
299	310
299	326
299	396
299	496
300	329
300	441
301	407
301	479
301	485
301	494
302	345
302	371
302	457
302	470
302	494
303	346
303	366
303	384
303	407
303	419
303	464
304	308
304	369
304	438
304	466
304	478
305	315
305	318
305	330
305	360
305	478
306	307
306	333
306	344
306	350
306	353
306	362
306	376
306	385
306	458
307	341
307	345
307	383
307	496
308	309
308	322
308	340
308	352
308	431
308	450
308	454
308	461
309	343
309	347
309	413
309	414
309	426
309	429
309	457
310	325
310	339
310	415
310	456
310	471
310	487
310	493
311	315
311	338
311	353
311	446
311	498
312	413
312	449
313	334
313	376
313	378
313	393
313	398
313	399
313	425
313	461
313	462
313	491
313	499
314	334
314	335
314	337
314	423
314	476
315	325
315	417
315	432
315	465
315	484
316	326
316	356
316	357
316	364
316	403
316	411
316	419
316	426
316	430
316	434
317	353
317	372
317	395
317	427
317	443
317	481
317	482
317	499
318	319
318	322
318	370
318	392
318	468
318	491
319	330
319	371
319	451
320	357
320	400
320	410
320	425
320	434
320	451
320	473
321	349
321	378
321	394
321	407
321	451
321	463
322	342
322	395
322	401
322	423
322	469
322	492
323	337
323	354
323	389
323	404
323	463
324	355
324	421
324	432
324	459
324	470
324	496
325	337
325	351
326	349
326	457
326	495
327	341
327	389
328	339
329	390
330	356
330	414
331	334
331	338
331	344
331	357
331	358
331	370
331	463
331	468
331	497
331	498
332	347
332	358
332	360
332	399
332	405
332	479
332	482
332	499
333	344
333	392
333	441
333	477
334	348
334	358
334	361
334	381
334	382
334	487
335	340
335	360
335	469
336	348
336	377
336	381
336	408
336	440
336	442
336	463
337	373
337	455
338	448
338	452
338	468
339	371
339	472
339	481
340	348
340	460
341	408
341	424
342	408
342	419
343	362
343	384
343	409
343	431
343	443
343	459
343	477
344	404
344	409
344	410
344	468
344	475
345	347
345	385
345	499
346	386
346	454
347	395
347	473
348	371
348	436
348	460
349	403
349	432
349	444
349	467
349	497
350	353
350	470
350	473
350	482
351	403
351	407
352	356
352	374
352	378
352	391
352	424
352	443
352	457
352	458
352	495
353	446
353	479
354	390
354	495
355	435
355	445
355	461
356	360
356	382
356	384
356	427
356	439
356	446
356	478
357	384
357	430
358	364
358	375
358	411
358	436
358	445
358	455
359	396
359	408
359	421
359	438
359	453
360	380
360	384
360	385
360	446
360	458
360	463
360	473
360	479
361	365
361	419
361	442
362	382
362	478
364	398
364	406
364	416
364	425
364	460
365	405
365	445
365	477
365	490
366	405
366	446
366	487
367	400
367	432
367	433
367	483
367	495
367	499
368	401
368	402
368	429
368	452
369	399
369	416
370	377
370	387
370	403
370	405
370	434
370	485
370	494
370	498
371	373
371	375
371	380
371	396
371	410
371	485
372	485
373	477
374	377
374	407
374	433
375	376
375	398
375	454
376	382
376	383
376	393
376	459
376	488
377	384
377	439
378	402
378	424
379	382
379	397
379	457
380	415
380	425
380	427
380	445
380	486
381	389
381	391
381	392
381	400
381	430
381	461
381	468
382	393
382	441
383	400
383	428
383	471
384	402
384	436
384	452
385	397
385	429
385	471
386	472
387	420
387	464
388	418
388	419
388	426
388	429
389	461
390	410
390	466
390	483
391	394
391	407
391	410
391	444
392	400
392	408
392	445
392	464
392	477
392	487
393	413
393	414
393	487
393	494
394	402
394	413
394	453
394	465
394	467
394	499
395	420
396	414
396	433
396	436
396	444
396	462
397	476
398	409
398	425
398	428
398	490
399	431
399	447
400	434
400	462
401	407
401	427
401	480
402	411
402	472
403	439
403	446
403	476
403	492
405	425
406	450
406	460
406	472
406	483
407	455
407	479
408	470
408	472
408	487
409	448
411	421
411	440
411	473
411	489
412	456
413	415
413	449
413	456
413	460
413	497
414	416
414	430
414	437
414	439
414	455
414	477
414	487
415	420
415	428
415	476
416	420
416	426
416	481
417	461
418	456
418	471
418	481
419	432
419	452
420	430
421	485
423	448
423	452
424	447
424	467
424	497
425	484
425	486
426	446
426	460
427	480
427	491
428	489
430	468
431	481
433	440
433	446
434	458
434	490
436	444
436	446
436	450
436	455
437	477
438	470
439	443
441	450
441	466
441	485
444	477
447	495
449	456
451	497
452	454
452	461
452	491
453	459
456	475
456	477
456	490
457	477
457	495
458	472
459	476
461	464
461	480
461	487
461	488
463	466
470	471
470	492
473	491
480	494
487	497
