# Undirected graph (each unordered pair of nodes is saved once): smallWorld5500-2515.txt
# Nodes: 500 Edges: 12451
# NodeId	NodeId
0	2
0	3
0	4
0	5
0	7
0	8
0	9
0	10
0	11
0	13
0	14
0	16
0	17
0	18
0	19
0	20
0	21
0	22
0	23
0	24
0	25
0	35
0	174
0	249
0	340
0	378
0	475
0	477
0	478
0	479
0	481
0	482
0	483
0	484
0	485
0	486
0	487
0	488
0	489
0	490
0	491
0	492
0	493
0	494
0	495
0	496
0	498
0	499
1	2
1	3
1	4
1	5
1	7
1	8
1	9
1	10
1	11
1	12
1	13
1	14
1	15
1	16
1	17
1	18
1	19
1	20
1	21
1	22
1	23
1	24
1	25
1	26
1	310
1	476
1	477
1	478
1	479
1	480
1	481
1	482
1	483
1	484
1	485
1	486
1	487
1	488
1	489
1	490
1	491
1	492
1	493
1	494
1	495
1	496
1	497
1	498
1	499
2	3
2	4
2	5
2	6
2	7
2	8
2	9
2	10
2	11
2	12
2	13
2	14
2	15
2	16
2	17
2	18
2	19
2	20
2	21
2	22
2	23
2	24
2	25
2	26
2	27
2	106
2	477
2	478
2	479
2	480
2	481
2	482
2	483
2	484
2	485
2	487
2	488
2	489
2	490
2	491
2	493
2	494
2	495
2	497
2	498
2	499
3	4
3	5
3	7
3	8
3	9
3	10
3	11
3	12
3	13
3	14
3	15
3	16
3	17
3	18
3	19
3	20
3	21
3	22
3	23
3	24
3	25
3	26
3	27
3	28
3	30
3	202
3	386
3	388
3	414
3	478
3	479
3	480
3	481
3	482
3	483
3	484
3	485
3	486
3	488
3	489
3	490
3	491
3	493
3	494
3	495
3	496
3	497
3	498
3	499
4	5
4	7
4	8
4	9
4	10
4	11
4	12
4	13
4	14
4	15
4	16
4	17
4	18
4	19
4	21
4	22
4	23
4	24
4	25
4	26
4	27
4	28
4	29
4	225
4	286
4	294
4	395
4	479
4	480
4	481
4	482
4	483
4	484
4	485
4	486
4	487
4	488
4	489
4	490
4	492
4	493
4	494
4	496
4	497
4	498
4	499
5	6
5	7
5	8
5	9
5	10
5	11
5	12
5	13
5	14
5	15
5	16
5	17
5	18
5	19
5	20
5	21
5	22
5	23
5	24
5	25
5	26
5	27
5	28
5	29
5	30
5	480
5	481
5	482
5	483
5	484
5	486
5	488
5	489
5	490
5	491
5	492
5	493
5	494
5	495
5	496
5	497
5	498
5	499
6	7
6	8
6	9
6	10
6	11
6	13
6	14
6	15
6	16
6	17
6	18
6	19
6	20
6	21
6	22
6	23
6	24
6	25
6	26
6	27
6	28
6	29
6	30
6	31
6	94
6	481
6	482
6	483
6	484
6	485
6	486
6	487
6	489
6	490
6	491
6	492
6	493
6	494
6	495
6	497
6	498
6	499
7	8
7	9
7	10
7	11
7	12
7	13
7	14
7	15
7	16
7	17
7	18
7	19
7	20
7	21
7	22
7	23
7	24
7	25
7	26
7	27
7	28
7	29
7	30
7	31
7	32
7	112
7	482
7	483
7	484
7	485
7	486
7	487
7	488
7	489
7	490
7	491
7	492
7	493
7	494
7	495
7	496
7	497
7	498
7	499
8	9
8	10
8	11
8	12
8	13
8	14
8	15
8	16
8	17
8	19
8	20
8	21
8	22
8	23
8	24
8	25
8	26
8	27
8	28
8	29
8	30
8	31
8	32
8	33
8	112
8	214
8	335
8	483
8	484
8	485
8	486
8	487
8	488
8	489
8	490
8	491
8	492
8	493
8	494
8	495
8	497
8	498
8	499
9	10
9	11
9	12
9	13
9	14
9	15
9	16
9	17
9	18
9	19
9	20
9	21
9	22
9	23
9	25
9	26
9	27
9	28
9	29
9	30
9	31
9	32
9	33
9	34
9	73
9	138
9	391
9	484
9	485
9	486
9	487
9	488
9	489
9	490
9	491
9	492
9	493
9	494
9	495
9	496
9	497
9	498
9	499
10	11
10	12
10	13
10	14
10	15
10	16
10	17
10	18
10	19
10	20
10	21
10	22
10	23
10	24
10	25
10	26
10	27
10	28
10	29
10	31
10	32
10	33
10	34
10	35
10	54
10	485
10	486
10	487
10	488
10	489
10	490
10	491
10	492
10	493
10	494
10	495
10	496
10	497
10	498
10	499
11	12
11	13
11	14
11	15
11	16
11	17
11	18
11	19
11	20
11	21
11	22
11	23
11	24
11	25
11	26
11	27
11	28
11	29
11	30
11	31
11	32
11	33
11	34
11	35
11	36
11	486
11	487
11	488
11	489
11	490
11	491
11	492
11	493
11	494
11	495
11	496
11	497
11	498
11	499
12	13
12	14
12	15
12	16
12	17
12	18
12	19
12	20
12	21
12	22
12	23
12	24
12	25
12	26
12	27
12	28
12	29
12	30
12	31
12	32
12	33
12	34
12	35
12	36
12	37
12	347
12	487
12	488
12	489
12	490
12	491
12	492
12	493
12	494
12	495
12	496
12	497
12	498
12	499
13	14
13	15
13	16
13	17
13	18
13	19
13	20
13	21
13	22
13	23
13	24
13	25
13	26
13	27
13	28
13	29
13	30
13	31
13	32
13	33
13	34
13	35
13	36
13	38
13	58
13	417
13	488
13	489
13	490
13	491
13	492
13	493
13	494
13	495
13	496
13	497
13	498
13	499
14	15
14	16
14	17
14	18
14	19
14	20
14	21
14	22
14	23
14	25
14	26
14	27
14	28
14	29
14	30
14	31
14	32
14	33
14	34
14	36
14	37
14	38
14	39
14	158
14	197
14	480
14	489
14	490
14	491
14	492
14	493
14	494
14	495
14	496
14	497
14	498
14	499
15	16
15	17
15	19
15	20
15	21
15	22
15	23
15	24
15	25
15	26
15	27
15	28
15	29
15	30
15	31
15	32
15	33
15	35
15	36
15	37
15	38
15	39
15	40
15	450
15	471
15	490
15	491
15	492
15	493
15	494
15	495
15	496
15	497
15	498
15	499
16	17
16	18
16	19
16	20
16	21
16	22
16	23
16	24
16	25
16	26
16	27
16	28
16	29
16	30
16	31
16	32
16	33
16	36
16	37
16	38
16	39
16	40
16	50
16	149
16	314
16	320
16	392
16	452
16	491
16	492
16	493
16	494
16	495
16	497
16	498
16	499
17	18
17	19
17	20
17	21
17	22
17	23
17	24
17	25
17	26
17	27
17	28
17	29
17	30
17	31
17	32
17	33
17	34
17	35
17	36
17	37
17	38
17	39
17	40
17	41
17	42
17	299
17	419
17	492
17	493
17	494
17	495
17	496
17	497
17	498
17	499
18	19
18	21
18	22
18	23
18	24
18	25
18	26
18	27
18	28
18	30
18	31
18	32
18	33
18	34
18	35
18	36
18	37
18	38
18	39
18	40
18	42
18	43
18	342
18	352
18	429
18	493
18	494
18	495
18	496
18	497
18	498
18	499
19	20
19	21
19	22
19	23
19	24
19	25
19	26
19	27
19	28
19	30
19	31
19	32
19	33
19	34
19	36
19	37
19	38
19	39
19	40
19	41
19	42
19	43
19	44
19	94
19	189
19	240
19	495
19	496
19	497
19	498
19	499
20	21
20	22
20	23
20	24
20	25
20	26
20	27
20	28
20	29
20	30
20	31
20	32
20	33
20	34
20	35
20	36
20	37
20	38
20	39
20	40
20	41
20	42
20	43
20	44
20	45
20	75
20	495
20	496
20	497
20	498
20	499
21	22
21	23
21	24
21	25
21	26
21	27
21	28
21	29
21	30
21	31
21	32
21	33
21	34
21	35
21	36
21	37
21	38
21	39
21	40
21	41
21	42
21	43
21	44
21	45
21	46
21	353
21	496
21	497
21	498
21	499
22	23
22	24
22	25
22	27
22	28
22	29
22	30
22	31
22	32
22	33
22	34
22	35
22	36
22	37
22	38
22	39
22	40
22	41
22	42
22	43
22	44
22	45
22	47
22	215
22	498
22	499
23	24
23	25
23	26
23	27
23	28
23	29
23	30
23	31
23	32
23	33
23	34
23	35
23	36
23	37
23	38
23	39
23	40
23	41
23	42
23	43
23	46
23	47
23	48
23	247
23	359
23	498
23	499
24	25
24	26
24	27
24	28
24	29
24	30
24	31
24	32
24	33
24	34
24	35
24	36
24	37
24	38
24	39
24	40
24	41
24	42
24	43
24	44
24	45
24	46
24	48
24	49
24	107
24	233
24	276
24	358
24	499
25	26
25	28
25	29
25	30
25	31
25	32
25	34
25	35
25	36
25	37
25	38
25	39
25	40
25	41
25	42
25	44
25	45
25	46
25	47
25	48
25	49
25	50
25	71
25	106
25	262
25	477
26	27
26	28
26	29
26	30
26	31
26	32
26	33
26	34
26	35
26	36
26	37
26	38
26	39
26	40
26	41
26	42
26	43
26	44
26	45
26	46
26	47
26	48
26	49
26	50
26	51
26	81
26	245
26	364
27	29
27	30
27	32
27	33
27	34
27	35
27	36
27	37
27	38
27	39
27	40
27	41
27	42
27	43
27	44
27	45
27	46
27	47
27	48
27	49
27	50
27	51
27	52
27	95
27	150
27	160
27	280
28	29
28	30
28	31
28	32
28	33
28	34
28	35
28	36
28	37
28	38
28	39
28	40
28	41
28	42
28	44
28	45
28	46
28	47
28	48
28	49
28	50
28	51
28	52
28	53
28	110
28	127
28	393
29	30
29	31
29	32
29	33
29	34
29	35
29	36
29	37
29	38
29	39
29	40
29	41
29	42
29	43
29	44
29	45
29	46
29	47
29	48
29	49
29	50
29	51
29	52
29	53
29	54
29	407
30	31
30	32
30	33
30	34
30	35
30	36
30	37
30	38
30	39
30	40
30	41
30	42
30	44
30	45
30	46
30	47
30	48
30	49
30	50
30	51
30	52
30	53
30	54
30	55
30	313
30	478
31	32
31	33
31	34
31	35
31	36
31	37
31	38
31	39
31	40
31	41
31	42
31	43
31	44
31	45
31	46
31	47
31	48
31	49
31	50
31	51
31	52
31	53
31	54
31	55
31	56
31	360
32	33
32	34
32	35
32	36
32	37
32	38
32	39
32	40
32	41
32	42
32	43
32	44
32	45
32	46
32	47
32	48
32	49
32	50
32	51
32	52
32	53
32	54
32	55
32	56
32	57
33	34
33	35
33	36
33	37
33	38
33	39
33	40
33	41
33	42
33	43
33	44
33	45
33	46
33	47
33	48
33	49
33	50
33	51
33	52
33	53
33	54
33	55
33	56
33	57
33	58
33	449
34	35
34	36
34	37
34	38
34	40
34	41
34	42
34	43
34	44
34	45
34	46
34	47
34	48
34	49
34	50
34	51
34	52
34	53
34	54
34	55
34	57
34	58
34	59
34	71
34	207
34	214
34	363
35	36
35	37
35	38
35	39
35	40
35	42
35	43
35	44
35	45
35	47
35	48
35	49
35	50
35	51
35	52
35	53
35	54
35	55
35	56
35	57
35	58
35	59
35	60
35	431
36	37
36	38
36	39
36	40
36	41
36	42
36	43
36	44
36	45
36	46
36	47
36	48
36	49
36	50
36	51
36	52
36	53
36	54
36	55
36	56
36	57
36	58
36	59
36	60
36	61
36	177
37	39
37	40
37	41
37	42
37	43
37	44
37	45
37	46
37	47
37	48
37	49
37	50
37	51
37	52
37	53
37	54
37	55
37	56
37	57
37	58
37	59
37	60
37	61
37	62
37	439
38	39
38	40
38	41
38	42
38	43
38	44
38	45
38	46
38	47
38	48
38	49
38	50
38	51
38	52
38	53
38	54
38	55
38	56
38	57
38	58
38	59
38	60
38	61
38	63
38	81
38	180
38	271
39	40
39	41
39	43
39	44
39	45
39	46
39	47
39	48
39	49
39	50
39	51
39	52
39	53
39	54
39	55
39	57
39	58
39	59
39	60
39	61
39	62
39	63
39	64
39	220
39	288
39	318
40	41
40	42
40	43
40	44
40	45
40	46
40	47
40	48
40	50
40	51
40	52
40	53
40	54
40	55
40	56
40	57
40	58
40	59
40	60
40	61
40	62
40	63
40	64
40	65
40	113
40	139
40	381
41	42
41	43
41	44
41	45
41	46
41	47
41	48
41	49
41	51
41	52
41	53
41	54
41	55
41	56
41	57
41	58
41	59
41	60
41	61
41	62
41	63
41	64
41	65
41	66
41	120
41	416
42	43
42	44
42	45
42	46
42	47
42	48
42	49
42	50
42	51
42	52
42	53
42	54
42	55
42	56
42	57
42	58
42	59
42	60
42	62
42	63
42	64
42	65
42	66
42	67
42	172
42	414
43	44
43	45
43	46
43	47
43	48
43	49
43	50
43	51
43	52
43	53
43	54
43	55
43	56
43	58
43	59
43	60
43	61
43	62
43	63
43	64
43	66
43	67
43	68
43	114
43	138
43	146
44	45
44	46
44	47
44	48
44	49
44	50
44	51
44	52
44	53
44	54
44	55
44	56
44	57
44	58
44	59
44	60
44	61
44	62
44	63
44	64
44	65
44	66
44	67
44	68
44	69
44	102
44	151
45	46
45	47
45	48
45	49
45	50
45	51
45	52
45	53
45	54
45	55
45	56
45	57
45	58
45	59
45	60
45	61
45	62
45	63
45	64
45	65
45	66
45	67
45	69
45	70
45	191
45	300
45	463
46	47
46	48
46	49
46	50
46	51
46	52
46	53
46	54
46	55
46	57
46	58
46	59
46	60
46	61
46	62
46	63
46	64
46	65
46	67
46	68
46	70
46	71
46	109
46	161
46	225
46	252
46	312
47	48
47	49
47	50
47	51
47	52
47	53
47	55
47	56
47	57
47	58
47	59
47	60
47	61
47	62
47	63
47	64
47	65
47	66
47	67
47	68
47	69
47	70
47	71
47	72
47	141
47	468
48	49
48	50
48	51
48	52
48	53
48	54
48	55
48	56
48	57
48	58
48	59
48	60
48	61
48	62
48	63
48	64
48	65
48	66
48	67
48	68
48	69
48	70
48	71
48	72
48	196
48	202
48	461
49	50
49	51
49	52
49	53
49	54
49	55
49	56
49	57
49	58
49	59
49	61
49	62
49	63
49	64
49	65
49	66
49	67
49	68
49	69
49	70
49	71
49	72
49	73
49	74
49	304
49	342
49	444
49	468
50	51
50	52
50	53
50	54
50	55
50	56
50	57
50	58
50	59
50	60
50	61
50	62
50	63
50	64
50	65
50	66
50	67
50	68
50	69
50	70
50	71
50	72
50	73
50	74
50	75
50	455
51	52
51	53
51	54
51	55
51	56
51	57
51	58
51	59
51	60
51	61
51	62
51	63
51	64
51	65
51	66
51	68
51	70
51	71
51	72
51	73
51	74
51	75
51	76
51	85
51	260
51	272
52	53
52	54
52	55
52	56
52	57
52	58
52	59
52	60
52	61
52	62
52	63
52	64
52	65
52	66
52	67
52	68
52	69
52	70
52	71
52	72
52	73
52	74
52	75
52	76
52	77
52	177
53	54
53	55
53	56
53	57
53	58
53	59
53	60
53	61
53	62
53	63
53	64
53	65
53	66
53	67
53	68
53	69
53	70
53	71
53	72
53	73
53	74
53	75
53	76
53	77
53	78
53	79
53	295
53	370
53	449
53	480
54	55
54	56
54	57
54	58
54	59
54	60
54	61
54	62
54	64
54	65
54	66
54	67
54	68
54	69
54	70
54	71
54	72
54	73
54	74
54	75
54	76
54	77
54	78
54	79
54	162
54	297
55	56
55	57
55	59
55	60
55	61
55	62
55	63
55	65
55	66
55	67
55	68
55	69
55	70
55	71
55	72
55	73
55	74
55	75
55	76
55	77
55	78
55	79
55	80
55	223
55	303
55	307
55	347
55	406
55	480
56	57
56	58
56	60
56	61
56	62
56	63
56	64
56	65
56	66
56	67
56	68
56	69
56	70
56	71
56	72
56	73
56	74
56	75
56	76
56	77
56	78
56	79
56	80
56	81
56	181
57	58
57	59
57	60
57	61
57	62
57	63
57	65
57	66
57	67
57	68
57	69
57	70
57	71
57	72
57	73
57	74
57	75
57	77
57	78
57	79
57	80
57	81
57	82
57	83
57	386
57	449
57	480
58	59
58	60
58	62
58	63
58	64
58	65
58	66
58	67
58	68
58	70
58	71
58	72
58	73
58	74
58	75
58	76
58	77
58	78
58	79
58	80
58	81
58	82
58	83
58	151
58	174
58	384
59	60
59	61
59	62
59	63
59	64
59	65
59	66
59	67
59	68
59	69
59	70
59	71
59	72
59	73
59	74
59	75
59	76
59	77
59	78
59	79
59	80
59	81
59	82
59	83
59	84
60	61
60	62
60	63
60	64
60	66
60	67
60	68
60	69
60	70
60	71
60	72
60	73
60	74
60	75
60	76
60	77
60	78
60	79
60	80
60	81
60	82
60	83
60	84
60	85
60	90
60	367
61	62
61	63
61	64
61	65
61	66
61	67
61	68
61	69
61	70
61	71
61	72
61	73
61	74
61	75
61	76
61	77
61	78
61	79
61	80
61	81
61	82
61	83
61	84
61	86
61	198
62	63
62	64
62	65
62	66
62	67
62	68
62	69
62	70
62	71
62	72
62	73
62	74
62	75
62	76
62	77
62	78
62	79
62	80
62	81
62	83
62	84
62	85
62	86
62	233
62	324
62	387
63	64
63	65
63	66
63	67
63	68
63	69
63	70
63	71
63	72
63	73
63	74
63	75
63	76
63	78
63	79
63	80
63	81
63	82
63	83
63	84
63	85
63	86
63	87
63	88
63	95
63	300
64	65
64	66
64	67
64	68
64	69
64	70
64	71
64	72
64	73
64	74
64	75
64	76
64	77
64	78
64	79
64	80
64	81
64	82
64	83
64	84
64	85
64	86
64	87
64	88
64	89
64	94
65	66
65	67
65	68
65	69
65	70
65	71
65	72
65	73
65	74
65	75
65	76
65	77
65	78
65	79
65	80
65	81
65	82
65	83
65	84
65	85
65	86
65	88
65	89
65	90
65	394
65	441
66	67
66	68
66	69
66	70
66	72
66	73
66	74
66	75
66	76
66	77
66	78
66	79
66	80
66	81
66	82
66	83
66	84
66	85
66	86
66	87
66	88
66	89
66	90
66	91
66	261
66	280
66	476
67	68
67	69
67	70
67	71
67	72
67	73
67	74
67	75
67	76
67	77
67	78
67	79
67	80
67	81
67	82
67	83
67	84
67	85
67	86
67	87
67	88
67	89
67	90
67	91
67	92
67	278
67	410
67	471
68	69
68	70
68	71
68	72
68	73
68	74
68	75
68	76
68	77
68	78
68	79
68	80
68	81
68	82
68	84
68	85
68	86
68	87
68	88
68	89
68	90
68	91
68	92
68	117
68	366
68	481
69	70
69	71
69	72
69	73
69	74
69	75
69	76
69	77
69	78
69	79
69	80
69	81
69	82
69	83
69	84
69	85
69	86
69	87
69	88
69	89
69	90
69	91
69	92
69	93
69	94
69	98
70	71
70	72
70	73
70	74
70	75
70	76
70	77
70	78
70	79
70	80
70	81
70	82
70	83
70	84
70	85
70	86
70	87
70	88
70	89
70	90
70	91
70	92
70	93
70	94
70	95
70	419
70	425
71	72
71	73
71	74
71	76
71	77
71	79
71	80
71	81
71	82
71	83
71	84
71	85
71	86
71	87
71	88
71	89
71	90
71	91
71	92
71	93
71	94
71	95
71	96
71	185
72	73
72	74
72	75
72	76
72	77
72	78
72	79
72	80
72	81
72	83
72	84
72	85
72	86
72	87
72	88
72	89
72	90
72	91
72	92
72	93
72	94
72	95
72	96
72	97
72	183
72	347
73	74
73	75
73	76
73	77
73	78
73	79
73	80
73	81
73	83
73	84
73	85
73	86
73	87
73	88
73	89
73	90
73	91
73	92
73	93
73	94
73	96
73	97
73	98
73	212
74	75
74	77
74	78
74	79
74	80
74	81
74	82
74	83
74	85
74	86
74	87
74	88
74	89
74	90
74	91
74	92
74	93
74	94
74	95
74	96
74	97
74	98
74	99
74	315
74	465
75	76
75	77
75	78
75	79
75	80
75	81
75	82
75	83
75	84
75	85
75	86
75	88
75	89
75	90
75	91
75	92
75	93
75	94
75	95
75	96
75	97
75	98
75	100
75	101
75	153
75	470
76	77
76	78
76	80
76	81
76	82
76	83
76	84
76	85
76	86
76	87
76	88
76	89
76	90
76	91
76	92
76	93
76	94
76	95
76	96
76	97
76	98
76	99
76	100
76	101
76	395
77	78
77	79
77	80
77	81
77	82
77	83
77	85
77	86
77	87
77	88
77	89
77	90
77	91
77	92
77	93
77	94
77	95
77	96
77	97
77	98
77	99
77	100
77	101
77	102
77	235
78	80
78	81
78	82
78	83
78	84
78	85
78	87
78	88
78	89
78	90
78	91
78	92
78	93
78	94
78	95
78	96
78	97
78	98
78	99
78	100
78	101
78	102
78	103
78	131
78	223
78	446
79	80
79	81
79	82
79	83
79	84
79	85
79	86
79	87
79	89
79	90
79	91
79	92
79	93
79	94
79	95
79	96
79	97
79	98
79	99
79	100
79	101
79	102
79	103
79	104
80	81
80	82
80	83
80	84
80	85
80	86
80	87
80	88
80	90
80	91
80	92
80	93
80	94
80	95
80	96
80	97
80	98
80	99
80	100
80	101
80	102
80	103
80	104
80	353
80	370
80	469
80	483
81	82
81	83
81	84
81	85
81	88
81	90
81	91
81	92
81	93
81	94
81	95
81	96
81	97
81	98
81	99
81	101
81	102
81	103
81	104
81	105
81	106
81	151
81	248
81	337
81	384
81	420
81	454
82	83
82	84
82	85
82	86
82	87
82	88
82	89
82	90
82	91
82	92
82	93
82	94
82	95
82	96
82	97
82	98
82	99
82	100
82	102
82	103
82	105
82	106
82	107
82	222
83	84
83	85
83	86
83	88
83	89
83	90
83	91
83	92
83	93
83	94
83	95
83	96
83	97
83	98
83	99
83	101
83	102
83	103
83	104
83	105
83	106
83	107
83	173
83	257
84	85
84	86
84	87
84	88
84	89
84	90
84	91
84	92
84	93
84	94
84	95
84	96
84	97
84	98
84	99
84	100
84	101
84	103
84	104
84	105
84	106
84	107
84	108
84	109
84	309
84	411
85	86
85	87
85	88
85	89
85	90
85	91
85	92
85	93
85	94
85	95
85	96
85	97
85	98
85	99
85	100
85	101
85	102
85	103
85	104
85	105
85	106
85	107
85	109
85	110
85	370
85	438
86	87
86	88
86	89
86	90
86	91
86	92
86	93
86	94
86	95
86	96
86	97
86	98
86	99
86	100
86	101
86	102
86	103
86	104
86	105
86	106
86	107
86	108
86	109
86	110
86	111
86	465
87	88
87	89
87	90
87	91
87	92
87	93
87	94
87	95
87	96
87	97
87	98
87	99
87	100
87	101
87	102
87	103
87	104
87	105
87	106
87	107
87	108
87	109
87	110
87	111
87	112
88	89
88	90
88	91
88	92
88	93
88	94
88	95
88	96
88	98
88	99
88	100
88	101
88	102
88	103
88	104
88	105
88	106
88	107
88	108
88	109
88	110
88	111
88	112
88	113
88	286
89	90
89	91
89	93
89	94
89	95
89	96
89	97
89	98
89	99
89	100
89	101
89	102
89	103
89	104
89	105
89	106
89	107
89	108
89	109
89	110
89	111
89	112
89	113
89	114
89	305
89	393
90	91
90	92
90	93
90	94
90	95
90	96
90	97
90	98
90	99
90	100
90	102
90	103
90	104
90	105
90	106
90	107
90	108
90	109
90	110
90	111
90	112
90	113
90	114
90	115
90	208
90	393
91	92
91	93
91	94
91	95
91	96
91	97
91	98
91	99
91	100
91	101
91	102
91	103
91	104
91	105
91	106
91	107
91	108
91	110
91	111
91	112
91	113
91	114
91	115
91	116
91	289
91	353
92	93
92	94
92	95
92	96
92	97
92	98
92	99
92	100
92	101
92	102
92	103
92	104
92	105
92	106
92	107
92	108
92	109
92	110
92	112
92	113
92	114
92	115
92	116
92	117
92	258
92	442
92	498
93	94
93	95
93	96
93	97
93	99
93	101
93	102
93	103
93	104
93	105
93	106
93	107
93	108
93	109
93	110
93	111
93	112
93	113
93	114
93	115
93	116
93	117
93	118
93	139
93	381
93	442
93	486
94	95
94	96
94	97
94	98
94	99
94	100
94	101
94	102
94	103
94	104
94	105
94	106
94	107
94	108
94	109
94	110
94	111
94	112
94	113
94	115
94	116
94	117
94	118
94	119
94	136
95	96
95	97
95	98
95	99
95	100
95	101
95	102
95	103
95	104
95	105
95	106
95	107
95	108
95	109
95	110
95	111
95	112
95	114
95	115
95	116
95	117
95	118
95	119
95	120
95	201
96	97
96	98
96	100
96	101
96	102
96	103
96	104
96	105
96	106
96	107
96	108
96	109
96	110
96	111
96	112
96	113
96	114
96	115
96	116
96	117
96	118
96	119
96	120
96	121
96	272
97	98
97	99
97	100
97	101
97	102
97	103
97	104
97	106
97	107
97	109
97	110
97	111
97	112
97	113
97	114
97	115
97	116
97	117
97	118
97	119
97	120
97	121
97	122
97	348
97	496
98	99
98	100
98	101
98	102
98	103
98	104
98	105
98	107
98	108
98	109
98	110
98	111
98	112
98	113
98	114
98	115
98	116
98	117
98	118
98	119
98	120
98	121
98	122
98	123
98	283
99	100
99	101
99	102
99	103
99	104
99	105
99	106
99	107
99	108
99	109
99	110
99	111
99	113
99	114
99	115
99	116
99	117
99	119
99	120
99	122
99	123
99	124
99	152
99	311
99	405
99	480
99	491
99	492
100	101
100	102
100	104
100	105
100	106
100	107
100	108
100	109
100	110
100	111
100	112
100	113
100	114
100	115
100	116
100	117
100	118
100	119
100	121
100	122
100	123
100	124
100	125
100	170
100	191
100	218
101	102
101	103
101	104
101	105
101	106
101	107
101	108
101	109
101	110
101	111
101	112
101	113
101	114
101	115
101	116
101	117
101	118
101	119
101	120
101	121
101	122
101	123
101	124
101	125
101	126
101	292
101	303
101	489
101	494
102	103
102	104
102	105
102	106
102	108
102	109
102	110
102	111
102	112
102	113
102	114
102	115
102	116
102	118
102	119
102	120
102	121
102	122
102	123
102	124
102	125
102	126
102	127
102	360
103	104
103	105
103	106
103	107
103	108
103	109
103	110
103	111
103	112
103	113
103	114
103	116
103	117
103	118
103	119
103	120
103	121
103	122
103	123
103	124
103	125
103	126
103	127
103	128
103	295
103	308
103	358
104	105
104	106
104	108
104	109
104	110
104	111
104	112
104	113
104	115
104	116
104	117
104	118
104	119
104	120
104	121
104	122
104	123
104	124
104	125
104	126
104	127
104	128
104	129
104	132
104	306
105	106
105	107
105	108
105	109
105	110
105	111
105	112
105	113
105	114
105	115
105	116
105	117
105	118
105	119
105	120
105	121
105	122
105	123
105	124
105	125
105	127
105	128
105	129
105	130
105	270
105	399
106	107
106	108
106	109
106	110
106	111
106	113
106	114
106	115
106	116
106	117
106	118
106	121
106	122
106	123
106	124
106	125
106	126
106	127
106	128
106	129
106	130
106	131
106	265
106	293
107	108
107	109
107	110
107	111
107	112
107	113
107	114
107	115
107	116
107	117
107	118
107	119
107	121
107	123
107	124
107	125
107	126
107	127
107	128
107	129
107	130
107	131
107	132
107	195
107	302
107	439
107	450
108	109
108	110
108	111
108	112
108	113
108	114
108	115
108	116
108	117
108	118
108	119
108	120
108	121
108	122
108	123
108	124
108	126
108	127
108	128
108	129
108	130
108	131
108	132
108	133
108	154
109	110
109	111
109	112
109	113
109	114
109	115
109	116
109	118
109	120
109	121
109	122
109	124
109	125
109	126
109	127
109	128
109	129
109	130
109	131
109	132
109	134
109	138
109	188
109	311
109	442
110	111
110	112
110	113
110	114
110	115
110	116
110	117
110	118
110	120
110	121
110	122
110	123
110	124
110	125
110	126
110	127
110	128
110	129
110	130
110	131
110	132
110	133
110	134
110	135
110	473
111	112
111	113
111	114
111	115
111	116
111	117
111	118
111	119
111	120
111	121
111	122
111	123
111	124
111	125
111	126
111	127
111	128
111	129
111	130
111	131
111	132
111	133
111	134
111	135
111	136
112	113
112	115
112	116
112	117
112	118
112	119
112	120
112	121
112	123
112	124
112	125
112	126
112	127
112	128
112	129
112	130
112	131
112	132
112	133
112	134
112	135
112	136
112	137
113	114
113	115
113	116
113	117
113	118
113	119
113	120
113	121
113	122
113	123
113	124
113	125
113	126
113	127
113	128
113	129
113	130
113	131
113	133
113	134
113	135
113	136
113	138
113	336
114	115
114	116
114	118
114	119
114	120
114	121
114	122
114	124
114	125
114	126
114	127
114	128
114	129
114	130
114	131
114	132
114	133
114	134
114	135
114	136
114	138
114	139
114	306
114	414
114	448
115	116
115	117
115	118
115	119
115	120
115	121
115	122
115	124
115	125
115	126
115	127
115	128
115	129
115	130
115	131
115	132
115	133
115	134
115	135
115	136
115	138
115	139
115	140
115	220
115	328
115	352
115	487
116	117
116	118
116	119
116	120
116	121
116	123
116	124
116	125
116	126
116	128
116	129
116	130
116	131
116	132
116	134
116	135
116	136
116	137
116	138
116	139
116	140
116	141
116	160
116	178
116	382
117	118
117	119
117	120
117	121
117	122
117	123
117	124
117	126
117	127
117	128
117	129
117	130
117	131
117	132
117	133
117	134
117	135
117	136
117	137
117	138
117	139
117	140
117	141
117	142
117	241
117	288
118	119
118	120
118	121
118	122
118	123
118	124
118	125
118	126
118	127
118	128
118	129
118	130
118	131
118	132
118	133
118	134
118	135
118	136
118	137
118	138
118	139
118	140
118	142
118	143
119	120
119	121
119	122
119	123
119	124
119	125
119	127
119	129
119	130
119	131
119	132
119	133
119	134
119	135
119	136
119	137
119	138
119	139
119	141
119	142
119	143
119	144
119	163
119	198
119	276
119	437
119	478
120	121
120	122
120	123
120	124
120	125
120	126
120	127
120	128
120	129
120	130
120	131
120	132
120	133
120	134
120	135
120	136
120	137
120	138
120	139
120	141
120	142
120	143
120	144
120	145
120	364
121	122
121	123
121	124
121	125
121	126
121	127
121	128
121	130
121	131
121	132
121	133
121	134
121	135
121	136
121	137
121	138
121	139
121	141
121	142
121	143
121	144
121	145
121	146
121	249
121	382
122	123
122	124
122	126
122	128
122	130
122	131
122	132
122	133
122	134
122	135
122	137
122	138
122	139
122	140
122	141
122	142
122	143
122	144
122	145
122	146
122	147
122	162
122	166
122	224
122	337
123	124
123	125
123	126
123	127
123	128
123	129
123	130
123	131
123	132
123	133
123	134
123	135
123	136
123	137
123	138
123	139
123	140
123	141
123	142
123	143
123	144
123	146
123	147
123	148
123	262
123	404
124	125
124	126
124	127
124	128
124	129
124	130
124	132
124	133
124	134
124	135
124	136
124	137
124	138
124	139
124	140
124	141
124	142
124	144
124	145
124	146
124	147
124	148
124	149
124	269
125	126
125	127
125	128
125	129
125	130
125	131
125	133
125	134
125	135
125	136
125	137
125	138
125	139
125	140
125	141
125	142
125	143
125	144
125	145
125	146
125	147
125	148
125	149
125	150
125	488
126	127
126	128
126	129
126	130
126	131
126	132
126	133
126	134
126	135
126	136
126	137
126	138
126	139
126	140
126	141
126	142
126	143
126	144
126	145
126	146
126	147
126	148
126	149
126	150
126	151
127	129
127	130
127	131
127	132
127	133
127	134
127	135
127	136
127	137
127	138
127	139
127	140
127	141
127	142
127	143
127	144
127	145
127	146
127	147
127	148
127	149
127	150
127	151
127	152
127	193
127	286
127	331
128	129
128	130
128	131
128	132
128	133
128	134
128	135
128	136
128	137
128	138
128	139
128	140
128	141
128	142
128	143
128	144
128	145
128	146
128	147
128	149
128	150
128	151
128	152
128	153
128	227
128	392
128	449
129	130
129	131
129	132
129	133
129	134
129	135
129	136
129	137
129	138
129	139
129	140
129	141
129	142
129	143
129	144
129	145
129	146
129	147
129	148
129	149
129	150
129	151
129	152
129	153
129	154
130	131
130	132
130	133
130	134
130	135
130	136
130	138
130	139
130	140
130	141
130	142
130	143
130	145
130	146
130	147
130	148
130	149
130	150
130	151
130	152
130	153
130	154
130	155
130	392
131	132
131	133
131	134
131	135
131	136
131	137
131	138
131	139
131	141
131	142
131	143
131	144
131	145
131	146
131	147
131	148
131	149
131	150
131	151
131	152
131	153
131	154
131	155
131	156
131	295
132	133
132	134
132	135
132	136
132	137
132	138
132	139
132	140
132	141
132	142
132	143
132	145
132	146
132	147
132	148
132	149
132	150
132	151
132	152
132	153
132	154
132	155
132	156
132	157
132	222
132	445
133	134
133	135
133	136
133	137
133	138
133	139
133	140
133	141
133	142
133	143
133	144
133	145
133	146
133	147
133	148
133	149
133	150
133	151
133	152
133	153
133	154
133	155
133	156
133	157
133	158
133	336
133	481
134	135
134	136
134	137
134	138
134	139
134	140
134	141
134	142
134	143
134	144
134	145
134	146
134	147
134	148
134	149
134	150
134	151
134	152
134	153
134	154
134	155
134	156
134	157
134	158
134	159
134	351
135	136
135	137
135	138
135	139
135	140
135	141
135	142
135	143
135	144
135	145
135	146
135	147
135	148
135	149
135	150
135	151
135	152
135	153
135	154
135	155
135	156
135	157
135	158
135	159
135	160
135	343
136	137
136	138
136	140
136	141
136	142
136	144
136	145
136	146
136	147
136	148
136	149
136	150
136	151
136	152
136	153
136	154
136	155
136	156
136	157
136	158
136	159
136	160
136	161
136	167
137	138
137	139
137	140
137	141
137	142
137	143
137	144
137	145
137	146
137	147
137	148
137	149
137	150
137	151
137	152
137	153
137	154
137	155
137	156
137	157
137	158
137	159
137	160
137	161
137	162
137	182
137	426
138	139
138	140
138	141
138	142
138	143
138	144
138	145
138	146
138	147
138	148
138	149
138	150
138	151
138	152
138	153
138	154
138	155
138	156
138	157
138	158
138	159
138	160
138	161
138	162
138	163
138	221
139	141
139	142
139	144
139	145
139	146
139	148
139	149
139	150
139	151
139	152
139	153
139	154
139	155
139	156
139	157
139	158
139	159
139	160
139	161
139	162
139	163
139	164
139	374
139	461
140	141
140	142
140	143
140	144
140	145
140	146
140	147
140	148
140	149
140	150
140	151
140	152
140	153
140	154
140	155
140	156
140	158
140	159
140	160
140	161
140	162
140	163
140	164
140	165
140	217
140	418
141	142
141	143
141	144
141	145
141	146
141	147
141	148
141	149
141	150
141	151
141	152
141	153
141	154
141	155
141	156
141	157
141	158
141	159
141	160
141	161
141	162
141	163
141	164
141	165
141	166
142	143
142	144
142	145
142	146
142	147
142	148
142	149
142	150
142	151
142	152
142	153
142	154
142	155
142	156
142	157
142	158
142	159
142	160
142	161
142	162
142	163
142	164
142	165
142	166
142	167
143	144
143	145
143	146
143	147
143	148
143	149
143	150
143	151
143	152
143	153
143	154
143	155
143	156
143	157
143	159
143	160
143	161
143	162
143	163
143	164
143	165
143	166
143	167
143	168
143	281
144	145
144	146
144	147
144	148
144	149
144	150
144	151
144	152
144	153
144	154
144	155
144	156
144	157
144	158
144	159
144	160
144	161
144	162
144	163
144	164
144	165
144	166
144	167
144	168
144	169
145	146
145	147
145	148
145	149
145	150
145	151
145	152
145	153
145	154
145	155
145	156
145	157
145	158
145	159
145	160
145	161
145	162
145	163
145	164
145	165
145	166
145	167
145	168
145	169
145	170
146	148
146	149
146	150
146	151
146	152
146	153
146	154
146	155
146	156
146	157
146	158
146	159
146	160
146	161
146	163
146	164
146	165
146	166
146	167
146	168
146	169
146	170
146	171
146	268
146	312
146	479
147	149
147	150
147	151
147	152
147	153
147	154
147	155
147	156
147	157
147	158
147	159
147	160
147	161
147	162
147	163
147	164
147	165
147	166
147	168
147	169
147	170
147	171
147	172
147	217
147	298
147	492
148	149
148	150
148	151
148	152
148	153
148	154
148	155
148	156
148	157
148	158
148	159
148	160
148	161
148	162
148	163
148	164
148	165
148	166
148	167
148	168
148	169
148	170
148	171
148	172
148	173
149	150
149	151
149	152
149	153
149	154
149	155
149	156
149	157
149	158
149	159
149	160
149	161
149	162
149	163
149	164
149	165
149	166
149	167
149	168
149	169
149	170
149	171
149	172
149	173
149	174
150	151
150	152
150	153
150	154
150	155
150	156
150	157
150	158
150	159
150	160
150	162
150	163
150	164
150	165
150	166
150	167
150	168
150	169
150	170
150	171
150	172
150	173
150	174
150	175
150	246
151	152
151	153
151	154
151	155
151	156
151	157
151	158
151	159
151	160
151	161
151	162
151	163
151	164
151	165
151	166
151	167
151	168
151	169
151	170
151	172
151	173
151	174
151	175
151	176
151	262
151	309
152	153
152	154
152	155
152	156
152	157
152	158
152	159
152	160
152	161
152	162
152	163
152	164
152	165
152	167
152	168
152	169
152	170
152	171
152	172
152	173
152	174
152	175
152	176
152	177
152	467
153	154
153	155
153	156
153	157
153	159
153	160
153	161
153	162
153	163
153	164
153	165
153	166
153	167
153	168
153	169
153	171
153	172
153	173
153	174
153	175
153	176
153	177
153	178
153	195
153	326
153	431
154	155
154	156
154	157
154	158
154	160
154	161
154	162
154	163
154	164
154	165
154	166
154	167
154	168
154	169
154	170
154	171
154	172
154	173
154	174
154	175
154	176
154	177
154	178
154	179
154	297
155	156
155	157
155	158
155	159
155	160
155	162
155	163
155	164
155	165
155	166
155	167
155	169
155	170
155	171
155	172
155	173
155	174
155	175
155	176
155	177
155	178
155	179
155	180
155	423
155	481
155	491
156	157
156	158
156	159
156	162
156	163
156	164
156	165
156	166
156	167
156	168
156	169
156	170
156	171
156	172
156	173
156	174
156	175
156	176
156	177
156	178
156	179
156	180
156	181
156	230
156	488
157	158
157	159
157	160
157	161
157	162
157	163
157	164
157	165
157	166
157	167
157	168
157	169
157	170
157	171
157	172
157	173
157	174
157	175
157	176
157	177
157	178
157	179
157	180
157	181
157	182
157	390
157	409
158	159
158	160
158	161
158	162
158	163
158	164
158	165
158	166
158	167
158	168
158	169
158	170
158	171
158	172
158	173
158	174
158	175
158	177
158	178
158	179
158	180
158	181
158	182
158	183
158	281
159	160
159	161
159	162
159	163
159	164
159	165
159	166
159	167
159	168
159	169
159	170
159	171
159	172
159	173
159	174
159	175
159	176
159	177
159	178
159	179
159	180
159	181
159	182
159	183
159	184
160	161
160	162
160	163
160	164
160	165
160	166
160	167
160	168
160	169
160	170
160	172
160	173
160	174
160	175
160	176
160	178
160	179
160	180
160	182
160	183
160	184
160	185
160	312
160	361
161	162
161	163
161	164
161	165
161	166
161	167
161	168
161	169
161	171
161	172
161	173
161	174
161	175
161	176
161	177
161	178
161	179
161	180
161	181
161	182
161	183
161	184
161	185
161	186
161	372
162	163
162	164
162	165
162	166
162	167
162	168
162	169
162	170
162	171
162	172
162	173
162	174
162	175
162	176
162	177
162	178
162	179
162	180
162	181
162	182
162	183
162	184
162	185
162	186
162	187
163	164
163	165
163	166
163	167
163	168
163	169
163	170
163	171
163	172
163	173
163	174
163	175
163	176
163	177
163	178
163	179
163	180
163	181
163	182
163	183
163	184
163	185
163	186
163	187
163	188
163	305
163	465
164	165
164	166
164	167
164	168
164	169
164	170
164	171
164	172
164	173
164	174
164	175
164	176
164	177
164	178
164	179
164	180
164	181
164	182
164	183
164	184
164	185
164	186
164	187
164	188
164	189
164	496
165	166
165	167
165	169
165	170
165	171
165	172
165	173
165	174
165	175
165	176
165	177
165	178
165	179
165	180
165	181
165	182
165	183
165	184
165	185
165	186
165	187
165	188
165	189
165	190
165	370
165	375
166	167
166	168
166	169
166	170
166	171
166	172
166	173
166	174
166	175
166	176
166	177
166	178
166	179
166	180
166	181
166	182
166	183
166	184
166	185
166	186
166	187
166	188
166	189
166	190
166	191
166	492
167	168
167	169
167	170
167	171
167	172
167	173
167	174
167	175
167	176
167	177
167	178
167	179
167	180
167	181
167	182
167	183
167	184
167	185
167	186
167	187
167	189
167	190
167	191
167	192
167	256
167	366
168	169
168	170
168	171
168	173
168	174
168	175
168	176
168	177
168	178
168	179
168	180
168	181
168	182
168	183
168	184
168	185
168	186
168	187
168	188
168	189
168	190
168	191
168	192
168	193
168	197
168	348
169	170
169	171
169	172
169	173
169	174
169	175
169	176
169	177
169	178
169	179
169	180
169	181
169	182
169	183
169	184
169	185
169	186
169	187
169	188
169	189
169	191
169	192
169	193
169	194
169	260
169	443
170	171
170	172
170	173
170	174
170	175
170	176
170	177
170	178
170	179
170	180
170	181
170	182
170	183
170	184
170	185
170	186
170	187
170	188
170	189
170	190
170	191
170	192
170	193
170	194
170	195
170	289
171	172
171	173
171	174
171	175
171	176
171	177
171	178
171	179
171	180
171	181
171	183
171	184
171	185
171	186
171	187
171	188
171	189
171	190
171	191
171	192
171	193
171	194
171	195
171	196
171	210
171	267
171	388
171	423
172	173
172	174
172	175
172	176
172	177
172	179
172	180
172	181
172	182
172	183
172	184
172	185
172	186
172	187
172	188
172	189
172	190
172	191
172	192
172	193
172	194
172	196
172	197
172	234
172	495
173	174
173	175
173	176
173	177
173	178
173	179
173	180
173	181
173	182
173	183
173	184
173	185
173	186
173	187
173	188
173	189
173	190
173	191
173	192
173	193
173	194
173	195
173	196
173	197
173	198
174	175
174	176
174	177
174	178
174	179
174	180
174	181
174	182
174	183
174	185
174	187
174	188
174	189
174	190
174	191
174	192
174	193
174	194
174	195
174	196
174	197
174	198
174	199
175	176
175	177
175	178
175	179
175	181
175	182
175	183
175	184
175	185
175	186
175	187
175	188
175	189
175	190
175	191
175	192
175	193
175	194
175	195
175	196
175	197
175	198
175	199
175	200
175	275
175	296
175	466
176	177
176	178
176	179
176	181
176	182
176	183
176	184
176	185
176	186
176	187
176	188
176	189
176	190
176	191
176	192
176	194
176	195
176	197
176	198
176	199
176	200
176	201
176	271
176	333
176	399
176	402
177	178
177	179
177	180
177	181
177	182
177	183
177	184
177	185
177	186
177	187
177	189
177	190
177	191
177	192
177	193
177	194
177	195
177	196
177	197
177	198
177	199
177	200
177	201
177	403
177	489
178	179
178	180
178	181
178	182
178	183
178	184
178	185
178	186
178	187
178	188
178	189
178	190
178	191
178	192
178	193
178	194
178	195
178	196
178	197
178	198
178	199
178	200
178	201
178	202
178	203
178	205
179	180
179	181
179	182
179	183
179	184
179	185
179	186
179	187
179	188
179	189
179	190
179	191
179	192
179	193
179	194
179	195
179	196
179	197
179	198
179	199
179	200
179	201
179	203
179	204
179	237
179	364
180	181
180	182
180	183
180	184
180	185
180	186
180	187
180	188
180	189
180	190
180	191
180	192
180	193
180	195
180	196
180	197
180	198
180	199
180	200
180	201
180	202
180	203
180	204
180	205
180	237
181	182
181	183
181	184
181	185
181	186
181	187
181	188
181	189
181	190
181	191
181	192
181	193
181	194
181	195
181	196
181	197
181	198
181	199
181	200
181	201
181	202
181	203
181	204
181	205
181	206
182	183
182	184
182	185
182	186
182	187
182	188
182	189
182	190
182	191
182	192
182	193
182	194
182	195
182	196
182	197
182	199
182	200
182	201
182	202
182	203
182	204
182	205
182	206
182	207
183	184
183	185
183	186
183	187
183	188
183	189
183	190
183	191
183	192
183	193
183	194
183	195
183	196
183	197
183	198
183	199
183	200
183	201
183	202
183	203
183	204
183	205
183	206
183	207
183	208
184	185
184	186
184	187
184	189
184	190
184	191
184	192
184	193
184	194
184	195
184	196
184	197
184	198
184	199
184	200
184	201
184	202
184	203
184	204
184	205
184	206
184	207
184	208
184	209
184	380
185	186
185	188
185	190
185	191
185	192
185	193
185	194
185	195
185	196
185	197
185	198
185	199
185	200
185	202
185	203
185	204
185	205
185	206
185	207
185	208
185	209
185	210
185	260
185	385
186	187
186	188
186	189
186	190
186	191
186	192
186	193
186	194
186	195
186	196
186	197
186	198
186	199
186	200
186	201
186	202
186	203
186	204
186	205
186	206
186	207
186	208
186	209
186	210
186	211
186	244
187	188
187	189
187	190
187	191
187	192
187	193
187	194
187	195
187	196
187	197
187	198
187	199
187	200
187	201
187	202
187	203
187	204
187	205
187	206
187	207
187	208
187	209
187	210
187	211
187	212
187	414
188	189
188	190
188	191
188	192
188	193
188	194
188	195
188	196
188	197
188	198
188	199
188	200
188	201
188	202
188	203
188	204
188	205
188	206
188	207
188	208
188	209
188	210
188	211
188	212
188	213
188	317
188	468
188	477
189	190
189	191
189	192
189	193
189	194
189	195
189	196
189	197
189	198
189	199
189	200
189	201
189	202
189	203
189	204
189	205
189	206
189	207
189	208
189	209
189	210
189	211
189	213
189	392
190	191
190	192
190	194
190	195
190	196
190	197
190	198
190	199
190	200
190	201
190	202
190	203
190	204
190	205
190	206
190	207
190	208
190	209
190	210
190	211
190	212
190	213
190	214
190	215
190	381
191	192
191	193
191	194
191	195
191	196
191	197
191	198
191	199
191	201
191	202
191	203
191	204
191	205
191	206
191	207
191	208
191	209
191	210
191	211
191	212
191	213
191	214
191	216
192	193
192	194
192	195
192	196
192	197
192	198
192	199
192	200
192	201
192	202
192	203
192	204
192	205
192	206
192	207
192	209
192	210
192	212
192	213
192	214
192	215
192	216
192	217
192	261
192	321
192	460
192	461
193	194
193	195
193	196
193	197
193	198
193	200
193	201
193	202
193	203
193	204
193	205
193	206
193	207
193	208
193	209
193	210
193	211
193	212
193	213
193	214
193	215
193	216
193	217
193	218
193	331
194	195
194	196
194	197
194	198
194	199
194	200
194	201
194	202
194	204
194	205
194	206
194	207
194	208
194	209
194	210
194	211
194	212
194	213
194	215
194	216
194	217
194	218
194	219
194	238
194	289
194	375
195	196
195	197
195	198
195	199
195	200
195	201
195	202
195	203
195	205
195	206
195	207
195	208
195	209
195	210
195	211
195	212
195	213
195	214
195	215
195	216
195	217
195	218
195	219
196	197
196	198
196	199
196	200
196	201
196	202
196	203
196	204
196	205
196	206
196	207
196	208
196	209
196	210
196	211
196	212
196	213
196	214
196	215
196	216
196	217
196	218
196	219
196	221
197	198
197	199
197	200
197	201
197	202
197	203
197	204
197	205
197	206
197	207
197	208
197	209
197	210
197	213
197	214
197	215
197	216
197	217
197	218
197	219
197	221
197	222
197	296
197	343
198	199
198	200
198	201
198	202
198	203
198	204
198	205
198	206
198	207
198	208
198	209
198	210
198	211
198	212
198	213
198	214
198	215
198	216
198	217
198	218
198	219
198	220
198	221
198	222
198	223
198	233
199	200
199	201
199	202
199	203
199	204
199	205
199	206
199	207
199	208
199	209
199	210
199	211
199	212
199	213
199	214
199	215
199	216
199	217
199	218
199	219
199	220
199	221
199	222
199	223
199	224
199	323
199	413
200	201
200	202
200	203
200	204
200	205
200	206
200	207
200	208
200	209
200	210
200	211
200	212
200	213
200	214
200	215
200	216
200	217
200	218
200	219
200	220
200	221
200	222
200	223
200	224
200	225
201	202
201	203
201	204
201	205
201	207
201	208
201	209
201	210
201	211
201	212
201	213
201	214
201	215
201	216
201	217
201	218
201	219
201	220
201	221
201	222
201	223
201	224
201	225
201	226
201	311
202	203
202	204
202	205
202	206
202	207
202	208
202	209
202	210
202	211
202	213
202	215
202	216
202	217
202	218
202	219
202	220
202	221
202	222
202	223
202	224
202	225
202	226
202	227
202	293
202	347
203	204
203	205
203	206
203	207
203	208
203	209
203	210
203	211
203	212
203	213
203	214
203	215
203	216
203	217
203	218
203	219
203	220
203	221
203	222
203	223
203	224
203	225
203	226
203	227
203	228
203	364
203	399
204	205
204	206
204	207
204	208
204	209
204	210
204	211
204	212
204	213
204	214
204	215
204	216
204	217
204	218
204	219
204	220
204	221
204	222
204	223
204	224
204	225
204	226
204	227
204	228
204	229
205	206
205	207
205	208
205	209
205	210
205	211
205	212
205	213
205	214
205	215
205	216
205	217
205	218
205	219
205	220
205	222
205	223
205	224
205	225
205	226
205	227
205	228
205	229
205	230
206	207
206	208
206	209
206	210
206	211
206	212
206	213
206	215
206	216
206	217
206	218
206	219
206	220
206	221
206	222
206	223
206	224
206	225
206	227
206	228
206	229
206	230
206	231
206	263
206	340
207	208
207	209
207	210
207	211
207	212
207	213
207	214
207	215
207	216
207	218
207	219
207	220
207	222
207	223
207	224
207	225
207	226
207	227
207	229
207	230
207	231
207	232
207	333
207	412
208	209
208	210
208	211
208	212
208	214
208	215
208	216
208	217
208	218
208	219
208	220
208	221
208	222
208	223
208	224
208	226
208	227
208	228
208	229
208	230
208	232
208	233
208	246
208	261
208	464
209	210
209	211
209	212
209	213
209	214
209	215
209	216
209	217
209	218
209	219
209	220
209	221
209	222
209	223
209	224
209	225
209	226
209	227
209	228
209	229
209	230
209	231
209	232
209	233
209	234
210	211
210	212
210	213
210	215
210	216
210	217
210	218
210	219
210	220
210	221
210	222
210	223
210	224
210	225
210	226
210	228
210	229
210	230
210	231
210	232
210	233
210	234
210	235
210	253
210	465
210	497
211	212
211	214
211	215
211	216
211	217
211	218
211	219
211	220
211	221
211	222
211	223
211	224
211	225
211	226
211	227
211	228
211	229
211	230
211	231
211	232
211	233
211	234
211	235
211	236
211	487
212	213
212	214
212	215
212	216
212	217
212	218
212	219
212	220
212	221
212	222
212	223
212	224
212	225
212	226
212	227
212	228
212	229
212	230
212	231
212	232
212	233
212	234
212	235
212	236
212	237
212	296
213	214
213	215
213	216
213	217
213	219
213	220
213	221
213	222
213	223
213	224
213	225
213	226
213	227
213	228
213	229
213	230
213	231
213	232
213	233
213	234
213	235
213	236
213	237
213	238
213	315
213	465
214	215
214	216
214	217
214	218
214	219
214	220
214	221
214	223
214	224
214	225
214	226
214	227
214	228
214	229
214	230
214	231
214	232
214	233
214	234
214	235
214	236
214	237
214	238
214	239
215	216
215	217
215	218
215	219
215	220
215	221
215	222
215	223
215	224
215	225
215	226
215	227
215	228
215	229
215	230
215	231
215	232
215	233
215	234
215	235
215	236
215	237
215	238
215	239
215	240
215	319
216	217
216	218
216	219
216	221
216	222
216	223
216	224
216	225
216	226
216	227
216	228
216	229
216	230
216	231
216	232
216	233
216	234
216	235
216	236
216	237
216	238
216	239
216	240
216	241
216	384
216	421
217	218
217	219
217	220
217	221
217	222
217	223
217	224
217	225
217	226
217	227
217	228
217	229
217	230
217	231
217	232
217	233
217	234
217	235
217	236
217	237
217	238
217	240
217	241
217	242
218	219
218	220
218	221
218	222
218	223
218	224
218	225
218	226
218	227
218	228
218	229
218	230
218	231
218	232
218	233
218	234
218	235
218	236
218	237
218	238
218	239
218	240
218	241
218	242
218	243
218	348
218	458
219	220
219	221
219	222
219	223
219	224
219	225
219	226
219	227
219	228
219	229
219	230
219	231
219	232
219	233
219	235
219	236
219	238
219	239
219	240
219	241
219	242
219	243
219	244
219	295
219	451
220	221
220	222
220	223
220	224
220	225
220	226
220	227
220	228
220	229
220	230
220	231
220	232
220	233
220	235
220	236
220	237
220	238
220	239
220	240
220	241
220	242
220	243
220	244
220	245
220	450
221	222
221	223
221	224
221	225
221	226
221	227
221	228
221	229
221	231
221	232
221	233
221	234
221	235
221	236
221	238
221	239
221	240
221	241
221	242
221	243
221	244
221	245
221	246
221	397
221	488
222	223
222	224
222	225
222	227
222	228
222	229
222	230
222	231
222	232
222	233
222	234
222	235
222	237
222	238
222	239
222	240
222	241
222	242
222	243
222	244
222	245
222	247
222	322
222	382
223	224
223	225
223	226
223	227
223	228
223	229
223	230
223	232
223	233
223	234
223	235
223	236
223	237
223	238
223	239
223	240
223	241
223	242
223	243
223	244
223	245
223	246
223	247
223	248
224	225
224	226
224	227
224	228
224	229
224	230
224	231
224	232
224	233
224	234
224	235
224	237
224	238
224	239
224	240
224	241
224	242
224	243
224	245
224	246
224	247
224	248
224	249
224	346
224	385
225	226
225	227
225	228
225	230
225	231
225	232
225	233
225	234
225	235
225	236
225	237
225	238
225	239
225	240
225	241
225	242
225	243
225	244
225	245
225	246
225	247
225	248
225	249
225	250
225	391
226	227
226	228
226	229
226	230
226	231
226	232
226	233
226	234
226	235
226	236
226	237
226	238
226	239
226	240
226	241
226	242
226	243
226	244
226	245
226	246
226	247
226	248
226	249
226	250
226	251
226	260
227	228
227	229
227	230
227	231
227	232
227	233
227	234
227	235
227	236
227	237
227	238
227	239
227	240
227	242
227	243
227	244
227	245
227	246
227	247
227	248
227	249
227	250
227	251
227	252
228	229
228	230
228	231
228	232
228	233
228	234
228	235
228	236
228	237
228	238
228	239
228	240
228	242
228	243
228	244
228	245
228	246
228	247
228	248
228	249
228	250
228	251
228	252
228	253
228	426
229	230
229	231
229	232
229	233
229	234
229	235
229	236
229	237
229	238
229	240
229	241
229	242
229	243
229	244
229	246
229	247
229	248
229	250
229	251
229	252
229	253
229	254
229	358
229	396
229	425
229	455
230	231
230	232
230	233
230	234
230	235
230	236
230	237
230	238
230	239
230	240
230	241
230	242
230	243
230	244
230	245
230	246
230	247
230	248
230	249
230	250
230	251
230	252
230	253
230	254
230	255
231	232
231	233
231	234
231	235
231	236
231	237
231	238
231	239
231	240
231	241
231	242
231	243
231	244
231	245
231	246
231	247
231	248
231	249
231	250
231	251
231	252
231	253
231	254
231	255
231	256
231	306
232	233
232	235
232	236
232	237
232	238
232	239
232	240
232	241
232	242
232	243
232	244
232	245
232	246
232	247
232	248
232	249
232	250
232	251
232	252
232	253
232	254
232	255
232	256
232	257
232	356
232	422
232	436
233	234
233	235
233	236
233	237
233	239
233	240
233	241
233	242
233	244
233	245
233	246
233	247
233	248
233	249
233	250
233	251
233	252
233	253
233	254
233	255
233	256
233	257
233	258
234	235
234	236
234	237
234	238
234	239
234	240
234	241
234	242
234	243
234	244
234	245
234	246
234	247
234	248
234	249
234	250
234	251
234	252
234	253
234	254
234	255
234	256
234	257
234	258
234	259
235	236
235	237
235	239
235	240
235	241
235	242
235	243
235	244
235	245
235	246
235	248
235	249
235	250
235	251
235	252
235	253
235	254
235	255
235	256
235	257
235	258
235	259
235	260
235	318
235	358
235	368
236	237
236	238
236	239
236	240
236	241
236	242
236	243
236	244
236	245
236	246
236	247
236	248
236	249
236	250
236	251
236	252
236	253
236	254
236	255
236	256
236	257
236	258
236	259
236	260
236	261
236	425
236	456
237	238
237	239
237	240
237	241
237	242
237	243
237	244
237	245
237	246
237	247
237	248
237	249
237	250
237	252
237	253
237	254
237	255
237	256
237	257
237	258
237	260
237	261
237	262
238	239
238	240
238	241
238	243
238	244
238	245
238	246
238	247
238	248
238	249
238	250
238	251
238	252
238	253
238	254
238	255
238	256
238	257
238	258
238	259
238	260
238	261
238	262
238	263
238	355
239	240
239	241
239	242
239	243
239	244
239	245
239	246
239	247
239	248
239	249
239	250
239	251
239	252
239	253
239	254
239	255
239	256
239	257
239	258
239	259
239	260
239	261
239	262
239	263
239	264
240	241
240	242
240	243
240	244
240	245
240	246
240	247
240	248
240	249
240	250
240	251
240	252
240	253
240	254
240	255
240	256
240	257
240	258
240	259
240	260
240	261
240	262
240	263
240	264
240	265
240	269
240	353
240	455
241	242
241	243
241	244
241	245
241	246
241	247
241	248
241	249
241	250
241	251
241	252
241	253
241	255
241	256
241	257
241	258
241	259
241	260
241	261
241	262
241	263
241	264
241	265
241	266
242	243
242	244
242	245
242	246
242	247
242	248
242	249
242	250
242	251
242	252
242	253
242	254
242	255
242	256
242	257
242	258
242	259
242	260
242	261
242	263
242	264
242	265
242	266
242	267
242	377
243	244
243	245
243	246
243	247
243	248
243	249
243	250
243	251
243	252
243	253
243	254
243	255
243	256
243	257
243	258
243	259
243	260
243	261
243	262
243	263
243	264
243	265
243	266
243	267
243	268
243	386
244	245
244	246
244	247
244	248
244	249
244	250
244	251
244	253
244	254
244	255
244	256
244	257
244	258
244	259
244	260
244	262
244	263
244	264
244	265
244	266
244	267
244	268
244	269
244	367
245	246
245	247
245	249
245	250
245	251
245	252
245	253
245	254
245	255
245	256
245	257
245	258
245	259
245	260
245	261
245	262
245	263
245	264
245	265
245	266
245	267
245	268
245	269
245	270
245	338
245	417
246	247
246	248
246	249
246	250
246	251
246	252
246	253
246	254
246	255
246	256
246	257
246	258
246	259
246	260
246	261
246	262
246	263
246	264
246	265
246	266
246	268
246	269
246	270
246	271
247	248
247	249
247	250
247	251
247	252
247	253
247	254
247	255
247	256
247	257
247	258
247	259
247	260
247	261
247	262
247	263
247	264
247	265
247	266
247	267
247	269
247	270
247	271
247	272
248	249
248	250
248	251
248	252
248	253
248	254
248	255
248	256
248	257
248	258
248	259
248	260
248	261
248	262
248	263
248	264
248	265
248	266
248	267
248	268
248	269
248	270
248	271
248	272
248	461
249	250
249	251
249	252
249	253
249	254
249	255
249	256
249	257
249	258
249	259
249	260
249	261
249	262
249	263
249	264
249	265
249	266
249	267
249	268
249	269
249	270
249	271
249	272
249	273
249	274
249	349
250	251
250	252
250	253
250	254
250	255
250	256
250	257
250	258
250	259
250	260
250	261
250	262
250	263
250	264
250	265
250	266
250	267
250	268
250	269
250	270
250	271
250	272
250	273
250	274
250	275
251	252
251	253
251	254
251	255
251	256
251	257
251	258
251	259
251	260
251	261
251	262
251	263
251	264
251	266
251	267
251	268
251	269
251	270
251	271
251	272
251	273
251	274
251	275
251	276
251	371
251	472
252	253
252	254
252	255
252	256
252	257
252	259
252	260
252	261
252	262
252	263
252	264
252	265
252	266
252	267
252	268
252	269
252	270
252	271
252	272
252	273
252	274
252	275
252	276
252	277
253	254
253	255
253	256
253	257
253	258
253	259
253	260
253	261
253	262
253	263
253	264
253	265
253	266
253	267
253	268
253	269
253	270
253	271
253	272
253	273
253	275
253	276
253	277
253	278
254	255
254	256
254	257
254	258
254	259
254	260
254	261
254	262
254	263
254	264
254	265
254	266
254	267
254	268
254	269
254	271
254	272
254	273
254	274
254	275
254	276
254	277
254	278
254	279
254	448
255	256
255	257
255	258
255	259
255	260
255	261
255	262
255	263
255	264
255	265
255	266
255	267
255	268
255	269
255	270
255	271
255	272
255	273
255	274
255	275
255	276
255	277
255	278
255	279
255	280
256	257
256	258
256	259
256	260
256	261
256	262
256	264
256	265
256	266
256	267
256	268
256	269
256	270
256	271
256	272
256	273
256	274
256	275
256	276
256	277
256	278
256	279
256	280
256	281
256	348
256	401
256	441
256	462
257	258
257	259
257	260
257	261
257	262
257	263
257	264
257	265
257	267
257	268
257	269
257	270
257	271
257	272
257	274
257	275
257	276
257	277
257	278
257	279
257	280
257	282
257	329
257	436
257	446
257	460
258	259
258	260
258	261
258	263
258	264
258	265
258	266
258	267
258	268
258	269
258	270
258	271
258	272
258	273
258	274
258	275
258	277
258	278
258	279
258	280
258	281
258	282
258	283
258	427
258	457
259	260
259	261
259	262
259	263
259	264
259	265
259	266
259	267
259	268
259	269
259	270
259	271
259	272
259	273
259	274
259	275
259	276
259	277
259	278
259	280
259	281
259	282
259	283
259	284
259	478
260	261
260	262
260	263
260	264
260	265
260	266
260	267
260	268
260	270
260	271
260	272
260	273
260	274
260	275
260	277
260	279
260	280
260	281
260	282
260	283
260	284
260	285
260	371
261	262
261	263
261	264
261	265
261	266
261	267
261	268
261	270
261	271
261	272
261	273
261	274
261	275
261	276
261	277
261	278
261	279
261	280
261	281
261	282
261	283
261	284
261	285
261	286
261	450
262	263
262	264
262	265
262	266
262	267
262	269
262	270
262	271
262	272
262	273
262	274
262	275
262	276
262	277
262	278
262	279
262	280
262	281
262	282
262	283
262	284
262	285
262	286
263	264
263	266
263	267
263	268
263	269
263	270
263	271
263	272
263	273
263	274
263	276
263	277
263	278
263	279
263	280
263	281
263	282
263	283
263	284
263	285
263	286
263	287
263	288
263	292
263	322
263	413
264	265
264	266
264	267
264	268
264	269
264	270
264	271
264	272
264	273
264	274
264	275
264	276
264	277
264	278
264	279
264	280
264	281
264	282
264	283
264	285
264	286
264	287
264	288
264	289
264	298
264	456
264	485
265	266
265	267
265	268
265	269
265	270
265	271
265	272
265	273
265	274
265	275
265	276
265	277
265	279
265	280
265	281
265	283
265	284
265	285
265	286
265	287
265	288
265	289
265	290
265	332
266	267
266	268
266	269
266	270
266	271
266	272
266	273
266	274
266	275
266	276
266	277
266	278
266	279
266	280
266	281
266	282
266	283
266	284
266	285
266	286
266	287
266	288
266	289
266	290
266	291
266	469
267	268
267	269
267	270
267	271
267	272
267	273
267	274
267	275
267	276
267	277
267	278
267	279
267	280
267	281
267	282
267	284
267	285
267	286
267	287
267	289
267	290
267	291
267	292
267	373
268	270
268	272
268	273
268	274
268	275
268	276
268	277
268	278
268	279
268	280
268	281
268	282
268	283
268	284
268	285
268	286
268	287
268	288
268	289
268	290
268	291
268	292
268	293
268	317
269	270
269	271
269	272
269	273
269	274
269	275
269	276
269	277
269	278
269	279
269	280
269	281
269	282
269	283
269	284
269	285
269	286
269	287
269	288
269	289
269	290
269	292
269	293
269	294
270	271
270	272
270	273
270	274
270	275
270	276
270	277
270	278
270	279
270	280
270	281
270	282
270	283
270	284
270	285
270	286
270	287
270	288
270	290
270	291
270	292
270	293
270	294
270	295
270	358
271	272
271	273
271	274
271	275
271	276
271	277
271	278
271	279
271	280
271	281
271	282
271	283
271	285
271	286
271	287
271	288
271	289
271	290
271	291
271	292
271	293
271	294
271	295
271	296
272	273
272	274
272	275
272	276
272	278
272	279
272	280
272	281
272	282
272	284
272	285
272	286
272	287
272	288
272	289
272	290
272	291
272	292
272	293
272	294
272	295
272	296
272	297
272	322
273	274
273	275
273	276
273	277
273	278
273	279
273	280
273	281
273	282
273	283
273	284
273	285
273	286
273	287
273	288
273	289
273	290
273	292
273	293
273	294
273	295
273	296
273	297
273	298
273	462
274	275
274	276
274	277
274	278
274	279
274	280
274	281
274	282
274	283
274	284
274	285
274	286
274	287
274	288
274	289
274	290
274	291
274	292
274	293
274	294
274	295
274	296
274	297
274	298
274	299
275	276
275	277
275	278
275	279
275	280
275	281
275	282
275	283
275	284
275	285
275	286
275	287
275	288
275	290
275	291
275	292
275	293
275	294
275	295
275	296
275	297
275	298
275	299
275	465
276	277
276	278
276	279
276	281
276	282
276	283
276	284
276	285
276	286
276	287
276	288
276	290
276	291
276	293
276	294
276	295
276	296
276	297
276	298
276	299
276	300
276	301
276	321
276	368
277	278
277	279
277	280
277	281
277	282
277	283
277	284
277	285
277	286
277	287
277	288
277	289
277	290
277	291
277	293
277	294
277	295
277	296
277	297
277	298
277	299
277	300
277	301
277	302
277	485
278	279
278	280
278	281
278	282
278	283
278	284
278	285
278	286
278	287
278	288
278	289
278	291
278	292
278	293
278	294
278	295
278	296
278	297
278	298
278	299
278	300
278	301
278	302
278	303
279	280
279	281
279	282
279	283
279	284
279	285
279	286
279	287
279	288
279	289
279	290
279	291
279	292
279	293
279	294
279	295
279	296
279	297
279	298
279	299
279	300
279	301
279	302
279	303
279	304
279	310
280	281
280	282
280	284
280	285
280	286
280	287
280	288
280	290
280	291
280	292
280	293
280	294
280	295
280	296
280	297
280	298
280	299
280	300
280	301
280	302
280	303
280	304
280	305
281	282
281	283
281	284
281	285
281	286
281	287
281	288
281	289
281	291
281	292
281	293
281	295
281	296
281	297
281	299
281	300
281	301
281	302
281	303
281	304
281	305
281	489
282	283
282	284
282	285
282	286
282	287
282	288
282	289
282	290
282	291
282	292
282	293
282	294
282	295
282	296
282	297
282	298
282	299
282	300
282	301
282	302
282	303
282	304
282	305
282	306
282	307
283	284
283	285
283	286
283	287
283	288
283	289
283	290
283	291
283	292
283	293
283	294
283	295
283	296
283	297
283	298
283	299
283	300
283	301
283	302
283	303
283	304
283	305
283	307
283	308
283	415
284	285
284	286
284	287
284	288
284	289
284	290
284	291
284	292
284	293
284	294
284	295
284	296
284	297
284	298
284	299
284	300
284	301
284	302
284	303
284	304
284	305
284	306
284	307
284	308
284	309
284	486
285	286
285	287
285	288
285	289
285	290
285	291
285	292
285	293
285	294
285	295
285	296
285	297
285	298
285	299
285	300
285	301
285	302
285	303
285	304
285	305
285	306
285	307
285	308
285	309
285	310
286	288
286	289
286	290
286	291
286	292
286	293
286	294
286	295
286	296
286	297
286	298
286	299
286	300
286	301
286	302
286	303
286	304
286	305
286	306
286	307
286	308
286	309
286	310
287	288
287	289
287	290
287	291
287	292
287	293
287	294
287	295
287	296
287	297
287	298
287	299
287	300
287	301
287	302
287	303
287	304
287	305
287	306
287	307
287	308
287	309
287	310
287	311
287	312
288	289
288	290
288	291
288	292
288	293
288	294
288	295
288	296
288	297
288	298
288	299
288	300
288	301
288	302
288	303
288	304
288	305
288	306
288	307
288	308
288	309
288	310
288	311
288	312
288	313
289	290
289	291
289	292
289	293
289	294
289	295
289	296
289	297
289	298
289	299
289	300
289	301
289	302
289	304
289	305
289	306
289	307
289	308
289	310
289	311
289	312
289	313
289	314
290	291
290	292
290	293
290	294
290	295
290	296
290	297
290	298
290	299
290	300
290	301
290	302
290	303
290	304
290	305
290	306
290	307
290	308
290	309
290	310
290	311
290	312
290	313
290	314
290	315
291	292
291	293
291	294
291	295
291	296
291	297
291	298
291	299
291	300
291	301
291	302
291	303
291	304
291	305
291	306
291	307
291	308
291	309
291	311
291	312
291	313
291	314
291	315
291	316
291	400
292	293
292	294
292	295
292	296
292	297
292	299
292	300
292	301
292	302
292	303
292	304
292	305
292	306
292	307
292	308
292	309
292	310
292	311
292	312
292	313
292	314
292	315
292	316
292	317
293	294
293	295
293	296
293	297
293	298
293	299
293	300
293	301
293	302
293	303
293	305
293	306
293	307
293	308
293	310
293	311
293	312
293	313
293	314
293	315
293	316
293	317
293	318
293	331
293	433
294	295
294	296
294	297
294	298
294	299
294	300
294	301
294	302
294	303
294	304
294	305
294	306
294	307
294	308
294	309
294	310
294	311
294	312
294	313
294	314
294	315
294	316
294	319
294	334
294	388
295	296
295	297
295	299
295	300
295	301
295	302
295	303
295	304
295	305
295	306
295	307
295	308
295	309
295	311
295	312
295	313
295	314
295	315
295	318
295	319
295	320
295	414
295	454
296	297
296	298
296	299
296	300
296	301
296	302
296	303
296	304
296	305
296	306
296	309
296	310
296	311
296	312
296	313
296	315
296	317
296	318
296	319
296	320
296	321
296	460
297	298
297	299
297	300
297	301
297	303
297	304
297	305
297	306
297	308
297	309
297	311
297	312
297	313
297	314
297	315
297	316
297	317
297	318
297	319
297	320
297	321
297	322
297	403
298	299
298	300
298	301
298	302
298	303
298	304
298	305
298	307
298	308
298	310
298	311
298	312
298	313
298	314
298	315
298	316
298	317
298	318
298	319
298	320
298	321
298	322
298	323
298	341
298	428
299	300
299	302
299	303
299	304
299	305
299	306
299	307
299	308
299	309
299	310
299	311
299	312
299	313
299	314
299	315
299	316
299	317
299	318
299	319
299	320
299	321
299	322
299	323
299	324
299	402
300	301
300	302
300	303
300	304
300	305
300	306
300	307
300	308
300	309
300	310
300	312
300	314
300	315
300	316
300	317
300	318
300	319
300	320
300	321
300	323
300	324
300	325
300	336
301	302
301	303
301	304
301	305
301	306
301	307
301	308
301	309
301	310
301	311
301	312
301	313
301	314
301	315
301	316
301	317
301	318
301	319
301	320
301	321
301	322
301	323
301	324
301	325
301	326
302	303
302	304
302	305
302	306
302	307
302	308
302	309
302	310
302	311
302	312
302	313
302	315
302	316
302	317
302	318
302	319
302	321
302	322
302	323
302	324
302	325
302	326
302	327
302	381
302	427
302	430
303	304
303	306
303	307
303	308
303	309
303	310
303	311
303	312
303	314
303	315
303	316
303	317
303	318
303	319
303	321
303	322
303	323
303	324
303	325
303	326
303	327
303	328
303	468
304	305
304	306
304	307
304	308
304	309
304	310
304	311
304	312
304	313
304	314
304	315
304	316
304	317
304	318
304	319
304	320
304	321
304	323
304	324
304	325
304	326
304	327
304	328
304	329
305	306
305	307
305	308
305	309
305	310
305	311
305	312
305	313
305	314
305	315
305	316
305	317
305	318
305	319
305	320
305	321
305	322
305	323
305	324
305	325
305	326
305	327
305	328
305	329
305	402
306	307
306	308
306	309
306	310
306	311
306	312
306	313
306	314
306	315
306	316
306	317
306	318
306	319
306	320
306	321
306	322
306	323
306	324
306	325
306	326
306	327
306	328
306	330
306	417
306	447
307	308
307	309
307	310
307	311
307	312
307	313
307	314
307	315
307	316
307	317
307	318
307	319
307	320
307	321
307	322
307	323
307	324
307	325
307	327
307	329
307	330
307	331
307	332
307	462
308	309
308	310
308	311
308	312
308	313
308	314
308	315
308	316
308	317
308	318
308	319
308	320
308	321
308	322
308	323
308	324
308	325
308	326
308	327
308	328
308	329
308	330
308	332
308	333
309	310
309	311
309	312
309	313
309	314
309	315
309	316
309	317
309	318
309	319
309	320
309	321
309	322
309	323
309	324
309	325
309	326
309	327
309	328
309	329
309	330
309	332
309	333
309	334
310	312
310	313
310	314
310	315
310	317
310	318
310	319
310	320
310	321
310	322
310	323
310	324
310	325
310	326
310	327
310	329
310	330
310	331
310	332
310	334
310	335
310	395
310	417
310	422
311	312
311	314
311	315
311	316
311	317
311	318
311	319
311	320
311	321
311	322
311	323
311	324
311	326
311	327
311	328
311	329
311	330
311	331
311	332
311	333
311	334
311	335
311	336
312	313
312	314
312	315
312	316
312	317
312	318
312	319
312	320
312	321
312	322
312	323
312	324
312	325
312	326
312	327
312	328
312	329
312	330
312	331
312	332
312	333
312	334
312	335
312	336
312	337
313	314
313	315
313	316
313	317
313	318
313	319
313	320
313	321
313	322
313	323
313	324
313	325
313	326
313	327
313	328
313	329
313	331
313	332
313	333
313	334
313	335
313	336
313	337
313	342
313	490
314	315
314	316
314	317
314	318
314	319
314	320
314	321
314	322
314	323
314	324
314	325
314	326
314	327
314	329
314	330
314	331
314	332
314	333
314	334
314	335
314	336
314	337
314	338
314	339
314	357
314	463
315	316
315	317
315	318
315	319
315	320
315	321
315	322
315	323
315	324
315	325
315	326
315	327
315	328
315	329
315	330
315	331
315	332
315	333
315	334
315	335
315	336
315	337
315	338
315	339
315	340
315	428
316	317
316	318
316	319
316	320
316	321
316	322
316	323
316	324
316	325
316	326
316	327
316	328
316	329
316	330
316	331
316	332
316	333
316	334
316	335
316	336
316	337
316	338
316	339
316	340
316	341
317	319
317	320
317	321
317	322
317	323
317	324
317	325
317	326
317	327
317	329
317	330
317	332
317	333
317	334
317	335
317	336
317	337
317	338
317	340
317	341
317	342
317	415
317	462
318	319
318	320
318	321
318	322
318	323
318	324
318	325
318	326
318	327
318	328
318	329
318	330
318	331
318	332
318	333
318	334
318	335
318	336
318	337
318	338
318	339
318	340
318	341
318	342
318	446
318	462
319	320
319	321
319	323
319	325
319	326
319	327
319	328
319	329
319	330
319	331
319	332
319	333
319	334
319	335
319	336
319	337
319	338
319	339
319	340
319	342
319	343
319	344
319	430
320	321
320	322
320	323
320	324
320	325
320	326
320	327
320	328
320	329
320	330
320	331
320	332
320	333
320	334
320	335
320	336
320	337
320	338
320	339
320	340
320	341
320	342
320	343
320	344
320	345
320	393
320	496
321	322
321	323
321	324
321	325
321	326
321	327
321	328
321	329
321	330
321	331
321	333
321	334
321	336
321	338
321	339
321	340
321	341
321	342
321	343
321	344
321	345
321	346
321	375
321	431
322	323
322	324
322	325
322	326
322	327
322	328
322	329
322	330
322	331
322	332
322	333
322	334
322	335
322	336
322	337
322	338
322	340
322	342
322	343
322	344
322	345
322	346
322	347
322	430
323	324
323	325
323	326
323	327
323	329
323	330
323	331
323	332
323	333
323	334
323	335
323	336
323	337
323	338
323	339
323	340
323	341
323	342
323	343
323	344
323	345
323	346
323	347
323	348
324	325
324	326
324	327
324	328
324	329
324	330
324	331
324	332
324	333
324	334
324	336
324	337
324	338
324	339
324	340
324	341
324	342
324	343
324	344
324	345
324	346
324	347
324	348
324	349
325	326
325	327
325	328
325	329
325	330
325	331
325	332
325	333
325	334
325	335
325	336
325	337
325	338
325	339
325	340
325	341
325	342
325	343
325	344
325	345
325	347
325	348
325	349
325	350
325	413
326	327
326	328
326	329
326	330
326	331
326	332
326	333
326	334
326	335
326	336
326	337
326	338
326	339
326	340
326	341
326	342
326	343
326	344
326	345
326	346
326	347
326	349
326	350
326	351
327	328
327	329
327	330
327	331
327	332
327	333
327	334
327	335
327	336
327	337
327	338
327	339
327	340
327	341
327	342
327	343
327	344
327	345
327	346
327	347
327	348
327	349
327	350
327	351
327	352
327	398
328	329
328	330
328	331
328	332
328	333
328	334
328	335
328	336
328	337
328	338
328	339
328	340
328	341
328	342
328	343
328	344
328	345
328	346
328	347
328	348
328	349
328	350
328	351
328	352
328	353
329	330
329	331
329	332
329	333
329	334
329	335
329	336
329	337
329	338
329	339
329	340
329	341
329	342
329	343
329	344
329	345
329	346
329	347
329	348
329	349
329	350
329	351
329	352
329	353
329	354
330	331
330	332
330	333
330	334
330	335
330	336
330	337
330	338
330	339
330	340
330	341
330	343
330	344
330	345
330	346
330	347
330	348
330	349
330	350
330	351
330	352
330	353
330	354
330	355
330	400
330	477
331	332
331	333
331	334
331	335
331	336
331	337
331	338
331	339
331	340
331	341
331	342
331	343
331	344
331	345
331	346
331	347
331	348
331	349
331	350
331	352
331	353
331	355
331	356
331	478
331	496
332	333
332	334
332	335
332	336
332	337
332	338
332	339
332	340
332	341
332	342
332	344
332	345
332	346
332	347
332	348
332	349
332	350
332	351
332	352
332	353
332	354
332	355
332	356
332	357
332	401
332	405
332	429
333	334
333	335
333	336
333	337
333	338
333	339
333	340
333	341
333	342
333	343
333	344
333	345
333	346
333	347
333	349
333	351
333	352
333	353
333	354
333	355
333	356
333	357
333	358
333	403
334	335
334	336
334	337
334	338
334	339
334	340
334	341
334	342
334	343
334	344
334	345
334	346
334	348
334	349
334	350
334	351
334	352
334	354
334	355
334	356
334	357
334	358
334	359
334	407
334	421
335	336
335	337
335	338
335	339
335	340
335	341
335	342
335	343
335	344
335	345
335	346
335	347
335	348
335	349
335	350
335	351
335	352
335	353
335	354
335	355
335	356
335	357
335	358
335	359
335	360
336	337
336	338
336	339
336	340
336	341
336	342
336	343
336	344
336	345
336	346
336	347
336	348
336	349
336	350
336	351
336	352
336	353
336	354
336	355
336	357
336	358
336	359
336	360
336	361
337	338
337	339
337	340
337	341
337	342
337	343
337	344
337	345
337	346
337	348
337	349
337	350
337	351
337	352
337	353
337	354
337	355
337	356
337	357
337	358
337	359
337	360
337	361
337	362
337	371
338	339
338	340
338	341
338	342
338	343
338	344
338	345
338	346
338	347
338	348
338	349
338	350
338	351
338	352
338	353
338	354
338	355
338	356
338	357
338	358
338	359
338	360
338	362
338	363
338	404
338	432
339	340
339	342
339	343
339	344
339	345
339	346
339	347
339	348
339	349
339	350
339	351
339	352
339	353
339	354
339	355
339	356
339	357
339	358
339	359
339	360
339	361
339	362
339	363
339	364
340	341
340	343
340	344
340	345
340	346
340	347
340	348
340	349
340	350
340	351
340	352
340	353
340	354
340	355
340	356
340	357
340	358
340	359
340	360
340	361
340	362
340	363
340	364
340	365
341	342
341	343
341	344
341	345
341	346
341	347
341	348
341	349
341	350
341	351
341	352
341	353
341	354
341	355
341	356
341	357
341	358
341	359
341	360
341	361
341	363
341	364
341	365
341	366
342	343
342	344
342	345
342	346
342	347
342	349
342	350
342	351
342	352
342	353
342	354
342	355
342	356
342	357
342	358
342	359
342	360
342	361
342	362
342	363
342	364
342	365
342	366
342	367
343	344
343	345
343	346
343	347
343	348
343	349
343	350
343	351
343	352
343	353
343	354
343	355
343	356
343	357
343	358
343	359
343	360
343	361
343	362
343	363
343	365
343	366
343	367
343	368
344	345
344	346
344	347
344	348
344	349
344	350
344	351
344	352
344	353
344	354
344	355
344	356
344	357
344	358
344	359
344	360
344	361
344	362
344	363
344	364
344	365
344	366
344	367
344	368
344	369
345	346
345	347
345	348
345	349
345	350
345	351
345	352
345	353
345	354
345	355
345	356
345	357
345	358
345	359
345	360
345	361
345	362
345	363
345	364
345	365
345	366
345	367
345	368
345	369
345	370
346	347
346	348
346	349
346	350
346	352
346	353
346	354
346	355
346	356
346	357
346	358
346	359
346	361
346	362
346	363
346	364
346	365
346	366
346	367
346	368
346	369
346	370
346	371
346	379
347	348
347	349
347	350
347	351
347	352
347	353
347	354
347	355
347	356
347	357
347	358
347	359
347	362
347	363
347	365
347	366
347	367
347	368
347	369
347	370
347	371
347	466
347	482
348	349
348	350
348	351
348	352
348	353
348	354
348	355
348	356
348	357
348	358
348	359
348	360
348	361
348	362
348	363
348	364
348	365
348	367
348	368
348	370
348	371
348	372
348	373
348	492
349	350
349	351
349	352
349	353
349	354
349	355
349	356
349	357
349	358
349	360
349	361
349	362
349	363
349	364
349	365
349	367
349	368
349	369
349	370
349	371
349	372
349	373
349	374
350	351
350	352
350	353
350	354
350	355
350	356
350	357
350	358
350	359
350	360
350	361
350	362
350	363
350	364
350	365
350	366
350	367
350	368
350	369
350	370
350	372
350	373
350	374
350	375
351	352
351	353
351	354
351	355
351	356
351	357
351	358
351	359
351	360
351	361
351	362
351	363
351	365
351	366
351	367
351	368
351	369
351	370
351	371
351	372
351	373
351	375
351	376
352	353
352	354
352	355
352	356
352	357
352	358
352	359
352	360
352	361
352	362
352	363
352	364
352	366
352	367
352	368
352	369
352	370
352	371
352	372
352	373
352	374
352	375
352	376
352	377
353	355
353	357
353	358
353	359
353	360
353	361
353	363
353	364
353	365
353	366
353	367
353	368
353	369
353	370
353	371
353	372
353	373
353	374
353	375
353	376
353	377
353	378
354	355
354	356
354	357
354	358
354	359
354	360
354	361
354	362
354	363
354	364
354	365
354	366
354	367
354	368
354	369
354	370
354	371
354	372
354	373
354	374
354	375
354	376
354	377
354	378
354	379
354	483
355	356
355	357
355	358
355	359
355	360
355	361
355	362
355	364
355	365
355	366
355	367
355	368
355	369
355	370
355	371
355	372
355	373
355	374
355	375
355	376
355	377
355	378
355	379
355	380
356	357
356	358
356	359
356	360
356	361
356	362
356	363
356	364
356	365
356	366
356	367
356	368
356	369
356	370
356	371
356	372
356	373
356	374
356	375
356	376
356	377
356	378
356	379
356	380
357	358
357	359
357	360
357	361
357	362
357	363
357	364
357	365
357	366
357	367
357	368
357	369
357	371
357	372
357	373
357	374
357	375
357	376
357	377
357	378
357	379
357	380
357	381
357	382
358	359
358	360
358	361
358	362
358	363
358	364
358	365
358	366
358	367
358	369
358	371
358	372
358	373
358	374
358	375
358	376
358	377
358	378
358	379
358	380
358	382
358	383
359	360
359	361
359	362
359	363
359	364
359	365
359	367
359	368
359	369
359	370
359	371
359	372
359	373
359	374
359	375
359	376
359	377
359	378
359	379
359	380
359	381
359	382
359	383
359	384
359	457
360	361
360	362
360	363
360	364
360	365
360	366
360	368
360	369
360	370
360	371
360	372
360	373
360	374
360	375
360	376
360	377
360	378
360	379
360	381
360	382
360	383
360	384
360	385
360	445
361	362
361	363
361	364
361	365
361	366
361	367
361	368
361	369
361	370
361	371
361	372
361	373
361	374
361	375
361	376
361	377
361	378
361	379
361	380
361	381
361	382
361	383
361	384
361	385
361	386
361	418
362	363
362	364
362	365
362	366
362	367
362	368
362	369
362	370
362	371
362	372
362	373
362	374
362	375
362	376
362	377
362	378
362	379
362	380
362	381
362	382
362	383
362	384
362	385
362	386
362	387
363	364
363	365
363	366
363	367
363	368
363	369
363	370
363	371
363	372
363	373
363	374
363	375
363	376
363	377
363	378
363	379
363	380
363	381
363	382
363	383
363	384
363	385
363	386
363	387
363	388
364	365
364	366
364	367
364	368
364	369
364	370
364	371
364	373
364	374
364	376
364	377
364	378
364	379
364	380
364	381
364	382
364	383
364	384
364	385
364	386
364	387
364	388
364	428
364	478
365	366
365	367
365	368
365	369
365	370
365	371
365	372
365	373
365	374
365	375
365	376
365	377
365	378
365	379
365	380
365	381
365	382
365	383
365	384
365	385
365	386
365	387
365	388
365	389
365	390
366	367
366	368
366	370
366	371
366	372
366	373
366	374
366	375
366	376
366	377
366	378
366	379
366	380
366	381
366	382
366	384
366	385
366	386
366	387
366	388
366	389
366	391
366	469
367	368
367	369
367	370
367	371
367	372
367	373
367	374
367	375
367	376
367	377
367	378
367	379
367	380
367	381
367	382
367	384
367	385
367	386
367	387
367	388
367	389
367	390
367	391
367	392
367	430
368	369
368	370
368	371
368	372
368	373
368	374
368	375
368	376
368	377
368	378
368	379
368	380
368	381
368	382
368	383
368	384
368	385
368	386
368	387
368	388
368	389
368	390
368	391
368	392
368	393
369	370
369	371
369	372
369	373
369	374
369	375
369	376
369	377
369	378
369	379
369	380
369	381
369	382
369	383
369	384
369	385
369	386
369	387
369	388
369	389
369	390
369	391
369	392
369	393
369	394
370	371
370	372
370	373
370	374
370	375
370	376
370	377
370	378
370	379
370	380
370	381
370	382
370	383
370	385
370	386
370	389
370	390
370	392
370	393
370	394
370	395
370	448
371	372
371	373
371	374
371	375
371	376
371	377
371	378
371	379
371	380
371	381
371	382
371	383
371	384
371	385
371	386
371	387
371	388
371	389
371	390
371	391
371	392
371	394
371	396
371	495
372	373
372	374
372	375
372	376
372	377
372	378
372	379
372	380
372	381
372	382
372	383
372	384
372	385
372	386
372	387
372	388
372	389
372	390
372	391
372	392
372	393
372	394
372	395
372	396
372	397
373	374
373	375
373	376
373	377
373	378
373	379
373	380
373	381
373	382
373	383
373	384
373	386
373	387
373	388
373	389
373	390
373	391
373	392
373	393
373	394
373	395
373	396
373	397
373	398
374	375
374	376
374	377
374	378
374	379
374	380
374	381
374	382
374	383
374	384
374	385
374	386
374	387
374	388
374	389
374	390
374	391
374	392
374	393
374	395
374	396
374	397
374	398
374	399
375	376
375	377
375	379
375	380
375	381
375	382
375	383
375	384
375	385
375	386
375	387
375	388
375	389
375	390
375	391
375	392
375	393
375	394
375	396
375	397
375	398
375	399
375	400
376	377
376	379
376	380
376	381
376	382
376	383
376	384
376	385
376	386
376	387
376	388
376	389
376	390
376	391
376	392
376	393
376	394
376	395
376	396
376	397
376	398
376	399
376	400
376	401
377	378
377	379
377	380
377	381
377	382
377	383
377	384
377	385
377	386
377	387
377	388
377	389
377	390
377	391
377	392
377	393
377	394
377	395
377	396
377	397
377	398
377	399
377	400
377	401
377	402
378	379
378	380
378	381
378	382
378	383
378	384
378	385
378	386
378	387
378	388
378	389
378	390
378	391
378	392
378	393
378	394
378	395
378	396
378	397
378	398
378	399
378	400
378	401
378	402
378	403
379	380
379	381
379	382
379	383
379	384
379	385
379	386
379	387
379	388
379	389
379	390
379	391
379	392
379	393
379	394
379	395
379	396
379	397
379	398
379	399
379	400
379	401
379	402
379	403
379	404
379	444
379	467
380	381
380	382
380	383
380	384
380	385
380	386
380	387
380	388
380	389
380	391
380	392
380	393
380	394
380	395
380	396
380	397
380	398
380	399
380	400
380	401
380	402
380	403
380	404
380	405
380	407
380	431
381	382
381	383
381	384
381	385
381	386
381	387
381	389
381	390
381	391
381	392
381	393
381	394
381	395
381	396
381	397
381	398
381	399
381	400
381	401
381	402
381	403
381	404
381	405
381	406
382	383
382	384
382	385
382	386
382	387
382	388
382	389
382	390
382	391
382	392
382	393
382	394
382	395
382	396
382	397
382	398
382	399
382	400
382	401
382	402
382	403
382	404
382	405
382	406
382	407
383	384
383	385
383	386
383	387
383	388
383	389
383	390
383	391
383	392
383	393
383	394
383	395
383	396
383	397
383	398
383	399
383	400
383	401
383	402
383	403
383	404
383	405
383	406
383	407
383	408
384	385
384	386
384	387
384	388
384	389
384	390
384	392
384	393
384	394
384	395
384	396
384	397
384	398
384	399
384	400
384	401
384	402
384	403
384	404
384	405
384	406
384	407
384	409
385	386
385	387
385	388
385	389
385	390
385	391
385	392
385	393
385	394
385	395
385	396
385	397
385	398
385	399
385	400
385	401
385	402
385	403
385	405
385	406
385	407
385	408
385	409
385	410
385	437
386	387
386	388
386	389
386	390
386	391
386	392
386	393
386	394
386	395
386	397
386	398
386	399
386	400
386	401
386	402
386	403
386	404
386	405
386	406
386	407
386	408
386	410
386	461
387	388
387	389
387	391
387	392
387	393
387	394
387	395
387	396
387	397
387	398
387	399
387	400
387	401
387	402
387	403
387	404
387	405
387	406
387	407
387	408
387	409
387	410
387	411
387	412
388	389
388	390
388	391
388	392
388	393
388	394
388	395
388	396
388	397
388	398
388	399
388	401
388	402
388	403
388	404
388	405
388	406
388	407
388	408
388	409
388	410
388	411
388	412
388	413
389	390
389	391
389	392
389	393
389	394
389	395
389	396
389	397
389	398
389	399
389	400
389	401
389	402
389	403
389	404
389	405
389	406
389	407
389	408
389	409
389	410
389	411
389	412
389	413
389	414
390	391
390	392
390	393
390	394
390	396
390	398
390	399
390	400
390	401
390	402
390	403
390	404
390	405
390	406
390	407
390	408
390	409
390	410
390	411
390	412
390	413
390	414
390	415
391	392
391	393
391	394
391	395
391	396
391	397
391	398
391	399
391	400
391	401
391	402
391	403
391	404
391	405
391	406
391	407
391	408
391	410
391	411
391	412
391	413
391	414
391	415
391	417
392	393
392	395
392	396
392	397
392	398
392	399
392	400
392	401
392	402
392	403
392	404
392	405
392	406
392	407
392	408
392	409
392	410
392	411
392	412
392	413
392	414
392	415
392	416
392	430
393	394
393	395
393	396
393	397
393	398
393	400
393	401
393	402
393	403
393	404
393	405
393	406
393	407
393	408
393	412
393	413
393	414
393	415
393	416
393	417
393	418
394	396
394	397
394	398
394	399
394	400
394	401
394	402
394	403
394	404
394	405
394	406
394	407
394	408
394	409
394	410
394	411
394	412
394	413
394	414
394	415
394	416
394	417
394	418
394	419
394	465
394	481
395	396
395	397
395	398
395	399
395	400
395	401
395	402
395	403
395	404
395	405
395	406
395	407
395	408
395	409
395	410
395	411
395	412
395	413
395	414
395	415
395	416
395	417
395	418
395	419
395	420
396	397
396	398
396	399
396	400
396	401
396	402
396	403
396	404
396	405
396	406
396	407
396	408
396	409
396	410
396	411
396	412
396	413
396	414
396	415
396	416
396	417
396	418
396	419
396	420
396	421
397	398
397	399
397	400
397	401
397	402
397	403
397	404
397	405
397	406
397	407
397	408
397	409
397	410
397	411
397	412
397	413
397	414
397	415
397	416
397	417
397	418
397	419
397	420
397	421
397	422
398	399
398	400
398	401
398	402
398	403
398	404
398	405
398	406
398	408
398	409
398	410
398	411
398	412
398	413
398	414
398	415
398	416
398	417
398	418
398	419
398	420
398	421
398	422
398	423
399	400
399	401
399	402
399	403
399	404
399	405
399	407
399	408
399	409
399	410
399	411
399	412
399	413
399	414
399	415
399	416
399	417
399	418
399	419
399	420
399	421
399	422
399	423
399	424
400	401
400	402
400	403
400	404
400	405
400	406
400	407
400	408
400	409
400	410
400	411
400	412
400	413
400	414
400	415
400	416
400	417
400	418
400	419
400	420
400	421
400	422
400	423
400	424
400	425
401	402
401	403
401	404
401	405
401	406
401	407
401	408
401	409
401	410
401	412
401	413
401	414
401	415
401	416
401	418
401	419
401	420
401	421
401	422
401	423
401	424
401	425
401	426
402	403
402	404
402	405
402	406
402	407
402	408
402	409
402	411
402	413
402	414
402	415
402	416
402	417
402	418
402	419
402	420
402	421
402	422
402	423
402	424
402	425
402	426
402	427
403	404
403	405
403	406
403	408
403	409
403	410
403	411
403	412
403	413
403	414
403	415
403	416
403	417
403	418
403	420
403	421
403	422
403	423
403	424
403	425
403	426
403	427
403	428
403	474
404	405
404	406
404	408
404	409
404	410
404	411
404	412
404	413
404	414
404	415
404	416
404	417
404	418
404	419
404	420
404	421
404	422
404	423
404	424
404	425
404	426
404	427
404	428
404	429
405	406
405	407
405	408
405	409
405	410
405	411
405	412
405	413
405	414
405	415
405	416
405	417
405	418
405	419
405	420
405	421
405	422
405	423
405	424
405	425
405	426
405	427
405	428
405	429
406	407
406	408
406	409
406	410
406	411
406	412
406	413
406	414
406	415
406	416
406	417
406	418
406	419
406	420
406	421
406	422
406	423
406	424
406	425
406	426
406	427
406	428
406	429
406	430
406	431
407	408
407	409
407	410
407	411
407	412
407	413
407	415
407	416
407	418
407	419
407	420
407	421
407	423
407	424
407	425
407	426
407	427
407	428
407	429
407	430
407	431
407	432
408	409
408	410
408	411
408	412
408	413
408	414
408	415
408	416
408	417
408	418
408	419
408	420
408	421
408	422
408	423
408	424
408	425
408	426
408	427
408	428
408	429
408	430
408	431
408	432
408	433
409	410
409	411
409	412
409	413
409	415
409	416
409	417
409	418
409	419
409	420
409	421
409	422
409	423
409	424
409	425
409	426
409	427
409	428
409	429
409	430
409	431
409	432
409	433
409	434
410	411
410	412
410	413
410	414
410	415
410	416
410	417
410	418
410	419
410	420
410	422
410	423
410	424
410	425
410	426
410	427
410	428
410	429
410	430
410	431
410	432
410	433
410	434
410	435
411	412
411	413
411	414
411	415
411	416
411	417
411	418
411	420
411	421
411	422
411	423
411	424
411	425
411	426
411	427
411	428
411	429
411	430
411	431
411	432
411	433
411	434
411	435
411	436
412	413
412	414
412	415
412	416
412	417
412	418
412	419
412	420
412	421
412	423
412	424
412	425
412	426
412	427
412	428
412	429
412	430
412	431
412	432
412	433
412	434
412	435
412	436
412	437
413	414
413	415
413	416
413	417
413	419
413	420
413	422
413	423
413	424
413	425
413	426
413	427
413	428
413	429
413	430
413	431
413	432
413	433
413	434
413	435
413	436
413	437
413	438
413	463
414	415
414	416
414	418
414	419
414	420
414	421
414	422
414	424
414	426
414	427
414	428
414	429
414	430
414	431
414	432
414	434
414	435
414	436
414	437
414	438
414	439
414	478
415	416
415	417
415	418
415	419
415	420
415	421
415	422
415	423
415	424
415	425
415	426
415	427
415	428
415	430
415	431
415	432
415	433
415	434
415	435
415	436
415	437
415	439
415	440
416	417
416	418
416	419
416	420
416	421
416	422
416	423
416	424
416	425
416	426
416	427
416	428
416	429
416	430
416	431
416	432
416	433
416	434
416	435
416	436
416	438
416	439
416	440
416	441
417	418
417	419
417	420
417	421
417	422
417	423
417	424
417	426
417	427
417	428
417	429
417	430
417	433
417	434
417	435
417	436
417	437
417	438
417	439
417	440
417	441
417	442
418	419
418	420
418	421
418	423
418	424
418	425
418	426
418	427
418	429
418	430
418	431
418	432
418	433
418	434
418	435
418	436
418	437
418	438
418	439
418	440
418	441
418	443
418	461
419	420
419	421
419	422
419	423
419	424
419	425
419	427
419	429
419	431
419	432
419	433
419	434
419	435
419	436
419	437
419	438
419	439
419	440
419	441
419	443
419	444
420	421
420	422
420	423
420	424
420	425
420	426
420	427
420	428
420	429
420	430
420	431
420	432
420	433
420	434
420	435
420	436
420	437
420	438
420	439
420	440
420	441
420	442
420	443
420	444
420	445
421	422
421	423
421	424
421	425
421	426
421	427
421	428
421	429
421	431
421	432
421	433
421	434
421	435
421	436
421	437
421	438
421	439
421	440
421	441
421	442
421	443
421	444
421	445
421	446
422	423
422	424
422	425
422	426
422	427
422	428
422	429
422	430
422	431
422	432
422	433
422	434
422	435
422	436
422	437
422	438
422	439
422	440
422	441
422	442
422	443
422	444
422	445
422	446
422	447
423	424
423	425
423	426
423	427
423	428
423	429
423	430
423	431
423	432
423	433
423	434
423	436
423	437
423	438
423	439
423	440
423	441
423	442
423	443
423	444
423	446
423	447
423	448
424	425
424	426
424	427
424	428
424	429
424	430
424	431
424	432
424	433
424	434
424	435
424	436
424	437
424	438
424	439
424	440
424	441
424	442
424	443
424	444
424	445
424	446
424	447
424	448
424	449
425	426
425	427
425	428
425	429
425	431
425	432
425	433
425	434
425	435
425	436
425	437
425	438
425	439
425	440
425	441
425	442
425	443
425	444
425	446
425	447
425	448
425	449
425	450
426	427
426	428
426	429
426	430
426	431
426	432
426	433
426	434
426	436
426	437
426	438
426	439
426	440
426	441
426	442
426	443
426	444
426	445
426	446
426	447
426	448
426	449
426	450
426	451
427	428
427	429
427	430
427	431
427	432
427	433
427	434
427	435
427	436
427	437
427	438
427	439
427	440
427	442
427	443
427	444
427	445
427	446
427	447
427	448
427	449
427	450
427	451
427	452
427	487
428	429
428	431
428	433
428	434
428	435
428	436
428	437
428	438
428	439
428	440
428	441
428	442
428	443
428	445
428	446
428	447
428	448
428	449
428	450
428	451
428	452
428	453
429	430
429	431
429	432
429	433
429	434
429	435
429	436
429	437
429	438
429	439
429	440
429	441
429	442
429	444
429	445
429	446
429	447
429	448
429	449
429	450
429	451
429	452
429	453
429	454
430	431
430	432
430	433
430	434
430	435
430	436
430	437
430	438
430	441
430	442
430	443
430	444
430	445
430	446
430	447
430	448
430	449
430	451
430	452
430	453
430	454
430	455
430	488
431	432
431	433
431	434
431	435
431	436
431	437
431	438
431	439
431	440
431	442
431	443
431	444
431	446
431	447
431	448
431	449
431	450
431	451
431	452
431	453
431	454
431	455
431	456
431	470
432	433
432	434
432	435
432	436
432	437
432	438
432	439
432	440
432	441
432	442
432	443
432	445
432	446
432	447
432	448
432	449
432	450
432	451
432	452
432	453
432	454
432	455
432	456
432	457
433	434
433	435
433	436
433	437
433	438
433	439
433	440
433	441
433	442
433	443
433	444
433	445
433	446
433	447
433	448
433	449
433	450
433	451
433	452
433	453
433	454
433	455
433	456
433	457
433	458
434	435
434	436
434	437
434	438
434	439
434	440
434	441
434	442
434	443
434	444
434	445
434	446
434	447
434	448
434	449
434	450
434	451
434	452
434	453
434	454
434	455
434	456
434	457
434	458
434	459
435	436
435	437
435	438
435	439
435	440
435	441
435	442
435	443
435	444
435	445
435	446
435	447
435	448
435	449
435	450
435	451
435	452
435	453
435	454
435	455
435	456
435	457
435	458
435	459
435	460
436	438
436	439
436	440
436	441
436	442
436	443
436	444
436	445
436	446
436	448
436	449
436	450
436	451
436	452
436	453
436	454
436	455
436	456
436	457
436	458
436	459
436	460
436	461
437	438
437	439
437	440
437	441
437	442
437	443
437	444
437	445
437	446
437	447
437	448
437	449
437	450
437	451
437	452
437	453
437	454
437	455
437	456
437	457
437	458
437	460
437	461
437	462
438	439
438	440
438	441
438	442
438	443
438	444
438	445
438	446
438	447
438	448
438	449
438	450
438	451
438	452
438	453
438	454
438	455
438	456
438	457
438	458
438	459
438	460
438	461
438	462
438	463
439	440
439	441
439	442
439	443
439	444
439	445
439	446
439	447
439	448
439	449
439	450
439	451
439	452
439	453
439	454
439	455
439	456
439	457
439	458
439	459
439	460
439	461
439	462
439	463
439	464
440	441
440	442
440	443
440	444
440	445
440	446
440	447
440	448
440	449
440	450
440	451
440	452
440	453
440	454
440	455
440	456
440	457
440	458
440	459
440	460
440	461
440	462
440	463
440	464
440	465
441	442
441	443
441	444
441	445
441	446
441	447
441	448
441	449
441	450
441	451
441	452
441	453
441	454
441	455
441	457
441	458
441	459
441	460
441	461
441	462
441	464
441	465
441	466
442	443
442	444
442	445
442	446
442	447
442	448
442	449
442	450
442	452
442	453
442	454
442	455
442	456
442	458
442	459
442	460
442	461
442	462
442	463
442	464
442	465
442	466
442	467
443	444
443	445
443	446
443	447
443	448
443	449
443	450
443	451
443	452
443	453
443	454
443	455
443	456
443	457
443	458
443	459
443	460
443	461
443	462
443	463
443	464
443	465
443	466
443	467
443	468
444	445
444	446
444	447
444	448
444	449
444	450
444	451
444	452
444	453
444	454
444	456
444	457
444	458
444	459
444	460
444	461
444	462
444	463
444	464
444	465
444	466
444	467
444	468
445	446
445	447
445	448
445	449
445	450
445	451
445	452
445	454
445	455
445	456
445	457
445	458
445	459
445	460
445	461
445	462
445	463
445	464
445	465
445	466
445	467
445	468
445	469
445	470
446	447
446	448
446	449
446	450
446	451
446	452
446	453
446	454
446	455
446	456
446	457
446	458
446	459
446	460
446	461
446	462
446	464
446	465
446	466
446	467
446	468
446	469
446	470
446	471
447	448
447	449
447	450
447	451
447	452
447	453
447	454
447	456
447	457
447	458
447	459
447	460
447	461
447	462
447	463
447	464
447	465
447	466
447	467
447	468
447	469
447	470
447	471
447	472
448	449
448	450
448	451
448	452
448	453
448	454
448	456
448	457
448	458
448	459
448	460
448	461
448	462
448	463
448	464
448	465
448	466
448	467
448	468
448	469
448	470
448	471
448	473
448	485
448	487
449	450
449	451
449	452
449	453
449	454
449	455
449	456
449	457
449	459
449	460
449	462
449	463
449	464
449	465
449	466
449	467
449	468
449	469
449	470
449	471
449	474
450	452
450	453
450	454
450	455
450	456
450	457
450	458
450	459
450	460
450	461
450	462
450	463
450	464
450	465
450	466
450	467
450	468
450	469
450	471
450	472
450	473
450	474
450	475
451	452
451	453
451	454
451	455
451	456
451	457
451	458
451	459
451	460
451	461
451	462
451	463
451	464
451	465
451	466
451	467
451	468
451	469
451	471
451	472
451	473
451	474
451	475
451	476
452	453
452	454
452	455
452	456
452	457
452	458
452	459
452	460
452	461
452	462
452	463
452	464
452	465
452	466
452	467
452	468
452	469
452	470
452	471
452	472
452	473
452	474
452	475
452	477
453	454
453	455
453	456
453	457
453	458
453	459
453	460
453	461
453	462
453	463
453	464
453	465
453	466
453	467
453	468
453	469
453	470
453	471
453	472
453	473
453	474
453	475
453	476
453	477
453	478
454	455
454	456
454	457
454	458
454	459
454	460
454	461
454	462
454	463
454	464
454	465
454	466
454	467
454	468
454	469
454	470
454	471
454	472
454	473
454	474
454	475
454	476
454	477
454	478
454	479
455	456
455	457
455	458
455	460
455	461
455	462
455	463
455	465
455	466
455	467
455	468
455	469
455	470
455	471
455	472
455	473
455	474
455	475
455	477
455	478
455	479
455	480
455	497
456	457
456	458
456	460
456	461
456	462
456	463
456	464
456	465
456	466
456	467
456	468
456	469
456	470
456	471
456	472
456	473
456	474
456	475
456	476
456	477
456	478
456	479
456	480
456	481
457	458
457	459
457	460
457	461
457	462
457	463
457	464
457	465
457	466
457	467
457	468
457	469
457	470
457	471
457	473
457	474
457	475
457	476
457	477
457	478
457	479
457	480
457	481
457	482
458	459
458	460
458	462
458	463
458	464
458	465
458	466
458	467
458	468
458	469
458	470
458	471
458	472
458	473
458	474
458	475
458	476
458	478
458	479
458	480
458	481
458	482
458	483
459	460
459	461
459	462
459	463
459	464
459	465
459	466
459	467
459	468
459	469
459	470
459	471
459	472
459	473
459	474
459	475
459	476
459	477
459	478
459	479
459	480
459	481
459	482
459	483
459	484
460	461
460	462
460	463
460	464
460	465
460	466
460	467
460	468
460	469
460	470
460	471
460	472
460	473
460	474
460	475
460	476
460	477
460	478
460	479
460	480
460	481
460	482
460	483
460	484
460	485
461	462
461	463
461	464
461	466
461	468
461	469
461	470
461	471
461	472
461	473
461	475
461	476
461	477
461	478
461	479
461	481
461	482
461	483
461	484
461	485
461	486
462	463
462	464
462	465
462	466
462	467
462	468
462	469
462	470
462	471
462	472
462	473
462	474
462	475
462	476
462	477
462	478
462	479
462	480
462	481
462	482
462	483
462	484
462	485
462	487
463	464
463	465
463	466
463	467
463	468
463	469
463	470
463	471
463	472
463	473
463	474
463	475
463	476
463	477
463	478
463	479
463	480
463	481
463	482
463	483
463	484
463	485
463	487
463	488
464	465
464	466
464	467
464	468
464	469
464	470
464	471
464	472
464	473
464	474
464	475
464	476
464	477
464	478
464	479
464	480
464	481
464	482
464	483
464	484
464	485
464	486
464	487
464	488
464	489
465	466
465	467
465	468
465	469
465	470
465	471
465	472
465	473
465	474
465	475
465	476
465	479
465	480
465	481
465	482
465	483
465	484
465	485
465	486
465	487
465	489
465	490
466	467
466	468
466	469
466	470
466	471
466	472
466	473
466	474
466	475
466	476
466	477
466	478
466	479
466	480
466	481
466	482
466	483
466	484
466	485
466	486
466	488
466	489
466	490
466	491
467	468
467	469
467	470
467	471
467	472
467	473
467	474
467	475
467	476
467	477
467	478
467	479
467	480
467	481
467	482
467	483
467	484
467	485
467	487
467	488
467	489
467	490
467	491
467	492
468	470
468	471
468	472
468	473
468	474
468	475
468	476
468	477
468	478
468	479
468	480
468	481
468	482
468	483
468	484
468	485
468	486
468	487
468	489
468	490
468	491
468	492
468	493
469	470
469	472
469	473
469	474
469	475
469	476
469	477
469	478
469	479
469	480
469	481
469	482
469	483
469	484
469	485
469	486
469	488
469	489
469	490
469	491
469	492
469	493
469	494
470	471
470	472
470	473
470	474
470	475
470	476
470	477
470	478
470	480
470	481
470	482
470	483
470	484
470	485
470	486
470	487
470	488
470	489
470	490
470	491
470	493
470	494
470	495
471	472
471	473
471	474
471	475
471	476
471	477
471	479
471	480
471	481
471	482
471	483
471	484
471	485
471	486
471	487
471	488
471	489
471	490
471	491
471	492
471	493
471	494
471	495
471	496
472	473
472	474
472	475
472	476
472	477
472	478
472	479
472	480
472	481
472	482
472	483
472	484
472	485
472	486
472	487
472	488
472	489
472	490
472	491
472	492
472	493
472	494
472	495
472	496
472	497
473	474
473	475
473	476
473	477
473	478
473	479
473	480
473	481
473	482
473	483
473	484
473	485
473	486
473	487
473	488
473	489
473	491
473	492
473	493
473	494
473	495
473	496
473	497
473	498
474	475
474	476
474	477
474	478
474	479
474	480
474	481
474	482
474	483
474	484
474	485
474	486
474	487
474	488
474	489
474	490
474	491
474	492
474	493
474	494
474	495
474	497
474	498
474	499
475	476
475	477
475	478
475	479
475	480
475	481
475	482
475	483
475	484
475	485
475	486
475	487
475	488
475	489
475	490
475	491
475	492
475	493
475	494
475	495
475	496
475	497
475	498
475	499
476	477
476	478
476	479
476	480
476	481
476	482
476	483
476	484
476	485
476	486
476	487
476	488
476	489
476	490
476	491
476	492
476	493
476	494
476	495
476	496
476	497
476	498
476	499
477	479
477	480
477	481
477	482
477	483
477	485
477	486
477	487
477	488
477	489
477	490
477	491
477	492
477	493
477	494
477	495
477	496
477	497
477	498
477	499
478	479
478	480
478	481
478	483
478	484
478	485
478	486
478	487
478	488
478	489
478	490
478	491
478	493
478	494
478	495
478	496
478	497
478	498
479	480
479	481
479	482
479	483
479	484
479	485
479	486
479	487
479	488
479	489
479	490
479	491
479	492
479	493
479	494
479	495
479	496
479	497
479	498
479	499
480	481
480	482
480	483
480	484
480	485
480	487
480	489
480	490
480	491
480	492
480	493
480	494
480	495
480	496
480	497
480	498
480	499
481	482
481	483
481	484
481	485
481	486
481	487
481	488
481	489
481	491
481	492
481	493
481	494
481	495
481	497
481	498
481	499
482	483
482	484
482	485
482	486
482	487
482	488
482	489
482	490
482	491
482	492
482	493
482	494
482	495
482	496
482	497
482	498
482	499
483	484
483	485
483	486
483	487
483	488
483	489
483	491
483	492
483	493
483	494
483	495
483	497
483	498
483	499
484	485
484	486
484	487
484	488
484	489
484	490
484	491
484	492
484	493
484	494
484	495
484	496
484	497
484	498
484	499
485	486
485	487
485	488
485	489
485	490
485	491
485	492
485	493
485	494
485	495
485	496
485	497
485	498
485	499
486	488
486	489
486	490
486	491
486	492
486	493
486	494
486	495
486	496
486	497
486	498
486	499
487	488
487	489
487	490
487	491
487	492
487	493
487	494
487	495
487	496
487	497
487	498
487	499
488	489
488	490
488	491
488	492
488	493
488	494
488	495
488	496
488	498
488	499
489	490
489	491
489	492
489	494
489	495
489	496
489	497
489	498
490	491
490	492
490	493
490	494
490	495
490	496
490	497
490	498
491	492
491	493
491	494
491	495
491	496
491	497
491	498
491	499
492	493
492	494
492	495
492	496
492	497
492	498
492	499
493	494
493	495
493	496
493	497
493	498
493	499
494	495
494	496
494	497
494	498
494	499
495	496
495	497
495	498
495	499
496	497
496	498
496	499
497	498
497	499
498	499
