Python type PUNGraph:
  Nodes:                    3954
  Edges:                    7810
  Zero Deg Nodes:           30
  Zero InDeg Nodes:         30
  Zero OutDeg Nodes:        30
  NonZero In-Out Deg Nodes: 3924
  Unique directed edges:    15584
  Unique undirected edges:  7810
  Self Edges:               36
  BiDir Edges:              15584
  Closed triangles:         2087
  Open triangles:           335202
  Frac. of closed triads:   0.006188
  Connected component size: 0.945625
  Strong conn. comp. size:  0.945625
  Approx. full diameter:    12
  90% effective diameter:  5.078965

Degree
[  1,  1,  1,  1,  1,  0,  5,  1,  1,  1,  1,  1,  2,  5,  1,  7,  1,  1,
   1,  1,  1,  1,  2,  1,  2,  3,  2,  1,  1,  3,  0,  2,  0,  0,  0,  2,
   1,  6,  2,  0,  2,  3,  3,  6,  1,  1,  1,  1,  1,  1,  1,  1,  6,  1,
   2,  1,  2,  1,  1,  1,  1,  1,  1,  1,  1,  1,  1,  1,  1,  1,  1,  1,
  51,  4,  1,  2, 18,  2,  1,  4, 19,  1,  6,  1,  1,  1,  2,  1,  1, 22,
   1,  1,  1,  1,  2,  5,  1,  1,  1,  1,  2,  3,  1,  1,  1,  1,  3,  1,
   1,  4,  1,  1,  1,  2,  3,  1,  1,  2,  1,  1,  1,  1,  1,  1,  1,  2,
   1,  1,  4,  1,  1,  5,  3,  1, 10,  1,  1,  1,  1,  1,  1,  2,  4,  1,
   1,  1,  1,  5,  3,  1,  3,  1,  1,  1,  1,  1,  1,  1,  0, 10,  3,  1,
   1,  2,  2,  1,  2,  1,  1,  3,  1,  2,  1,  1,  1,  2,  1,  3,  1,  1,
   1,  1,  1,  2,  1,  2,  2,  1,  6,  1,  1,  1,  2,  1,  1,  7,  1,  1,
  10,  1,  2,  2,  3,  1,  3,  1,  1,  1,  7,  5,  9, 10,  1,  4,  1, 17,
   3,  1,  1,  1,  2,  1,  2,  1,  1,  0,  3,  1,  2,  1,  1, 10,  6,  3,
   1,  1,  1,  1, 21,  1,  1,  4,  1,  2,  1,  1,  1,  1,  1,  1,  1,  1,
   2,  2,  1,  1,  2,  0,  2,  1,  1,  2,  1,  1,  1,  2,  4,  1,  2,  1,
   3,  0,  1,  1,  1,  1, 16,  2,  5,  5,  1,  0,  0,  4,  1,  2,  2,  2,
   2,  2,  3,  1,  2,  7,  0,  0,  1,  1,  1,  3,  1,  0,  1,  1,  1,  3,
   1,  1,  7,  1,  1,  3,  1,  3,  2,  5,  1,  1,  1,  1,  1,  1,  1,  1,
   1,  1,  9,  1,  1,  1,  2,  0,  1,  1,  1,  2,  1,  2,  3,  1,  1,  4,
   3,  1,  2,  1,  0,  0,  1,  1,  1,  1,  2,  3,  3,  5,  1,  1,  2,  5,
   1,  1,  1,  1,  1,  2,  2,  2,  1,  4,  1,  1,  1,  3,  2,  2,  2,  1,
   4,  3,  0,  1,  2,  4,  1,  1,  1,  1,  1,  2,  1,  1,  1,  9,  2,  1,
   0,  0,  1,  0,  2,  1,  2,  1,  3,  3,  3,  4,  4,  1,  5,  3,  1,  2,
   1,  2,  2,  1,  1,  1,  2,  2,  2,  2,  2,  2,  3,  2,  2,  3,  1,  1,
   1,  1,  1,  2,  1,  1,  1,  1,  1, 51,  2,  1,  1,  7,  2,  1,  1,  1,
   1,  1,  1,  1,  1,  2,  2,  2,  1,  3,  2,  1,  1,  1,  1,  1,  1,  1,
   2,  1,  1,  2,  3,  2,  3,  4,  1,  5,  1,  2,  2,  2,  1,  4,  2,  1,
   1,  2,  1,  1,  3,  1,  2,  5,  1,  2,  1,  1,  3,  1, 13,  3,  2,  3,
   2,  1,  9,  5,  1,  3, 12, 12, 18,  1,  3,  7,  1,  3,  3,  1,  2,  1,
   1,  1,  1, 18,  1,  1,  2,  1,  2,  1,  7,  1,  2,  5,  1,  1,  1, 11,
   1,  3, 10,  1,  2,  2, 11,  1,  8,  2,  3,  3,  2,  2,  1,  1,  1,  3,
   1,  1,  4,  1,  1,  1,  1,  4,  1,  5,  1,  1,  5,  4,  4,  8,  2,  2,
   3,  1,  5,  1,  7,  1,  1,  1,  2,  1,  2,  1,  5,  6,  1,  1,  3,  1,
   1,  1,  1,  1,  3,  1,  6,  1,  1,  4,  3,  1,  1,  1,  2,  7,  2,  1,
   2,  1,  1,  1,  8,  1,  2,  2,  2,  1,  2,  2,  1,  1,  1,  1,  2,  1,
   1,  8,  2,  6,  1,  2,  1,  1,  2,  3,  3,  4,  3,  5,  1,  2,  2,  1,
  15,  1,  4,  2,  2,  1,  1,  2,  8,  3,  1,  1,  2,  1,  3,  1,  1,  1,
   2,  4,  8,  3, 11,  9,  7,  7, 14,  4,  1,  2,  2,  1,  1,  9,  1,  2,
   2,  1,  1,  4,  9,  1,  1,  9,  1,  1,  1,  1,  2,  3,  2,  2,  1,  1,
   7,  5,  2,  1,  1,  1,  1,  1,  3,  1, 11,  2,  1,  6,  1,  1,  1,  1,
   1,  4,  2,  2,  1,  1,  4,  2,  1,  1,  1,  1,  1,  1,  2,  3,  5,  4,
   2,  1,  2,  6,  1,  6,  1,  1,  1,  4,  1,  4,  1, 11,  1,  2,  5,  1,
   1,  2,  1,  1,  2,  1,  1,  1,  2,  1,  1,  1,  1,  1,  1,105, 11,  1,
   1,  4,  1,  1,  1,  2,146, 90,  1, 80, 44,  1, 55,  4, 11,  1,  4,  2,
  15,  1,  6,162,  4,  4,  1,  2,  4,  3,  8,  5,178,  3,  1,  5,  6,  1,
   1,  4,  1,  1,  1,  3,  1,  1,  1,  1,  1,  1,  1,  1,  7,  1,  1,  1,
   2,  1, 11,  1,  1,  1,  1,  1,  1,  1,  1,  1,  1,  2,  1,  1,  1,  1,
   1,  1,  1,  1,  1,  1,  1,  1,  1,  1,  1,  1,  1,  2,  1,  1,  1,  7,
   1,  3,  1,  1,  1,  1,  1,  1,  3,  1,  1,  2,  1,  1,  1,  1,  1,  1,
   1,  1,  2,  1,  4,  3,  1,  1,  1,  1,  1,  3,  1,  1,  1,  1,  1,  1,
   3,  1,  1,  1,  1,  1,  1,  1,  3,  6,  1,  1,  1,  1,  1,  1,  1,  1,
   1,  4,  1,  1,  1,  1,  1,  1,  1,  1,  1,  1,  1,  1,  1,  1,  1,  2,
   1,  1,  2,  1,  1,  1,  1,  1,  1,  1,  1,  1,  1,  1,  1,  1,  1,  1,
   1,  1,  4,  1,  2,  1,  1,  1,  1,  3,  1,  2,  1,  2,  2,  1,  1,  1,
   1,  1,  1,  1,  2,  1,  2,  1,  1,  4,  1,  1,  1,  1,  1,  1,  1,  1,
   1,  1,  1,  1,  1,  1,  1,  1,  1,  1,  1,  1,  1,  1,  1,  1,  1,  1,
   1,  1,  1,  1,  1,  1,  1,  1,  1,  1, 16,  4,  1,  1,  6,  2,  1,  1,
   1,  1,  1,  1,  1,  1,  4,  1,  1,  1,  1,  1,  1,  1,  1,  1,  1,  1,
   5,  1,  2,  2,  1,  1,  2,  1,  1,  1,  1,  1,  1,  4,  1,  1,  1,  2,
   1,  3,  2,  1,  1,  3,  2,  5,  1,  2,  1,  1,  1,  1,  1,  1,  1,  4,
   8,  5,  1,  3,  1,  1,  1,  1,  1,  1,  1,  1,  1,  1,  7,  1, 11,  1,
   1,  1,  1,  1,  1,  1,  2,  4,  1,  1,  3,  1,  1,  1,  1,  3,  4,  1,
   1,  2,  1, 29,  1,  1,  1,  1,  1,  1,  1,  1,  1,  1,  1,  1,  1,  1,
   1,  1,  1,  2,  1,  1,  1,  1,  1,  1,  3,  1,  1,  1,  1,  1,  1,  4,
   1,  1,  1,  1,  1,  1,  1,  1,  1,  1,  1,  1,  1,  1,  1,  1, 14,  1,
   4,  4,  1,  6,  4,  7,  1,  1,  1,  1, 13,  1,  2,  2,  1,  5,  7,  1,
   1,  1, 16,  5,  1,  1,  2,  1,  1,  1,  1,  1,198,  4,  5,  3,  7,  3,
  11,  1,  1,  2,  2,  3,  2,  1,  2,  1, 11,  1,  1,  8,  1,  1,  1,  1,
   5,  1,  3,  1,  1,  1,  1,  1,  1,  2,  3, 12,  1,  3,  7,  1,  2,  2,
   1,  1,  1,  1,  3, 12,  1,  1,  3,  1,  1,  1,  3,  1,  1,  1,  1,  3,
   1,  6,  0,  1,  1,  1,  7,  1,  2,  1,  1,  1,  1,  5,  4,  2,  4,  2,
   1,  1,  1,  8,  1,  2,  1,  7,  1,  1,  1,  1,  1,  8,  1,  1,  1,  1,
   1,  3,  1,  5,  6,  1,  1,  2,  1,  2,  1,  1, 11,  1,  2,  1,  1,  1,
   2, 38,  1,  1,  6,  3,  1,  1,  8,  1,  1,  2,  1,  2,  1,  2,  2,  1,
  28,  3,  1,  4, 15,  1,  1,  1,  2,  2,  4,  1,  1,  8, 25,  2, 10,  1,
   1,  2,  1,  1,  1,  1, 22,  1,  2,  1,  5,  1,  1,  1,  5,  3,  7,  7,
   8,  1,  1,  1,  7,  1,  1,  4,  1,  3,  3,  4,  9, 10,  2,  1,  1,  1,
   1,  1,  2,  1,  1,  1, 12,  5,  2,  1,  2,  2,  1,  1,  3,  2,  1,  3,
   2,  1,  1,  1,  2,  1,  1,  1,  1,  1,  1,  1,  1,  1,  1,  1,  1,  2,
  15,  1,  1,  1,  4,  2,  4,  1,  8,  2,  2,  4,  1,  1,  1,  7,  1,  1,
   1,  3,  1,  1,  5,  2,  3,  1,  3,  1,  3,  2,  2,  1,  2,  1,  2,  1,
   1,  1,  1,  1,  1,  1,  3,  1,  1,  1,  1,  1,  1,  1,  1,  1,  2,  1,
   1,  1,  1,  1,  1,  1,  1,  1,  1,  1,  7, 10,  2,  4,  2,  1,  1,  1,
   1,  1,  1,  4,  1,  1,  4,  1,  3,  1, 10,  1,  1,  1,  5,  1,  2,  2,
   1,  2,  2,  1, 10,  1,  3,  1,  1,  1,  2,  1,  9,  1,  1,  9,  2,  1,
   1,  3,  1,  1,  1,  1, 14,  1,  1,  2,  1,  3,  7,  1,  1, 20,  1,  5,
   1,  1,  4,  2,  1,  3,  1, 11,  1,  3,  4,  1,  1,  3,  2,  3,  1,  3,
   2,  1,  1,  1,  1,  1,  1,  9, 10,  2,  1,  2,  1,  2,  1,  7,  1,  1,
   1,  6,  4,  2,  1,  2,  1,  1,  2,  2,  4,  1,  2,  1,  1,  2,  1,  1,
   1,  1,  1,  1,  1,  1, 14,  1,  3,  2,  1,  1,  1, 16,  3,  1,  1,  1,
   1,  1,  1, 28,  1,  1,  1,  1,  1,  1,  2,  2,  1,  3,  2,  3,  6,  1,
   1,  1,  1,  1,  8,  1,  1,  1,  1,  1,  1,  1,  1,  2,  1,  1,  3,  1,
   1,  3,  1,  1,  2,  1,  5,  1,  2,  1,  1,  1,  1,181,  1,  1,  1,  1,
   1,  1,  2,  1,  1,  1,  1,  1,  1,  1, 11,  2,  2,  1,  1,  2,  1,  1,
   1,  1,  2,  1,  1,  1,  1,  1,  1,  1,  1,  2,  1,  1,  1,  1,  1,  1,
   1,  1,  1,  1,  1,  1,  1,  2,  1,  1,  9,  8,  2,  2,  2,  1,  2,  1,
   1,  3,  3,  1,  1,  1, 24,  5,  1,  1, 10,  2,  1,  1,  4,  1,  1,  7,
   1,  1,  1,  4,  1,  1,  1,  1,  5,  1,  4,  1,  1,  1,  1,  4,  1,  2,
   1,  1,  1, 23,  1,  2,  1,  1,  1,  1,  1,  2,  1,  4,  6,  1,  1,  1,
   1,  1,  1,  1,  1,  1,  1,  3, 10,  2,  2,  2,  1,  1,  1,  1,  2,  1,
  23,  1,  1,  5,  1,  1,  1,  1,  4,  4,  1,  3,  1,  1,  6,  2,  3,  3,
   6,  1,  2,  1,  8,  5,  1,  3,  2,  4,  1,  1,  5,  1,  1,  2,  2,  1,
   2,  2,  1,  1,  2,  1,  3,  2,  1,  1,  1,  2,  1,  2,  2,  2,  3,  2,
   1,  3,  1,  1,  1,  2,  1,  1,  1,  2,  1,  2,  1,  2,  2,  1,  1,  1,
   3,  2,  3,  2,  8,  2,  2,  1,  1,  2,  5,  1,  1,  1,  1,  2,106,  1,
   1,  2,  2,  3, 10,  6,  1,  1,  4,  1,  1,  1,  3,  1,  1,  2,  1,  1,
   1,  2,  1,  1,  1,  1,  1,  1,  1,  1,  2,  1,  5,  1,  1,  1,  2,  2,
   1,  1,  2,  6,  1,  4, 11,  2,  1,  1,  1,  3,  1, 12,  2,  1,  1,  1,
   2,  9,  1,  0,  1,  2,  1,  1,  1,  2,  3,  1,  1,  1,  1,  2,  1,  1,
   1,  1,  3,  1,  4,  2,  1,  5,  1,  1,  1,  1,  1,  1,  2,  1,  2,  1,
   1,  1, 19,  5,  2,  1,  1,  2,  1, 18,  4,  1,  2,  3,  1,  3,  1,  1,
   1,  1,  1,  1,  3,  1,  1,  1,  1,  1,  1,  2,  2,  3,  3,  1,  1,  1,
   1,  4,  1, 87,  5,  2,  1,  2,  1,  3,  8,  1,  1,  3,  3,  9,  1,  1,
   1,  1,  1, 17,  2,  1,  1,  2,  6,  1,  4,  1,  2,  1,  8,  1,  3,  1,
   1,  1,  1,  1,  3,  1,  1,  1,  4, 11,  1,  1, 13,  2,  1, 14,  1,  1,
   1,  3,  1,  1,  1,  1, 11,  2,  1,  3,  1,  1,  2,  1,  1,  1,  1,  2,
   1,  1,  1,  1,  1, 10,  2, 33,  1,  2,  6,  1,  2,  1,  1, 11,  5, 18,
  20,  1,  0,  5,  2,  4,  2,  1,  4,  2,  4,  5,  1,  1,  1,  2, 46,  4,
   2,  2,  1, 15,  1,  2,  2,  1,  2,  2,  1,  1,  2,  1,  2,  1,  1,  1,
   1,  5,  3, 17,  3,  2,  1,  4,  8,  2,  3, 13,  1,  5,  6,  9,  2, 14,
   3,  2,  1,  2,  9,  1,  1,  1,  1,  3,  1,  3,  2,  1,  3,  1,  1,  3,
   4,  1,  1,  5,  3,  1,  1,  1,  3,  2,  3,  2,  6,  4,  1,  2,  3,  1,
   1,  1,  1,  3,  4,  1,  2,  2,  1,  1,  1,  3,  2,  1,  2,  1,  1,  8,
   1,  1,  4,  1,  1,  2,  1,  1,  1,  1,  1,  2,  3,  2,  9,  1,  1,  1,
   7,  1,  1,  1,  1,  1,  1,  1,  4,  1,  1,  2,  1,  1,  1,  1,  1,  1,
   2,  8,  1,  1,  2,  1,  2,  4,  1,  1,  2,  2,  1,  1,  2,  2,  2,  9,
   1,  1,  1,  1,  1,  1,  1,  2,  6,  1,  1,  1,  1,  1,  1,  6,  1,  2,
   1,  2,  1,  1,  3,  4,  1,  1,  1,  1,  3,  1,  1,  1,  2,  2, 12,  1,
   8,  1,  1,  2,  4,  1,  4,  1,  2,  1,  4, 23,  1,  2,  2,  1,  1,  6,
   2,  1,  2,  5,  2,  1,  1,  2, 13,  1, 16,  1,  6,  1,  1,  2,  3,  2,
   1,  4,  1,  1,  4,  1,  2,  4,  1,  5,  1,  1,  1,  1,  1,  1,  1,  1,
   2,  1,  1,  1, 26,  2,  6,  1,  1,  2,  1,  2,  1,  3,  1,  4,  1,  1,
   1,  6,  1,  1,  1,  1,  1,  1,  1,  1,  1,  3,  1,  1,  1,  1,  1,  1,
   1, 33,  3,  1,  2,  9,  1,  1, 66,  3,  4,  8,  5,  6,  4,  1,  1,  2,
   1,  3,  1,  5,  1,  1, 23,  4,  1,  1,  1,  4,  6, 16,  2,  1,  1,  7,
   1,  2,  1,  4,  1,  1,  7,  1,  1,  1,  3,  1,  1,  3,  2,  6,  2,  1,
   1,  1,  2,  5,  2,  1,  7, 12,  4,  3,  3,  1,  2,  1,  2,  9, 14,  3,
   1,  5,  5,  1,  1,  4,  4,  1,  2,  3,  2,  1,  1,  4,  1,  1,  2,  3,
  11, 10,  1,  1,  1,  4,  6,  1,  1,  1,  2,  2,  1,  1,  1, 15,  1,  5,
   1,  1,  1,  1,  3,  2,  2,  1,  9,  2,  1,  1,  4,  1,  1,  1,  2,  1,
   1,  2, 10,  1,  1,  1,  1,  4,  1,  2,  1,  2,  1,  1,  1,  5,  1,  1,
  35,  1,  5,  3,  2,  1,  2,  3,  1,  1, 28,  1,  1,  1,  5,  9,  3,  1,
   6,  1,  3,  1,  1,  3,  1,  1,  1,  3,  1,  1,  4,  1,  1,  1,  9,  1,
   1,  1,  3, 11,  7,  1,  2,  1,  1,  6,  1,  1,  1,  4,  2,  1,  5,  1,
   1,  1,  3,  1,  2,  2,  1,  2,  1,  2,  4, 15,  1, 27,  1,  2,  7,  1,
   4, 10, 29,  9, 10,  1,  2, 11,  6, 10,  5,  5,  2,  8,  1,  3,  5,  1,
   7,  3,  1,  5,  5,  2,  3,  7,  1,  1,  6,  1,  1,  1, 14, 10,  1,  7,
   2, 12,  2,  1,  6,  5,  2,  2,  2,  2,  2,  1,  1,  2,  6,  5,  2,  2,
   1,  1,  5,  8,  2,  4,  1,  3,  2,  3,  1,  1,  2,  2,  1,  2,  1,  2,
   4,  1,  1,  5,  3,  2,  2,  2,  1,  1,  1,  3,  1,  1,  1,  8,  1,  1,
   1,  7,  4,  1,  1,  4,520,  1, 10,  6,  3, 29,  2,  1,  1,  3, 30,  1,
   1,  1,  1,  4,  3,  2,  1,  1,  1,  1,  1,  2,  3,  5,  1,  4,  2,  4,
   2,  1, 13,  2,  1,  9,  2,  2,  1,  1,  4,  1,  1,  2,  1,  1,  3,  1,
   4,  2,  1,  5,  1,  6,  8,  2, 67,  4,  1,  1,  3,  1,  4,  1,  2,  1,
  13,  2,  1,  1,  3,  3,  5,  8,  5,  1,  4,  8,  1,  1,  1,  3,  1,  1,
   1,  8,  2,  1,  1,  3, 31,  1,  3, 16,  1,  9,  1,  5,  2,  7,  2,  1,
   5,  9,  1,  1,  1,  6,  2,  1,  2,  2, 29,  1,  1,  3,  3, 11,  2,  1,
   3,  7,  2,  1,  8,  7,  7, 10,  7,  9,  1,  1,  3,  3, 10,  5,  3,  5,
   1,  1,  3,  2,  1,  1,  2,  1,  1,  1,  2,  1,  2,  5,  2,  1,  2,  1,
   9,  2,  1, 11, 12,  1,  1,  2,  4,  1,  2,  1,  2,  3,  2,  3,  2,  9,
   1,  1,  1, 15,  1,  4,  1,  1,  2,  1,  2,  1,  1,  3,  1,  1,  1,  5,
   3,  1,  1,  4,  1, 16,  8,  1, 10,  5,  3,  5,  1,  3,  2,  1, 13,  1,
   6,  2,  1,  1,  3,  1,  4,  6,  4,  1, 10,  3,  6,  8,  2,  2, 22, 49,
   3,  2,  8,  1,  2,  2,  1,  1,  1,  3,  5, 85,  5,  1,  5,  2,  1, 12,
   1,  5,  4,  1,  2,  1,  1,  2,  3,  1,  5,  3,  1,  1,  1, 11,  1,  2,
   1,  1,  2,  1,  2,  1,  6,  7,  2,  2,  1, 23,  1,  4,  2,  1,  1,  2,
   3,  3,  1,  5,  7,  2,  3,  1,  2,  1,  3,  1,  1,  3,  1,  3,  1,  4,
   2,  1,  2,  3,  1, 25,  2,  4,  1,  5,  3,  3, 12,  1,  3,  1, 15,  1,
   1,  3, 17, 30,  9,  2,  1,  2,  1,  1,  1,  1,  1,  1,  3,  9,  8,  1,
   3,  2,  2, 13,  0, 20,  4,  3,  4,  1, 19,  1,  1,  1,  1,  7,  1,  1,
   2,  1,  2,  8,  1,  7,  8,  1,  4,  2,  1,  5,  2,  2,  2,  2,  1,  3,
   1,  2,  1,  3,  1,  3,  2,  1,  2,  2,  4,  6,  2, 64,  1,  2,  2,  1,
   1,  1,  1,  1,  2,  1,  3,  1,  1,  2,  1,  2,  1,  1,  1,  1,  1,  2,
   2, 14,  1,  1,  1,  1,  1,  1,  1,  1,  2,  7,  1,  1,  2, 11,  4,  4,
   1,  5,  1,  1,  7,  6,  3, 13,  1,  2,  4,  2,  5,  6,  2, 14,  9,  7,
   1,  7,  2,  1,  2,  5,  4,  3, 10,  5, 16,  2,  7,  1,  3,  2,  1,  1,
   2,  1, 20,  1,  1,  2, 17,  1,  5,  2,  1,  4,  2,  3,  2,  2,  1,  4,
   7,  1,  1,  1,  1,  1,  3,  5,  1,  5,  1, 23,  1,  3,  3,  1,  2,  4,
   2,  1,  4, 11,  1,  6, 25,  2,  8,  1,  6,  2,  1,  4,  7,  1,  2,  2,
   1,  1,  1,  4,  3,  2,  1,  3,  2,  3,  1,  1,  2,  1,  3,  3, 11,  2,
   1,  8, 12,  4,  2,  3,  1, 74,  1,  1,  2,  2,  1,  4,  1,  1,  2,  2,
   2,  1,  2,  1,  1, 19,  2,  3, 12,  3,  1,  3, 36,  8,  2, 19,  4,  2,
   6,  1,  1,  6,  1,  1,  8,  1,  1,  3,  3,  1, 12,  1,  1,  1,  1,  0,
   2,  1,  1,  1,  2,  7,  5,  1,  2,  1, 10,  2,  1, 12,  3,  1,  1,  1,
   1,  2,  1,  1,  4,  1,  1, 10, 12,  1,  2,  2,  1,  2,  2, 10,  1,  6,
   6,  5,  3,  6,  8, 12,  3,  1, 18,  1,  4,  5,  3,  4,  1, 11, 14,  1,
   6,  1,  2,  5, 10,  1,  4, 10, 12,  1,  2,  1,  2, 11,  2,  1,  4,  3,
   1,  2,  3,  4,  1,  3,  3,  1,  1,  2,  1,  1,  1,  3,  1,  2,  1,  2,
   4,  1,  1,  2,  1,  0,  3,  2,  3,  9,  2,  2,  3,  5,  2,  2,  1,  7,
  82, 13,  7,  1,  5,  7, 91, 11,  8,  5,  5, 11, 40,  1,  3,  4, 15,  1,
  23,  1,  2,  2,  6,  2,  4,  5, 11,  1, 14,  4,  1,  3,  1,  1,  5,  1,
   1,  2, 13,  7,  8,  2,  2,  1,  0,  7,  7,  2,  5,  2,  5,  1,  3,  1,
   1,  2,  2,  8,  6,  6, 40,  2,  6,  5,  1,  9,  2,  7,  9,  8,  2,  2,
   1, 11,  4,  2,  2,  1,  3, 12,  7, 12, 10,  3,  3, 88, 11, 11,  3,  3,
   1,  2,  1,  1,  3,  3,  5, 14, 28,  1,  1,  1,  2,  6,  2,  1,  1,  4,
   1,  2,  1,  2,  1,  8,  4, 14,  6, 19,  3,  1,  1,  1,  2,  4,  1,  8,
   2,  1,  2,  1,  3,  1,  1, 14,  7,  3,  1, 14,  3,  2,  7, 63,  3,  3,
  13, 12,  4,  3,  1,  1,  1,  4,112, 11,  3,  4,  7,  1,  2, 13,  1,  2,
   1,  1,  1,  8,  1,  8,  6,  4,  1,  1,  1,  1,  7,  3,  7,  3,  1, 10,
   1,  7, 13, 14,  1, 15,  1,  4, 18,  7,  1,  2,  1,  3,  4,  8,  4,  4,
  18,  1,  1,  6,  2, 27,  2, 13, 21,  1,  1, 17, 11,  5,  2,  3,  1,  2,
   2,  1,  8,  1,  3,  8,  2, 12,  7,  6,  2,  1,  2,  2,  1,  1, 15,  7,
   2,  1,  1,  4,  1, 14,  3,  1,  3,  4,  8,  6,  1,  1,  4, 23,  1,  1,
   5, 24,  3,  3,  1,  6, 12, 23,  2,  7,  3,  7, 12,  2, 34,  5,  3,  1,
   2,  7,  3,  6,  1,  3,  6, 14,  2,  3, 16,  6,  1,  4,  6,  8,  1,  2,
   4,  1,  2,  7, 10,  3,  3,  4,  1,  2,  6,  2,  1,  1, 25,  3,  1,  3,
  11,  5,  3, 12,  7, 17, 31,  1,  2,  1,  5,  5,  3,  7,  2,  4,  1, 97,
   1,  1,  2,  2, 34,  2,  1,  5,  3,  4,  2,  1,  2,  1,  1,  2,  2,  7,
   2,  1,  1,  8,  6,  3,  9, 11, 44, 19,  1, 21,  7,  2,  4,  1, 11,  3,
  17,  2,  1,  3,  6, 14,  4,  9,  9,  3, 12,  3,  7,  1,  5, 28,  7,  2,
   6, 24,  2,  3,  1,  1, 17,  1,  4,  1,  1,  1,  1,  1,  5,  1,  1,  1,
   1,  5,  4,  1,  1,  1, 20,  1,  1,  2,  9,  1,  4,  1,  1,  3,  1,  1,
   5,  9,  1,  1,  3,  7,  4,  8,  1,  4,  1, 17,  4,  1, 19,  1,  2, 30,
   1,  1,  1, 12,  3,  9,  1,  5,  1,  2, 64,  4,  1,  9, 11, 17,  4,  2,
   8,  4,  5,  7,  1,  9,  4,  1,  5, 10,  4,  1,  1,  8,  3, 16,  5,  1,
   3,  2,  2,  1,  1, 38,  4, 22, 15,  2,  1,  1,  8,  1,  1,  1,  1,  3,
   7,  2,  1,  6,  5,  3, 12,  3,  3,  1,  1,  1,  1,  6,  3, 21,  0,  2,
   2, 35,  1,  2, 49, 17,  6, 13,  1,  2, 33,  7, 18,  1,  2, 14, 10,  7,
   3, 22,  6,  1,  2,  8,  1,  1,  3,  4,  1,  9, 12,  1,  1,  2,  1, 13,
   3,  2, 12, 39, 49, 68,  8,  2,  4,130,  4,  2]