Python type PUNGraph:
  Nodes:                    5176
  Edges:                    22624
  Zero Deg Nodes:           10
  Zero InDeg Nodes:         10
  Zero OutDeg Nodes:        10
  NonZero In-Out Deg Nodes: 5166
  Unique directed edges:    45248
  Unique undirected edges:  22624
  Self Edges:               0
  BiDir Edges:              45248
  Closed triangles:         15571
  Open triangles:           753705
  Frac. of closed triads:   0.020241
  Connected component size: 0.986476
  Strong conn. comp. size:  0.986476
  Approx. full diameter:    9
  90% effective diameter:  4.755622

Degree
[  2,  1,  5,  7,  1,  1,  3,  1,  1,  1,  0,  2,  1,  1,  0,  2,  1,  1,
   1,  1,  1,  1,  1,  2,  2,  1,  5,  6,  1,  1,  0,  1,  1,  6,  2,  1,
   1,  1,  1,  1,  1,  1,  1,  1,  1,  1,  1,  1,  1,  1,  1,  1,  1,  1,
   2,  2,  1,  3,  1,  1,  1,  1,  1,  1,  1,  2,  1,  1,  1,  1,  4,  1,
   1,  1,  1,  3, 13,  2,  4,  2,  1,  1,  1,  2,  1,  3,  2,  1,  1,  1,
   1,  1,  1,  1,  1,  1,  1,  1,  1,  1,  1,  1,  1,  1,  1,  1,  1,  1,
   1,  1,  1,  2,  0,  1,  1,  1,  1,  3,  5,  6,  2,  1,  3,  9,  1,  5,
   1,  1,  1,  1,  1,  1,  1,  1,  9,  2,  4,  3,  1,  1, 50, 93,  1,  1,
   1,156,  2,  1,  2,  1,  1,  1,  4,  1,  6,  1,  1,  1,  1,  1,  0,  0,
   1,  3,  2,  2,  3,  0,  2,  3,  2,  1,  1,  1,  1, 24,  4,  1,  1, 49,
   1,  1,  1,  1,  1,  1,  1,  1,  1,  1,  1,  1,  1,  1,  1,  2,  1,  4,
   2,  1,  4,  1,  1,  1,  1,  2,  2,  1,  1,  1,  2,  1,  1,  1,  2, 11,
   3,  3,  1,  2,  1,  2,  1,  1,  2,  4,  3,  1,  1,  2,  4,  0,  1,  1,
   1,  1,  1,  1,  2,  1,  1,  1,  1,  1,  2,  2,  1,  1, 14,  2,  2,  3,
   2,  2,  1,  1,  2,  1,  2,  1,  3,  1,  1,  4,  3,  2,  1,  6,  2,  1,
   1,  2,  1,  2,  2,  1,  7,  2,  2,  4,  1,  1,  3,  1,  3,  1,  1,  1,
   2,  4,  1,  1,  2,  3,  3,  4,  8,  2,  9,  1, 38, 22,  3,  2, 10,  8,
   2,  8,  2,  2,  6,  4,  3,  3, 37,  2,  3,  2,  1,  2, 26,  2,  2, 12,
   1,  1, 14,  8,  1,  4,  2,  3,  5,  1,  7,  1,  1,  2,  6,  6,  2,  3,
   1,  3,  2,  7,  2, 27,  4, 19, 51, 13,  1,  1,  3, 20,  8,  2, 41, 31,
  16,  2,  4, 23, 18, 36, 34,  3, 32,  2,  2,  2,  1,  3,  2,  2,  3,  1,
   3,  1,  1, 22,  3,  6, 42, 40,  2,  1,  1,  1,  1,  1,  4, 17,  2, 13,
   8,101,  1,  1,  1,  2,  2, 58,  1,  1,  1, 11,  6, 15,  2,  2, 52,  3,
   8,  6,  2,  5,  1,  1,  1,  1,  1,  5,  1,  2,  1,  3,  4,  1,  2,  1,
   1,  1,  1,  1,  1,  1,  1,  2,  6,  1,  1,  8,  2,  2,  2,  4,  1,  1,
   1, 13,  2,169,  1,  1,  3,  3, 38,  3,  6,  2,  2,  2,  1,  3,  1,  2,
   2,  4,  1,  1,  6,  1,  1,  1,  1,  1, 17,  6,  1,  1, 22,  1,  1,  2,
   2,  1,  4,  1,  1,  7,  5,  1,  1,  1,  1,  1,  1,  3,  2,  1,  1,  2,
   1,  6,  1,  2,  7,  2,  2,  3,  3,  6,  1,  1,  2, 28,  2,  7,  3,  4,
   3,  2,  4, 33,  1,  5,  1,  1,  4, 11,  1,  2, 14,  2,  1,  2,  3,  6,
   1,  2, 12,  1,  1,  1,  5,  1,  2,  1, 17,  2,  1,  3,  1,  1,  1,  1,
   1,  1,  1,  2,  4,  2,  2,  2,  4,  2,  4,  3,  2,  3,  2,  3,  2,  1,
   6,  7, 41,  5,  5,  1,  3,  9,  6,  1,  7, 32,  1, 28,  1,  1,  2,  1,
  17,  1,  5,  4,  3,  8, 28,  1, 16,  1,  2, 14,  1,  6,  6,  3,  2,  1,
  11,  8,  1,  1,  4,  1,  1, 23,  4, 64,  2, 14,  5,  1, 10,  1,  6, 12,
  90, 18,  3, 19,  2,  4,  1,  3, 33,  9,  4, 16,  5,  3,  8,  1,  1,  8,
   2,  1,  2,  6, 13,  3,  7,  1,  2, 13,  9,  3, 20,  4,  2,  2, 11,  2,
  19,  1,  1,  1,  6,  2,  1, 22,  9, 20,  1,  1,  3,  1,  1,  1,  3,  2,
   2, 11,  3,  1,  2,  5,  3,  1,  1,  7, 23,  1,  2,  5, 12,  9,  1,  2,
   7, 11,  1,  5,  1,  2,  1,  2,  2,  7,  2,  1,  2,  1,  5,  2, 13, 16,
   1,  1,  3,  2,  7, 35, 18,  7,  3,  2,  1, 21,  1,  2,  1,  4,  3,  1,
   2, 10,  1,  2,  2,  4,  3,  1,  2,  5,  8,  1,  2,  1,  1, 12, 14, 12,
   1,  1,  4,  1, 11,  1,  7, 11, 40,  4,  1,  1,  2,  1,  2,  1,  2,  1,
   1,  5,  2,  4,  3, 37,  2,  4,  8,  9,  1,  1,  3,  2,  2,  2,  2,  1,
  14,  3, 11, 13,  2,  3,  1,  5,  2, 10,  1,  2,  1,  3,  5, 13,  2,  8,
   2, 16,  2, 10,  3,  1,  7,  1,  2,  2,  9,  4,  7,  1,  5,  5,  1,  4,
   1,  8,  1, 24,  1, 22,  2, 11,  1, 20,  1,  1,  1,  2, 20, 11,  2,  9,
   4, 10,  7,  4,  2, 10, 11,  1,  6, 15,  6,  1,  1,  2,  5,  3, 17,  4,
   1,  1,  5,  5,  6,  3,  5,  2,  4,  4,  8,  2,  1,  5, 14, 26,  5,  6,
   1, 15,  3,  1,  2, 10,  2,  1, 23,  6,  4,  1,  2,  4,  4, 15,  2, 18,
   3,  6,  1,  2,  3, 45,  7, 17,  8,  5,  7,  1,  5,  4, 20, 11,  5, 12,
  28,  5, 15, 13, 39, 18, 26, 10,  6,  3,  1,  1,112,  6,  9,  6, 18,  4,
  12,  3,  3, 12, 37,  4, 24,  6, 15,  1,  1,  1, 21, 10,  3,  4,  9, 17,
  28,  1, 15, 26, 10, 44,  8,  2,  2, 58,  3, 16, 20,  3, 12,  1,  1,  2,
   1,  1,  7,  5,  1,  8, 29, 28, 10,  2,  5, 25,  5, 25,  7, 13, 13, 33,
  43,  2, 15,  4,  2,  2,  1,  5, 20,  1,  7,  2,  5, 14,  1,  1,  2,  9,
   8, 19,  1,  1, 89, 10,  2,  4, 19, 24,  6,  1,  6,  7,  7,  1,  4,  3,
   4,  2, 33,  7,  1,  3,  2, 13, 31,  2,  2,  1,  5, 23, 19, 12,  6, 13,
   6,  5,  3,  4,  3,  5, 13,  2,  9, 39,  4,  1,  6, 21, 21,  8,  8,  4,
  12,  2, 16, 77,  5,  7,  3,  7,  2, 12,  7,  5,  1,  3,  5,  3, 12,  5,
  15, 16, 11, 26,  5,  4, 43,  2,  3, 25,  4,  3,  5,  1, 80, 23,  3,  2,
   6,  6,  1,  6,  9,  1,  2,  2,  1,  1,  1,  1,  1,  1,  1,  1,  3,  2,
   2,  1,  1,  5,  1,  1, 42,  1,  2,  2, 18,  2,  1,  3,  2, 15,  6, 17,
   1,  1, 21, 16, 13, 24,  3,  1,  1,  1,  3,  1,  1,  1,  1,  2,  9,  2,
  12,  4,  1,  1,  1,  1,  1,  2,  2,  1,  1, 10,  1,  5,  1,  1,  1,  8,
  30,  2,  1,  2,  1,  1,  3,  2,  4,  2,  2, 24,  4,  1,  2,  3,  1,  7,
   1,  2,  8,  1,  1,  5, 41,  1, 25,  2,  8, 21,  1, 30,  3,  1,  1,  1,
   1,  1,  1,  2,  1,  1,  4,  2,  9,  1,  1,  1,  1,  7,  1,  1,  7,  1,
   1,  1, 14,  1,  3,  1,  2,  2,  3,  1,  1, 16,  1,  6,  7,  5, 20,  1,
   3,  1,  2,  1,  1,  1,  1,  1,  1,  2,  1,  8,  1,  1,  1,  2,  5,  2,
   3,  5,  3,  1,  2,  1,  3,  2,  1,  1,  3,  1,  1,  2,  1, 13,  1,  3,
  38, 12, 15, 38,  3,  7,  9,  1,  2,  1,  2,  1,  1,  7,  1,  2,  1,  6,
   1, 18,  7,  6,  1,  5,  1,  1,  2,  1,  3,  1,  1,  1, 67,  1,  1,  4,
   2,  1,  2,  1,  3,  1,  2,  2,  4,  1, 17,  5,  5,  4,  4,  8, 10,  2,
   1,  1,  1,  4,  1,  1,  9,  3, 10,  1,  1,  4,  1,  1,  1,  3, 18,  3,
   3,  4,  1,  1,  5,  2,  1,  2,  4,  1,  1,  1,  3,  9,  2,  1,  1,  1,
  10, 28,  3,  3,  1,  1,  2,  1,  3,  3,  5,  9,  1,  1,  1,  1,  1, 96,
   1,  3,  1,  1,  1,  1,  2,  2,  1,  1,  2,  1,  2,  1,  1,  9,  3,  3,
   2, 34,  4,  2,  1,  6,  1,  1,  1,  1,  2, 13,  4,  1,  5,  1,  1,  1,
   2,  1,  1,  1,  2,  4,  4,  3,  5,  2,  6,  1,  2,  4,  1,  2,  1,  1,
   1,  2,  2,  2,  1,  1,  5, 16,  3,  1,  3,  1,  1,  1,  5,  1, 49,  1,
   1, 48, 11,  2,  1,  1,  1,  2,  1,  1,  1,  2,  4,  1, 12,  5,  1,  1,
  15,  9,  8,  1,  1,  8,  3,  1,  1,  1, 19,  1, 31,  9,  5,  2,  2,  1,
  59,  6,  2,  2,  8,  3,  4,  1,  3,  7,  1,  2,  2,  3,  2, 19,  6,  3,
   1,  1,  1,  1,  1,  2, 18,  1,  2,  1, 36,  1,  2,  2,  3,  1,  1,  1,
  51,  8,  3,  1,  1,  6,  2,  1,  2,  2,  1,  7, 10,  2,  6,  1,  1,  3,
   6,  7,  1,  3,  1,  6,  1,  5, 16,  2, 18, 12,  3,  1,  2, 22,  4,  5,
   1, 14,  2,  1,  1,  1,  8, 23,  3,  2,  1,  2,  1,  1,  1,  1, 25,  1,
   2,  1,  1,  1,  4,  1,  2,  1,  1,  3, 37,  6,  6,  1,  1,  1,  1, 11,
   5,  2, 94,  4,  3,  8,  2,  2,  1,  2,  2,  1,  2, 22,  1,  2,  2,  1,
   6,  1,  2,  3,  9,  2,  4,  1,  1,  2,  3,  1,  2,  2, 12,  3,  3,  1,
   1, 17,  1, 16,  1,  1,  1,  2,  3,  1, 72,  2,  5,  4, 29,  4,  2,  2,
   1,  2,  1,  4,  5, 17,  1,  3,  2, 22, 40,  9,  1,  2, 13,  2,  4,  1,
   2,  1,  4,  1,  3,  1,  5,  1,  7, 19,  2,  1,  1,  1,  1,  9, 24,  2,
   1,  1,  1,  7,  5,  5,  2,  1,  8,  1,  1,  4,  8,  2,  3,  1, 10,  3,
   1, 27, 46,  1,  1,  1,  3,  4,  1,  2,  4,  1,  4,  1,  1,  3,  1,  5,
   1,  1,  1,  1,  1,  1,  3,  3,  6,  2,  1,  6,  2,  1,  2,  2, 28,  2,
   4,  5,  4,  4,  8,  5,  2,  1,  4,  5,  1,  1,  2,  2,  1,  1,  1,  1,
   1,  2,  6,  1,  5, 63,  3,  2, 33,  1,  1,  1,  2,  2,  1,  1,  3,  2,
  12,  5,  1,  2,  3,  3, 12,  2,  2, 15,  1,  3,  6,  1,  2,  1,  3,  3,
  13,  1,  4,  2,  2,  1,  3,  1,  2,  5,  3,  1,  1, 35,  3,  3,  4,  2,
   5, 11,  7,  1,  4,  9,  6,  1,  1,  1,  1,  2,  2,  3,  3,  1,  3, 15,
  19,  3,  1,  1,  1,  3,  6,  1,  2,  4,  1,  3,  8,  2,  9,  1,  2,  3,
   2,  2,  7,  1,  4,  1,  4,  1,  3,  1,  2,  2,  5,  2,  4,  1,  1, 10,
   2,  1,  1,  2,  2,  2,  4,  2,  1,  1,  2,  2,  7,  8,  1,  4,  2,  8,
   9,  3,  1,  1,  3,  7,  1,  2,  4,  5,  3,  1, 15,  4, 60,  5,  3,  1,
   2,  2,  2,  2, 26,  5, 22,  1,  3,  4,  2,  1,  1,  1, 27, 11, 31,  1,
  16,  8,  2, 45,  1,  4,109,  2,  1,  1,  2,  1,  1,  1,  9,  3,  1,  1,
   4,  2,  4,  2, 46,  4,  2,  2, 14,  4,  1,  1,  5,  1,  1,  1, 16,  4,
   7,  2,  1,  6,  3,  1,  2,  2,  3,  3,  7,  1,  2,  1, 14,  4,  2,  8,
   8,  1,  9, 23,  3,  1,  1,  8,  2,  1,  3,  4,  1,  3,  3,  1,  3,  4,
   9,  3,  3,  4,  3, 16,  1, 29,  3,  2,  4,  4, 10,  5,  6,  1,  3,  4,
   4,  1,  4,  5,  1,  2, 36,  2,  2,  1,  1,  5, 28,  2,  2, 22,  5,  1,
   1,  2,  3,  3, 57, 13,  9,  3,  6, 10,  1, 14, 20,  2,  1,  1,  2,  1,
   2,  1,  1,  3,  3, 35,  1,  1,  2,  5,  3,  3, 43, 22,  5,  1,  3,  1,
   8,  5,  2,  3,  1,  4, 12, 28,  4,  1,  1,  2,  9,  4,  2,  5,  3,  1,
   3,  1,  1,  1, 18,  3,  1,  1,  2,  3,  2,  1,  1,  2,  1,  7,  3,  5,
   2,  2,  1,  1,  1, 35,  1,  4,  2,  1,  2,  1, 30,  1,  1,  1,  1,  2,
   2,  6,  2,  3,  2,  1, 12,  1,  1,  4,  5, 13,  1,  1,  1, 12,  2,  3,
   4,  1,  2,  1, 10,  1, 41,  8, 21,  1,  2,  1,  3,  1,  2,  1,  1,  1,
   5,  1, 24,  3,  1,  1,  4,  2,  2,  2,  3, 13,  2,  1, 12,  2,  1, 10,
   1,  2,  1,  1,  2,  1,  2,  1,  2,  1,  1,  2,  2,  7,  1,  1,  3,  2,
   1,  2,  2,  7,  1,  4,  7,  1,  5, 22, 15,  4,  3, 23,  6,  1,  2,  2,
  11,  2,  8,  1,  4,  2,  2, 28,  2, 17,  2,  1,  5,  2,  1,  7,  1,  3,
   2,  2,  2,  2,  2,  1,  1, 13,  1,  2,  3,  2,  1,  1,  5, 10, 15,  1,
   5,  4,  1,  1,  3, 30,  1,  6,  1,  5,  1,  8,  3, 39,  3,  1,  1,  5,
   1, 60,  2, 18,  6,  1,  2,  3,  3,  2,  2,  1,  3, 21,  3,  2,  1,  3,
   1,  7,  2,  3, 23,  3, 23,  1,  3,  1, 25,  8, 17,  2, 10,  5,  3,  3,
   1,  1,  4,  1,  1,  2,  2,  2,  1,  1,  1,  9,  1,  2,  2,  1,  7,  3,
   4,  4,  1,  1,  3,  5,  1,  2,  1,  3,  2,  3,  3,  1,  1,  4,  1,  2,
   8,  1,  5,  3,  5, 17,  2,  2,  3,  1,  2,  2,  3,  4, 10,  4,  3,  4,
   5,  1,  5,  2,  3,  3,  1, 29,  7,  1,  3,  3,  1,  5,  8,  2,  2,  1,
  22,  2,  6,  2,  4, 54,  4,  5,  2,  2,  3,  1,  3,  5,  1,  3,  2,  2,
   3,  2,  4,  1,  2,  4,  5,  5,  8,  5,  2,  5,  3,  1,  5,  1, 13,  4,
   3,  3,  1,  3,  7,  2,  3,  3,  2,  2,  4,  3,  4,  3,  2,  2,  3,  2,
   3, 44,  8,  2,  6,  2, 16,  2,  1,  1, 12,  1, 15,  8,  2,  6, 14,  3,
   2, 20,  6,  2,  2,  4,  3,  6,  4,  4,  4, 11,  3,  5,  1,  2,  1,  6,
   1,  2, 10, 18, 27,  2,  4,  2,  6,  1,  2, 10,  3,  5, 16,  3,  5,  7,
   3,  2,  2, 19, 50,  4,  8,  1,  2, 86, 14,  6, 10,  3,  2,  1,  3,  5,
   2,  3, 14, 15, 36,  5,  4, 15,  5,  5,  3,  1, 38,  2, 28,  3,  3,  4,
   1,  2,  1,  7,  2,  2,  8,  2,  1,  1,  2,  1,  2,113,  2, 26,  5,  4,
   6, 15,  2,  1,  3,  4,  2,  1, 11,  7,  2,  3,  2,  1,  6,  6,  1,  1,
   9,  2,  2,  1,  2,  3, 44,  6, 19,  5,  6,  2,  3,  1, 21,  7,  3,  3,
   3,  1, 79,  2,  1,  4,  3,  1,  1,  2,  2,  5,  4,  9,  6,  4,  2,  1,
   2,  4,  1,  1,  5,  1,  2,  7,  3,  4,  1,  5,  3, 24,  3,  2, 12,  4,
   4,  3, 12,  1,  3,  7,  1,  2,  3,  1,  1,  1, 10, 15,  4, 12,  1,  5,
   1,  2,  2,  8,  1,  3,  2, 10,  6,  2,  5,  3,  3,  2,  4,  3, 35,  5,
   2,  3,  1,  4,  4, 11,  3, 28,  4, 10,  4,  1,  3,  3,  1,  2,  6,  4,
   2,  1, 66,  5,  1,  2,  2,  2,  6,  1,  4,  2,  2, 11, 23,  3,  2, 12,
   1,  1,  3,  1, 10, 11,  1,  1,  1,  2,  2,  9, 11,  5,  3,  1,  5,  2,
   3,  1,  1,  2,  1,  2,  4,  3, 14,  1,  4,  2,  1,  2,  1,  8,  3,  4,
   2,  1,  1,  4,  3,  2,  2,  5,  7,  1,  2,  9,  5,  4,  1, 15,  2,  2,
   1,  4,  2,  2,  4,  1,  3, 10,  1, 10,  2,  1, 16,  2,  1, 39, 34,  7,
   2,  1,  1,  2,  1,  4,  2,  3, 28,  6,  5,  3,  1,  4, 10,  4,  3, 15,
   7,  1, 48,  3,  1,  4,  3,  2,  2,  1,  2,  2,  1,  1, 32,  6,  1,  2,
   3, 22,  3,  1,  5,  3,  1,  7,  7,  3,  5, 15, 31,  2,  6,  3,  4,  4,
   4,  3, 15,  3, 62, 79, 16,  1,  3,  1,  2,  4,  3,  8, 39, 13,  6,  2,
  29,  1,  9,  1,  5,  3,  2, 21,  1,  4,  4,  2,  1,  3,  1,  2,  2,  4,
   5, 22,  4,  1,  3,  1,  4,  2,  5,  3,  4,  2,  3,  4,  5,  1,  3,  2,
   2,  8,  4,  1,  1,  9,  1,  1,  2,  1,  1,  3,  2,  2,  2,  1,  2,  1,
   1,  2,  3,  2,  5,  0, 23,  3,  3,  3,  2,  2, 15,  1,  4,  2,  2,  2,
   1,  3,  5,  1,  7,  2, 30,  6,  5,  8, 34,  4,  2,  6,  2,  5, 16, 34,
   3,  4,  1, 11,  1, 38,  7,  2,  8,  3,  4,  4, 39, 24,  2,  7,  3,  3,
   1,  5,  1, 10,  5,  2,  1,  3,  2,  6,  1,  5,  1,  6,  5,  1,  5,  2,
   1, 40,  2, 25,  1,  1,  2,  7,  3,  1,  4,  7,  2,  3,  2,  2,  2,  1,
   4,  2,  7,  4,  5,  4,  4,  3,  3,  2, 11,  1,  2,  1,  7,  5,  2,  5,
  30,  2,  9,  5,  1, 32,  4,  1, 11,  4,  2,  5,  3,  3, 18, 15,  2,  2,
   3,  2,  5, 72,  4,  3,  2,  2,  1,  3, 39,  4,  7,  4,  7,  5,  2,  8,
  18,  6,  6,  3, 15,  8,  1,  4,  2, 27,  2,  3,  3,  5,  7,  2,  3,  5,
  11,  5,  4,  2,  3, 23,  3, 10,  4, 11,  8, 10, 25,  3, 26,  1,  4, 13,
  19, 10,  3,  1,  1,  2,  3,  3,  7,  5,  3, 48,  6, 16,  2,  1,  1, 22,
   1,  8, 37,  5,  3,  5,  3, 13, 12,125,  9, 12,127,  2,  2,109,  7, 16,
   2,  8, 23,  6,  3,  3, 15,  2, 35, 11,  3,  2,  2,  3,  3,  9,  1,  2,
   8,  2,  1,  1,  1,  3,  2, 12,  3,  4,  3,  5,  3, 32,  3,  9, 15,  2,
   3,  2,  6,  5, 12,  2, 13,  5, 36,  1, 17,  7,  3,  2,  2, 45,  1,  1,
   5,  1,  4,  3,  5,  5,  8,  5,  2,  9, 10, 12,  2,  1,  1,  2,  1,  6,
   2, 13, 22, 19, 32,  9, 11, 11,  3, 47,  1, 11, 52, 12,  2,  5,  1,  6,
   2, 14, 20, 22,  1,  1,  2,  6,  3,  4,  2,  1,  3,  1,  2,  1, 31, 22,
   1,  6,  2, 40, 46,  5,  4,  3,  4,  8,  2,  8,  3, 20,  6, 22, 27,  3,
  20,  2,111,  1,  2,  1,  2, 13, 13,  5,  2, 22,  7,  5, 13, 15,  8,  8,
   1,  3,  1,  1,  3,  8,  1,  4,  8,  5,  7,  7,  1,  2,  4,  4,  1,102,
   3,  6,  4,  6,  9,  7,  1,  3, 14,  3,  2,  3,  2, 10,  6, 74,  8,  7,
  21,  4,  3, 10,  2,  5,  2,  1,  5,  7,  4,  4, 13,  8,  9,  4, 13,  3,
   5,  4,  8,  3,  3,  3,  3,  3,  1, 12,  8,  1,  8, 10,  3,  6,  1,  4,
   1,  1,  1,  6,  7,  7, 22,  2,  1,  6,  9,  3,  5, 22,  8,  9,  4, 30,
   1, 28,  7,  6,  2,  7, 44,  2, 23,  4,  2, 16,  3,  1,  3, 17, 15,  1,
   4,  2, 15, 15, 61,  1,  8, 21,  3, 22,  2,  5,  2,  1, 11,  3,  7,  2,
   1,  1,  3, 15,  3,  6,  1, 18,  4,  4,  2,  5,  7,  1, 10,  3,  2,  4,
   3,  1,  2,  4,  2, 65,  3,  4,  3,  2, 17,  1, 24,  3,  8,  9, 37,  4,
   1,  2,  6,  3,  7, 13,  2,  3,  2,  4,  1,  1,  5,  4,  2,  1,  2,  1,
   6,  2,  4, 51,  7,  1,  4,  1, 18,  9,  1,  7,  2,  1, 25,  1, 33,  4,
  25,  2,  5,  6,  3,  3,  1,  1,  1,  5,  3,  2,  7,  1, 20,  2, 19, 17,
   1,  5,  7,  8,  6, 14, 10, 13, 37, 35, 32,  5,  3,  7, 39,  1, 20, 12,
  13,  2,  7, 39,  1, 12,  3,  1,  2,  6,  3,  3,  5,  2,  4, 36,  2,  8,
   4, 22,  2,  2,  4, 11, 26,  5,  5,  2,  3,  2, 10,  5,  8, 20,  7, 41,
  18, 19, 19, 17,  2,  8,  9, 10,  6, 19, 33,  7, 10,  8, 21,  7,  4, 12,
  11,  3,  4,  6, 21,  2, 10,  2,  2, 29,  1, 13,  1, 16, 11, 11, 10, 10,
   8, 19,  6, 30,  1,114, 45, 26,  7,  4,  4,  1,  3, 16,  5, 85,  5,107,
  10,  4, 12,  4,  6,  8,  4,  2,  5, 15,  1,  8,  5, 31, 10,  5,  2, 11,
   3,  2, 37,  3, 63, 46, 24, 14,  6, 16, 34, 12, 32,  3, 21, 15,  8, 15,
   9, 13,  7, 12,  6, 14,  5,  5,  7,  3,  2, 12,  5,  4, 22,  4, 66,151,
   4,  9,  7, 12,  6,  2, 12,  4, 25,  4, 10, 10,  2, 13,  4, 30,  3,  8,
  20,  9,  9, 58, 55, 17, 19,  8,  5, 34,  5,  6,  5, 12,  6, 19, 23,  4,
   6,  6,  9, 25,100,  8,  2,  2, 20, 25, 10, 15,  8,  6, 15, 24,  7, 48,
  17,  3,  1,  9,  9, 32, 64,  5,  5, 13, 20,  3,  4,  2, 11, 24, 10,  8,
  23, 20,  2, 19,  4, 23,  8,  8,  8,  9, 12, 45, 24, 48, 17, 13, 62,  4,
   3, 13,  4, 12, 33, 14,  3,  7, 17, 70, 13, 10,  8, 12, 14, 10, 49, 19,
  20,106, 11, 12,  8, 12, 10, 40, 39,  1,  8, 30, 11, 19,  9,  6, 26, 21,
  14, 11, 34, 15, 14,  8,  4, 10,  1,  9, 10,  3,  3, 15,  1, 17,  4,  6,
  25, 38,  7,  8,  9,  7, 61, 16,  7,  2,  2,  1,  3,  9,  4, 16, 18, 17,
   5,  2,  2,  2,  7,  9,  2,  2,  1, 64, 11,  2,  4,  6, 13,  2,  4,  2,
  22,  4, 21, 10,  2, 24, 20, 13, 88, 23,  3,  5,  2, 27,  4,  8,  1, 37,
  15,  4,  1,  1, 15, 14, 14, 13,  3,  4, 11,  5,  1,  5,  3,  1,  1,  6,
   1,  1,  1,  4, 10,  4,  5,  3,  2,  1,  5,  1,  1,  5,  5,  3,  1,  3,
  12,  6,  7,  2, 11,  3, 42,  5,  1, 13,  2,  2, 21,  3,  9,  6, 22, 38,
   7,  3,  4,  7, 13,  2,  2,  7,  4,  2,  1,  4,  1, 21,  8,  1,  6, 67,
   2,  1,  8,  1,  6, 12,  4,  1, 20, 13,  4,  2, 15, 13,  2,  5,  8, 20,
   6,  8,  5,  1,  2,  7,  1,  4,  1,  9,  4, 16,  2, 19,  4,  5,  8, 19,
  14, 26, 27,  2,  5,  3,  8, 14, 24, 16, 13,  3,  3,  9,  7, 16,  1,  2,
  18, 37,  7,  4,  6,  4,  3, 13, 27,  6,  9,  6,  6, 13,  3,  3,  3, 12,
  10,  3,  2,  1,  2,  4,  1, 16,  6, 25,  3,  2,  6,  4,  1, 32,  2,  3,
   5,  2,  4,  6,  6,  2,  3,  2, 27,  6,  8,  7,  6,  5,  2,  3,  4, 10,
   4,  3,  2,  2,  3, 10,  4,  6,  4,  4,  1,  2,  5,  3,  3,  3, 42, 38,
   2,  5, 11,  7, 19,  5, 17,  1, 18, 20,  7,  7,  5,  6,  3, 29,  1,  2,
   0,  3,  3,  3,  5,  3,  4,  2,  1,  1,  1,  1,  3,  7,  4,  8,  7,  8,
   2,  6, 20, 14,  2,  5,  1,  7,  2,  5,  5, 64,  2,  7,  3,  8,  7,  2,
   3,  1,  3, 11,  1,  7, 32,  3,  8,  2,  2,  5,  3,  1,  3,  3,  3,  5,
   6, 21,  3,  5, 18, 15, 14, 38, 19,  5,  9,  3,  2,  2,  4,  2,  4,  2,
   1,  4,  5, 11, 36,  6,  6,  3,  7,  1,  2,  3,  4,  9,  8, 11,  4,  2,
 111, 12,  3,  1, 13,  2, 38,  9, 22,  5,  3,  1,  1,  5,  7,  7,  2, 14,
   1,  1, 25,  9,  3,  3,  4,  2,  2,  2,  8, 10,  3,  1,  2,  8,  1,  1,
  23, 21,  1, 76, 41, 34,  6, 31,  5,  7,  1, 10,  1,  5,  9, 10,  3,  4,
   4,  4,  1, 14,  6, 10, 26, 33, 54,  2,  6,  7,  3,  9,  3,  9, 46,  3,
   5,  3,  5, 20,  3,  5,  3, 61,  2,  7,  1,  8, 11,  2,  4,  6,  3,  8,
   5, 13,  4, 46, 10,  3,  7,  1,  5,  3,  2,  3, 18,  3,  6,  5,  2, 18,
   7,  3, 10, 96, 11, 10,  8,  9,  9, 14, 22, 18, 14,  3,  3, 17, 10,  9,
   6,  3,  4,  3,  7, 18, 20, 26, 12,  7, 23, 12, 13,  3,  5,  5, 12,  3,
   7,  5, 10,  2, 37, 15, 15,  7, 34,  3,  6,  4,  4,  2,  4,  8, 12,  4,
  15,  6,  3,  6,  7,  4, 12,  3, 12,  5,  3,  3,  3, 12,  5,  2,  2, 13,
   2,  1,  1,  2,  5,  3, 14, 17, 41, 36,  7, 18,  3, 11, 10,  2,  4,  7,
   3,  9,  6,  3,  4,  1,  6, 11, 11,  3,  1, 14,  1,  4,  1,  3, 16,  5,
   7, 25,  4,  5, 35, 16,  1,  2, 16,  8,  6, 28,120,  6,  4, 38,  2,  2,
   6,  3,  5, 23, 23,  9, 30,  6, 46, 14,  4, 11,  1, 32,  4,  4,  1, 42,
  18, 11,  2, 11,  1,  8, 58,  7, 36,  5, 24, 12,  1,  3,  2,  6, 16,  9,
   5,  8, 17, 20, 17,  5,  2,  3,  7,  7,  9, 85,  6,  8,  7,  2, 26,  3,
   2,  4, 10, 27, 13,  3,  2,  3,  8,  4,  4,  9,  5,  3,  5,  2, 10,  3,
   5,  5,  5, 70, 22, 13,  5, 23, 24,  4,  3,  4,  6, 11,  4, 17, 28, 15,
   4,  3,  5,  4,  9, 19, 12,  6,  9, 31, 16,  5,  3,  6,  7, 13,  8, 14,
   2, 53,  4,  7, 17, 46,  8, 23, 22,  8, 16,  4, 15, 69, 22,  2,  1,  4,
  13,  1, 14, 22,  7,  3, 34, 23,  7,  6,  4, 32,100, 33,  6,  2,  4,  2,
   3, 15,  1,  3, 38,  3, 20,  1, 96,  6,  2,  5,  3,  3,  2, 38,  5,  2,
   3, 15,  3, 17,  9, 22, 22, 36,  3,  4,  2,  5,  5,  2,  3, 21, 30, 11,
   1,  1, 28,  3, 15,  5,  1,  6,  2, 50,  8, 12, 54,  8,  7,  8, 10,  2,
   8, 11,  5,  3,  8,  1,  8,  3,  8,  5, 11, 18, 45,  4,  7,  1,  8,  5,
  89,  6,  4,  8, 16,  2, 83,  4, 10,  4,  1, 11,  2, 29,  9,  6,  3, 48,
  23, 10,163, 10, 23,  5,  6,  1, 27,  1, 11,  4,  5,  9, 58,  5,  4, 37,
   5, 24,  2,  2,  4,  6, 17,  1, 73, 10,  4,  4, 12,  1,  3,112, 30,  2,
   3, 20,  4,  3, 14,  1, 21,  9,  2, 11, 79, 22,  2,  2,  2, 22,  4,  8,
   4,  2,  5,  6, 14,  2, 19,  2, 18,  9, 12, 30,  1,  5,  7,  2,  8,  3,
   4,  8,  4, 34,  7, 11,  3, 33,  8,  6,  5,  9,  4, 12, 14,106,  8, 21,
  19, 17,  3,  1, 24, 21,289,  4,  3, 12,  1, 10,  9, 15,  1,  3,  9, 10,
   6,  6,  3, 57, 22,  3,  4,  6,  3, 11, 23,  7,  2,  2,  1,  5,  1,  1,
   3, 19,  7, 11,  4, 47,  3,  1,  4,  8,  6, 18,  7, 14, 53, 13,  2, 13,
  19,  8,  2,  4, 71,  3,  1,  1, 21,  8, 28,  7,  2, 26,  5, 12, 44, 13,
  10, 25, 19,  9,  7,  4, 91,  7, 11,  1,  6,  5, 69,  5,  3, 69,  4, 23,
  17,  2,  1,  2,  7, 23,  6, 27, 16, 12, 11,  3,  6,  8, 10,  9, 13, 10,
  21, 23, 15,  7, 27,  8, 47, 14,  5, 12,  4, 57, 24, 25, 26, 42, 19, 18,
 126, 26,  6,  6,  8, 15, 25, 15, 33, 50, 13,  5, 20, 11,118,  6, 33, 20,
  47, 33, 18, 11, 32,  9, 16,  2,  3, 20, 18, 25, 17, 12,  2,  1,  3, 15,
   2, 19, 13, 37, 18, 14, 70, 19, 29, 15,  7,  9,  2, 19,107, 31,  1,  4,
  25, 19,  6,  7, 41,  1,  7,  2, 35,  7, 76, 14,  5, 11, 14,  1,229,  2,
   8,  9, 54,  1,  3, 47, 14,  8,  5,  4, 30, 15,  7,  6, 24,  2,  2, 10,
  16,  7, 10,  5,  8, 31, 17, 54, 16, 27,131, 55,  5, 56, 39,  1,  9, 26,
  35, 39, 46,  2, 14,  4,  5, 25,  1, 10,  2,  4, 39,  1, 73, 26, 12, 27,
   4, 19,  2, 20,  7,  1,  7, 19,  4,  5, 11, 23,  3, 15,  7,  2,  3,  8,
   7, 16,  6,  3,  2,  2, 13,  2, 23, 16,  7,  2, 43,  4,  2,  8,  6,  3,
   6,  5, 24,  4,  5,  2,  3,  1,  7, 23,  1,  7,  7,  4,  4,  5, 19,  1,
  20, 36,  3,  1,  6,  8,  2, 11,  7,  2,  9,  7, 12,  5, 17, 11, 10,  2,
   4,  4, 22, 26, 36,  3,  4, 24, 24, 20,  5, 26,  3, 15, 35,  3,  9, 11,
  32,  1,  4,  7,  9,  1,  4,  1,  1,  3,  2,  3, 15, 11, 15,  5, 10, 18,
   4, 80,  2,  2, 14,  7,  9,  3, 24,213, 45,  7, 31, 16, 12, 15, 59,  4,
   1, 10, 22,  5, 32, 24,  3,  2, 10, 15, 19,  1, 45, 21,  6, 26, 35,  1,
  18,  6,  5, 76,  6, 67,  4, 12, 43,  1, 21,  1,176, 25, 30,  1,  2, 24,
  68, 21,  2,  1, 41,  4, 44,  1, 23,  2,  8,  7,  9,  5, 11, 75, 86, 20,
   5, 10, 27, 15, 21,  5, 15,  7, 11, 13, 24,  9, 34, 76, 31, 20,  5,  6,
   1,  1,  3, 31, 41, 13, 10, 11, 15,  8,  5,  4,  9, 25, 11, 10,  2,  5,
   7, 29, 15, 49, 40, 21, 13, 12,  9,  9,  1,  6,  7,  2, 17,  1, 22, 76,
  29,  4, 31,  2, 46, 15, 15,  1, 10, 16]