Python type PUNGraph:
  Nodes:                    2940
  Edges:                    11627
  Zero Deg Nodes:           230
  Zero InDeg Nodes:         230
  Zero OutDeg Nodes:        230
  NonZero In-Out Deg Nodes: 2710
  Unique directed edges:    23254
  Unique undirected edges:  11627
  Self Edges:               0
  BiDir Edges:              23254
  Closed triangles:         18332
  Open triangles:           423484
  Frac. of closed triads:   0.041492
  Connected component size: 0.863265
  Strong conn. comp. size:  0.863265
  Approx. full diameter:    10
  90% effective diameter:  4.932186

Degree
[  1,  1,  0,  1,  1,  1,  1,  1,  0,  0,  1,  3,  1,  1,  1,  1,  2,  2,
   1,  2,  2,  1,  1,  1,  1,  1,  7,  1,  2,  3,  3,  2,  1,  0,  2,  1,
   1,  1,  1,  1,  1,  1,  1,  1,  1,  1,  1,  1,  1,  1,113,  1,  2,  1,
   1,  1,  0,  1,  1,  0,  1,  0,  1,  1,  1,  0,  0,  1,  1,  0,  1,  1,
   1,  1,  1,  1,  0,  2,  1,  1,  1,  0,  1,  2,  4,  2,  2,  1,  1,  0,
   0,  1,  2,  2,  3,  1,  1,  1,  1,  4,  1,  1,  0,  1,  1,  2,  3,  3,
   1,  2,  1,  1,  0,  1,  1,  1,  1,  1,  0,  2,  1,  0,  2,  2,  1,  1,
   1,  2,  1,  1,  1,  5, 15,  5,  9, 17,  7,  2,  2,  1,  1,  2,  2,  1,
   3,  2,  2,  1,  5,  2,  1,  4,  1,  7, 16, 16, 29,  2,  5,  2,  1,  2,
   1,  1,  1,  2,  3,  4,  1,  1,  7,  2,  6,  4,  6,  1,  1,  1,  8,  7,
   1,  1,  1,  1,  1,  1,  1,  1,  1,  5,  5,  1,  1,  1,  1,  5,  3,  4,
   6,  1,  1,  3,  1,  1,  1,  1,  4,  1,  1,  1,  1,  2,  5,  1,  1,  1,
   1,  1,  1,  1,  1,  4, 13,  3,  4,  1,  2,  6,  2,  1,  1,  3,  3,  1,
   3,  1,  1,  1,  7,  2,  1,  1,  1,  5,  9,  9,  1,  2,  1,  1,  1,  1,
   5,  2,  3,  2,  1,  1,  1,  5,  1,  7,  3,  1,  2,  2,  1,  3,  2,  1,
   2, 25,  1,  1,  1,  1,  1,  2,  1,  1,  2,  2,  3,  1,  1,  6,  1,  2,
   8,  1,  1,  1,  9,  3,  1,  1, 10,  1,  4,  1,  1,  1,  2,  1,  1,  2,
   3,  1,  3,  2,  8,  1,  2,  3,  1, 15,  3,  1,  1,  5,  1,  1,  1,  3,
   1,  1,  1,  1,  2,  1,  3,  3,  1,  1,  1,  1,  2,  2,  1,  1,  1,  4,
   4,  1,  1,  1,  2,  1,  4,  1,  2,  1,  1,  2,  2,  1,  2,  3,  1,  2,
   1,  1,  2,  1,  4,  1,  2,  1,  1,  1,  1,  1,  1,  1, 27,  3,  1,  6,
   8,  2,  1,  1,  1,  8,  6,  1,  1,  6,  1,  2,  6,  2,  1,  4,  8,  4,
   1, 16,  1,  4,  4,  2,  4,  6,  1,  8,  2,  3,  2,  1,  9,  6,  5,  8,
   2,  2,  1,  9,  2,  1,  1,  3,  5,  2,  1,  3,  1,  4, 24, 15, 10,  6,
  12, 10,  2, 10,  1,  1, 13,  6,  1,  9,  1,  1, 11, 13,  2,  3,  4,  6,
   1,  1,  3,  1,  2,  1,  7,  9,  2,  9,  7,  7, 10,  2,  1,  9,  9,  5,
   2,  1,  3,  1,  9,  1, 20,  2,  3,  1,  1, 14,  3,  9,  5, 21, 14,  3,
  28,  9,  9, 29,  1,  5,  7, 27,  1, 14, 15,  3, 13, 38, 10, 26, 13,  4,
  78,  5,  7,  1, 11,  1,  2,  4, 11,  7,  2,  5,  5, 73, 24, 30,  6, 15,
  10,  5, 20, 72, 71, 18,  7,  5,  6, 11, 54,  6, 52,  7,  2,  5,  4,  1,
   6,  2,  4,  1,  2,  2,  1,  3,  1,  1,  6,  2,  2, 19,  2,  1, 16,  4,
   1,  8,  2,  2,  3,  1,  1,  1, 12, 12,  2, 26,  1,  4,  5, 24, 12,  2,
   1,  1,  2,  1,  1,  7,  3, 15, 32, 81, 29, 29, 59, 14,  3,  2,  2,  2,
  22,  1,  4, 23,  1,  1,  2, 29,  2,  1,  8, 24,  5,  2,  1,  1,  1,  2,
  56,  3,  1, 26,  2,  4,  1,  1,  1, 46, 23,  1,  1,  8,  7,  1,  6, 32,
  36,  7,  1,  8,  2, 10,  2,  1, 10,  3,  1,  1,  8,  3, 99,  1,  4,  5,
   8, 21,  1,  3,  7,  2, 52,  1,  1,  4,  6, 35,  5,  9, 20,  1,  2, 15,
  25,  2,  1,  1,  4, 10,  5,  1,  1, 10,  1,  1, 31,  1,  1,  1, 70,  1,
   7,  4, 36,  1,  1,  2,  1,  3,  3,  1, 10,  7,  5,  3,  5,  7, 69,  8,
  22,  1,  1,  8, 15, 10,  2, 24,  6,  4,  3,  8, 29,  8,  5,  1,  3,  2,
  47,  6, 39,  1, 17,  5,  3,  3,  2,  8,  5,  2,  7,  1,  1,  1,  1,  2,
   2,  3, 72,  1,  1, 25, 11,  1, 17, 10,  1,  4,  3,  2,  1,  8,  1,  1,
   4,  1,  3, 21, 15,  7,  1, 25,  1,  6,  1, 13,  1,  2, 15,  7,  3, 18,
  44,  8,  1,  1,  2,  3,  5,  5, 69,  4,  2,  5,  6,  2,  2,  3,  4, 18,
   8,  1,  3,  1,  2,  1,  7,  5,  6, 15,  4,  2,  1,  1,  1,  6,  4, 13,
   1,  1,  2,  6,  1, 54,  1,  1,  9,  6,  1,  4,  2,  2,  2,  1, 53,  2,
   2, 10,  2,  3,  1, 23,  2,  2,  2,  3,  1,  1,  4,  1,  8,  2,  3,  2,
   1,  4,  9, 14,  1,  1,  1,  1,  4,  1,  1, 16,  1, 32, 31, 11,  2, 50,
   2, 11, 13,  1,  4,  1,  8,  2, 24,  9,  1,  8,  3,  6,  9, 67,  3,  1,
   4,  7,  6,  6,  1,  1,  1,  2, 39,  5,  2,  1,  2,  3,  5,  1,  2,  2,
   2,  1,  1,  6,  1,  4,  4,  2,  4,  1, 96,  1,  2,  6,  1,  7,  2,  2,
   1, 65,  1,  2,  5, 40,  3,  1,  1, 10,  7,  5,  1,  4,  2,  1,  1,  7,
   1, 16,  7, 17,  1,  1, 24,  2,  3, 24,  3,  1,  1,  3,  1,  1,  1,  1,
   2, 20, 11,  6,  7, 48,  1,  5,  3,  9,  1, 26, 26,  5,  3,  2, 58, 64,
   2,  2,  2, 30,  1,  1,  1,  4,  2,  4,  3,  6, 33,  3,  4,  1,  1,  2,
   3,  1,  4, 22,  5,  1,  2,  1,  1,  1,  9,  7,  2,  3, 16,  3,  7, 10,
  20, 81,  1,  1,  5,  3,  1,  3,  9, 61,  3,  1, 84, 21,  1,  1,  1,  3,
   1,  2,  7,  4,  7,  4,  2, 20, 47,  1,  8,  6,  6, 10, 23, 64,  1,  1,
   2,  2,  1,  1,  1, 14,  1, 36, 81,  1,  1,  1,  9,  1,  8,  1, 20,  1,
  10,  4,  1,  3,  1,  1, 84, 32,  3, 11,  7, 21,  3,  5,  5,  5,  2,  1,
   1,  6,  4,  1,  2,  2,  7,  2,  1,  1, 18, 51,  2,  2,  1,  2,  8, 13,
   9, 39,  1,  2, 17,  2, 22, 30, 36,  3,  2,  1,  1,107,  9, 73, 95,  1,
  12,  1,  1,  6,  3,  5,  1,  1,  3,  3,  5, 75,  5,  3,  1,  2, 32, 24,
   8, 48,  3, 96,  1, 21, 44, 43,  1,  1,  0,  3,  1,  1,  1,  1,  1,  3,
   8,  1,  2, 12,  1,  5, 10,  0,  0,  1,  1, 15, 38,  4,  3, 94, 79, 75,
   5, 16, 12, 13,  3,  1,  5,  1, 26,  1,  1,  3,  1,  2, 13, 21,  3, 53,
  34, 12,  2,  1, 30,  4,  3, 26, 10, 14, 14, 24,  1,  6,  4, 19, 45,  0,
  47,  2,  3,  2,  2, 36,  1,  1,  1,  9,  0,  1,  1,  1,  9, 14,  1,  2,
   1,  1,  0,  6,  1,  4,  0,  5, 39, 14,  4,  1,  0,  1, 10,  4,  0,  0,
   1,  6,  2,  4,  0,  0,  1,  3,  0,  9,  1,  1,  1,  1,  3,  1,  8,  1,
   1,  1,  1,  1,  1,  1,  1,  1,  1,  1,  1,  1,  1,  1,  4,  1,  0,  2,
   1,  0,  0,  1,  5,  1,  4,  2,  4,  1,  1, 10,  1,  2,  0,  2,  1,  2,
   2,  0,  0,  0,  1,  0,  1,  0,  0,  0,  0,  0,  0,  0,  1,  0,  0,  0,
   0,  0,  0,  1,  0,  1,  0,  0,  1,  0,  0,  0,  0,  0,  0,  0,  0,  0,
   0,  0,  2,  1, 17,  0,  0,  0,  0,  0,  0, 14,  0,  0,  0,  0,  0,  0,
   0,  1,  1,  1,  0,  0,  3,  0,  0,  0,  0,  0,  0,  0,  0,  0,  0,  0,
   0,  0,  0,  0,  0,  0,  0,  0,  0,  0,  0,  0,  1,  0,  0,  0,  2,  0,
   0,  0,  0,  0,  0,  0,  0, 25,  1,  0,  0,  1,  0,  0,  0,  0,  0,  0,
   0,  0,  0,  0,  0,  0,  0,  0,  0,  0,  0,  0,  0,  0,  0,  2,  0,  0,
   0,  0,  0,  0,  0,  0,  0,  1,  0,  0,  0,  0,  0,  0,  1,  1,  1,  2,
   1,  2,  1,  3,  1,  2,  1,  7,  1,  1,  5,  1,  2,  1,  1,  1,  2,  1,
   3,  2,  1,  4,  2,  1, 15,  5,  1,  4,  2,  2,  2,  1,  1,  2,  2,  2,
   1,  1,  1, 17,  2,  1,  4,  0,  2,  4,  1,  1, 10,  2,  1,  2,  2,  1,
  13,  8,  1,  1,  2,  2, 37, 23,  3, 10, 26,  2, 37,  1, 13, 10,  1,  2,
   5, 11, 40,  1,  1,  3,  3,  1,  2, 43,  2,  3,  1,  1,  1,  2,  1,  6,
   2,  2, 10,  2,  1,  2,  3,  4,  1,  3,  1,  1,  2,  0,  1,  1,  2,  3,
   1,  1,  1,  2,  2,  0,  1,  1,  6,  1,  2,  2,  7,  1,  1,  1,  1,  4,
   2,  1, 10,  1,  2,  1, 21,  1, 11,  1,  2, 10,  1,  1, 21,  1,  2,  1,
   5, 11,  2,  3,  1, 11,  1,  3,  1,  2,  2,  9,  2,  1,  2,  3, 10,  6,
   1,  1,  1,  9,  1,  1,  8,  1,  1,  3,  6,  3,  2,  3,  2,  1,  2,  4,
  50, 48,  3,  4,  2,  1,  1,  1,  1,  1,  2,  1,  1,  2,  2,  2,  1,  5,
   9,  1,  1,  2,  1,  4,  4,  2,  2,  2,  3,  3,  2,  1,  4,  7,  5,141,
   1,  1,  1,  1,  7,  2,  1,  2,  1,  1,  1,  1,  6,  2, 30, 23,  1,  5,
   1, 13,  2,  1,  1,  4,  3,  2,  5, 26,  5,  2, 13, 13,  4,  1,  1,  3,
   1,  2,  1,  2,  2,  1,  1,  1,  4,  1,  2,  2,  4,  1,  1,  1,  8,  3,
   3, 11,  1,  1,  1,  1,  1,  1,  1,  3,  1,  1,  2,  2,  7, 12,  2,  2,
   3,  2,  2, 35, 51,  1,  2,  5, 31,  2,  6,  3,  1, 69,  2,  2,  1,  2,
  15,  4,  1,  4,  2,  2,  1,  1,  1,  2,  1,  3,  1,  5,  2,  1,  1,  1,
   1,  5,  2, 20,  2, 26,  6,  2,  9,  2,  2,  3,  1,  2,  2,  1,  2,  2,
  11, 16,  3,  2,  2,  1,  2,  3,  1,  1,  2, 25, 15,  5,  2,  2,  1,  1,
   2,  4,  7,  1,  1,  4,  2,  3,  1,  2,  4,  8,  2,  3,  5, 13,  2, 23,
   4,  1,  4, 12,  2,  4,  4,  3,  1,  1,  3,  2,  2,  2,  5,  3,  1,  1,
   1,  1,  2,  1,  1,  1,  1,  3,  1,  1,  4,  1,  1,  1,  2,  1,  9,  5,
   5,  1,  3,  6,  8,  8,  4, 11,  4,  1,  1,  7,  1, 12, 46,  7, 16,  3,
   1,  1,  1,  6,  1,  1,  1,  4,  4,  3, 31, 14,  2,  5,  6, 18,  6, 14,
   9,  1,  1,  3,  3,  0,  3,  1,  1,  1,  1,  3,  3,  7, 16,  3,  2,  4,
   5,  1, 24,  0,  3,  3, 17,  2,  1,  1,  1,  1, 27,  1,  4,  1, 11,  2,
   5,  4,  9,  1,  5,  1,  3,  4,  2,  1,  2,  1, 12,  4,  2,  2,  1,  2,
   4,  6,  4,  3,  1,  2,  1,  1, 10,  1,  3,  2, 50,  1,  3,  2,  2,  4,
   1,  1,  1,  2,  1,  1,  3, 13,  8, 14, 15,  7, 22,  2,  8, 20, 13, 10,
   1,  2,  2,  2,  2,  2, 48,  2,  1, 21,  2,  6,  1,  2, 17,  1,  2,  4,
   1,  7,  1,  2, 17,  7,  4, 30,  1, 15, 10,  4,  3,  2,  1,  2, 28,  3,
   3, 19,  3,  2,  3,  1,  1,  3,  6, 38,  3,  4,  1,  8, 16, 42,  4,  8,
  23,  3,  7, 16, 55,  1, 31,  1,  1,  1,  8,  1,  1,  1,  1,  4,  1, 11,
   2,  1,  1,  3,  1,  1,  1,  8,  1,  1,  1, 10, 49,  2,  1, 34, 30,  1,
   1,  2,  1,  2, 36,  1,  2,  1,  6,  3,  2,  5,  3,  1,  2, 11,  9,  8,
   9, 40,  2,  4,  1,  3,  5, 22,  4,  1,  2,  5,  6, 32,  2, 14, 13,  7,
  23,  1,  7,  7,  1,  2,  6,  1,  1,  4,  9, 15,  2, 10,  2,  1,  2,  1,
   3,  5,  7,  3, 15,  1,  1,  2,  2,  3, 11,  1, 15,  2,  9,  3, 12,  3,
   2,  2,  1,  1,  1,  4,  2,  3,  7,  6,  2, 31,  5,  1,  3,  1,  6, 17,
   1,  4,  8,  5, 15,  1,  7,  4,  2,  1, 19,  2,  3,  1,  3,  2,  4,  2,
   2, 14,  1, 23,  2,  1,  3,  3,  1,  1,  1,  1,  1,  1,  8,  2, 13,  1,
   3,  5, 17, 19,  8,  1,  8, 16,  4,  2, 15,  1,  4,  1,  9,  1,  2,  9,
   5,  5,  1,  3,  5,  7,  2,  3,  2,  2,  1,  6,  3,  2, 11,  8, 10,  7,
   1,  1,  5,101,  1,  3,  1,  1,  7,132, 40,  6, 11, 25,  3, 57,  1, 68,
   4, 36,  3, 28,  3,  2,  1,  1,  1,  1,  2,  1,  6,  1,  9,  6, 10,  4,
  43,  1,  2, 26,  2, 46, 43, 51,  1, 85,  2,  3, 14,  7,  2,  2,  4,  1,
   2,  1,  1, 14,124,  6,  1,  1,  1,  7, 12, 12, 32,  1, 67, 38, 30, 60,
   5,  3,  3, 15,  9,  5,  2,  6, 10,  2,  9,  1,  2, 18,  7,  3,  9, 16,
   4,  1,  2,  1, 35,  1,  7, 16,  6, 12, 14,  9,  3, 16,  4,  1,  3, 12,
  11, 53,  2,  1,  7,  5,  3,  3,  2, 19,  1,  2,  4,  4,  7,  5, 19,  1,
   5, 10, 10,  8,  4,  5,  2, 12,  8,  1,  1, 57,  3,  5,  1,  2,  2, 10,
  32,  4,  1,  1, 16, 35,  2,  6, 63,  4, 28, 68,  3,  2,  1,  1, 53, 68,
   4,  3,  1, 12,  8,  3,  7, 49,  1,  2,  1, 17, 22,  1,  2,  1, 15,  1,
  14,  9, 28,  6,  5, 13, 16, 10, 13,  1,  1,  0,  0,  2,  0, 10, 44,  3,
  10,  0,  1,  1, 26,  1,  0,  5,  1,  1,  1,  2,  1,  3, 48,  2,  3, 49,
  23, 73, 63, 49, 51, 24,118, 97, 13, 21, 17, 18, 22, 75, 52, 64,  9, 11,
  23, 31, 67,101, 75, 84,119, 24,  4, 36, 20, 20, 28, 59,101,131, 69, 34,
  30, 29,  1, 22,  1,  0,  2,  2,  2,  4,  0, 11,  1,  1,  2,  2,  3,  1,
  24, 52, 31, 25,  3, 23, 33, 45, 10,  5, 14,  4,  8,  7, 11,  1,  3,  3,
  10,  1,  1,  2,  2,  6,  1,  1,  1,  2,  3, 23, 25,  1,  1, 40, 21, 23,
   0, 10,110, 12,  0,  1,  4,  2,  3, 25,  1,  0,  2,  3,  2,  3, 10,  0,
   9, 25,  3,  0, 15,  1,  1,  1, 65,  0,  0,  0,  0,  0,  0,  1,  0,  0,
   2,  6,  0,  1,  8,  2,  2,  3,  2,  0,  5,  0,  1,  0,  2,  4,  7,  3,
  30,  0,  1,  0,  0,  1,  2,  2,  1,  2,  0,  5, 14,  0,  1,  2,  5,  0,
   7,  3,  0,  2,  1,  5,  2,  2,  3,  9,  2,  0,  0,  2, 57,  1,  2,  4,
   6,  2,  1, 40, 55,  3,  0,  0,  1,  1,  0,  1,  0,  0,  0,  1, 58,  1,
   5,  3,  3,  0,  3,  0,  1,  0,  5,  6,  4,  0,  0,  6,  5,  0,  1,  2,
   0,  0,  0,  1, 42, 45, 25,  4, 22,  2,  2, 12,  4,  1,  1,  0,  4,  1,
   2,  1,  6,  1,  1,  1,  0,  1,  1,  0,  4,  6,  0,  0,  2,  2,  2,112,
   0,  6,  0,  0,  0,  2, 33,  1,  2,  2,  2, 38,  3, 75, 69, 25,  7,  1,
   1,  2,  2,  2,  7, 44,  1,  2,  3,  4,  1,  7,  9,  0, 40,  5,  0,  0,
   1,  0,  0,  6,  3,  1, 14, 19,  1,  0,  0,  0,  0,  8,  2,  3,  2, 48,
  31,  0,  2,  2, 16, 81,  0,  1,  3,  3,  2,  1,  2,  3,  2,  1,  6, 89,
   1,  2,  2,  1, 20,  2,  4,  3,  8,  0,  2,  1,  9,  1,  1,  2,  6,  3,
   0,  2,  1,  1,  4,  6,  4,111, 25,  2, 11,  3,  3,  2, 33,  9, 74,  1,
  13,  0,  1,  1,  4,  4,  4,  5,  2, 21, 26,  1,  1,  1, 23,  5, 18,  1,
   6,  1, 10, 20, 33, 33, 13, 41, 31, 24,  7,  8,  5,152, 54,138, 26,  1,
   1,  9,  1,  1, 10, 36,  5,  8,  1, 18, 19, 13,  7,  1, 85,  7,  1,  3,
  25,  1,  6,  1, 72, 85,  4, 34,138,  7,  1,  1,  1,  1,  1,  6,194,  4,
   2,  4,  2,  1,  9,  6, 11,  1,  2,  1,  5,  4,  2,  4,  1, 22,  5,  1,
   1,  3, 25,  1,  3,  0,  1,  1,  1,  3,  2,  4,  3,  2, 44,  6,  7,  4,
  12,  4,  1,  4,  1,  1,  3, 51,  3,  1,  1,  9,  9,  2,  1,  3,  3,  1,
   3,  1,146,  1,  3,  8]