PercentOfNodes
[ 0. , 0.1, 0.2, 0.3, 0.4, 0.5, 0.6, 0.7, 0.8, 0.9]

RandomAttack
Tq
[[ 3.32258787, 3.32710034, 3.33209436, 3.33761114, 3.34363482, 3.35001404,
   3.3563058 , 3.36140495, 3.36259019, 3.35333637, 3.31936309, 3.23733082,
   3.09455443, 2.895285  , 2.65174956, 2.44274779, 2.29122967, 2.18170546,
   2.1002164 , 2.03779506, 1.98871861],
 [ 3.05890482, 3.06849699, 3.0795502 , 3.09230527, 3.10732039, 3.12585793,
   3.14977362, 3.18021235, 3.21564112, 3.2415771 , 3.21243027, 3.10774794,
   2.94750703, 2.74636495, 2.51455339, 2.31844241, 2.17589825, 2.07229334,
   1.99475457, 1.93501134, 1.88778174],
 [ 3.146763  , 3.14764077, 3.14824766, 3.14852498, 3.14831517, 3.14721749,
   3.14452444, 3.13907404, 3.12731203, 3.09778364, 3.02325503, 2.88467746,
   2.70472388, 2.49918231, 2.27370126, 2.08828972, 1.95474498, 1.85771329,
   1.78484815, 1.72842546, 1.68357303],
 [ 2.70784012, 2.72667994, 2.74863205, 2.77426042, 2.80446191, 2.84097202,
   2.88648872, 2.94317587, 3.01010034, 3.07052258, 3.07352295, 2.98233544,
   2.82106754, 2.61509214, 2.38200115, 2.19243443, 2.05733626, 1.96006813,
   1.88759468, 1.83184911, 1.78779857],
 [ 2.28355882, 2.30351328, 2.32775924, 2.35765829, 2.39503483, 2.44217118,
   2.50132392, 2.57272043, 2.65010753, 2.71361731, 2.72652444, 2.66256972,
   2.53799564, 2.37296446, 2.18438393, 2.02476018, 1.90748604, 1.82183277,
   1.75759264, 1.70801919, 1.66879605],
 [ 2.37678764, 2.39306935, 2.41204688, 2.43424158, 2.46030463, 2.4910835 ,
   2.52751377, 2.56986045, 2.61529238, 2.65106682, 2.64836827, 2.58364222,
   2.46497333, 2.30187935, 2.11594062, 1.96060666, 1.84723375, 1.76489952,
   1.7034679 , 1.65627481, 1.61908053],
 [ 2.0085299 , 2.02755329, 2.05055136, 2.07876567, 2.11384159, 2.157768  ,
   2.21248966, 2.27910617, 2.35484878, 2.42202332, 2.44305224, 2.39441838,
   2.28608554, 2.12539595, 1.94268164, 1.79349901, 1.68577591, 1.60799082,
   1.5501952 , 1.5059205 , 1.47108217],
 [ 2.06793143, 2.06935015, 2.07071845, 2.07196645, 2.07293448, 2.07323861,
   2.0719718 , 2.0671894 , 2.05491535, 2.02664179, 1.96916812, 1.87758838,
   1.75973962, 1.61476409, 1.46913278, 1.3558166 , 1.27363268, 1.21321256,
   1.16751461, 1.13196707, 1.10361698],
 [ 1.73604158, 1.73916373, 1.74253597, 1.74629898, 1.75070251, 1.75618897,
   1.76351226, 1.77372928, 1.78705866, 1.79776336, 1.78811135, 1.73626625,
   1.61470259, 1.43727208, 1.29080772, 1.19107785, 1.1213807 , 1.07051123,
   1.03212748, 1.00234996, 0.97868341],
 [ 1.73043382, 1.73088862, 1.73144476, 1.73214202, 1.73304193, 1.73423646,
   1.73583711, 1.73784014, 1.73944599, 1.7366507 , 1.71668982, 1.64999464,
   1.49957244, 1.30880728, 1.16431081, 1.07039184, 1.00718867, 0.96220603,
   0.9288031 , 0.90320221, 0.88307656]]
measureGC
[ 1.        , 0.89128843, 0.64860908, 0.50988287, 0.30673499, 0.20168375,
  0.11127379, 0.03623719, 0.00951684, 0.00512445]
measureAPL
[ 1.        , 1.03114889, 1.01843499, 1.01537498, 1.12913375, 1.02162928,
  0.91347999, 0.6625261 , 0.39559972, 0.25000712]

Degree
Tq
[[ 3.1191437 , 3.13206934, 3.14739252, 3.16568468, 3.18763206, 3.21403277,
   3.24575801, 3.28351093, 3.32683618, 3.3712812 , 3.40203776, 3.38721833,
   3.29526521, 3.11223633, 2.85516294, 2.63225394, 2.4736128 , 2.36123134,
   2.27914552, 2.21731697, 2.16946567],
 [ 0.78968967, 0.784576  , 0.77849673, 0.77123666, 0.76254348, 0.75213907,
   0.73975199, 0.72518496, 0.70842522, 0.68977695, 0.66993684, 0.64990585,
   0.63072277, 0.61316346, 0.59759425, 0.58403222, 0.57230023, 0.56215746,
   0.5533693 , 0.54573195, 0.53907505],
 [ 0.55194435, 0.55231579, 0.5525805 , 0.55269124, 0.55259535, 0.55224194,
   0.55159436, 0.55064646, 0.54943555, 0.5480391 , 0.54654685, 0.54502346,
   0.54350008, 0.54200782, 0.54061138, 0.53940046, 0.53845257, 0.53780499,
   0.53745158, 0.53735569, 0.53746643],
 [        nan,        nan,        nan,        nan,        nan,        nan,
          nan,        nan,        nan,        nan,        nan,        nan,
          nan,        nan,        nan,        nan,        nan,        nan,
          nan,        nan,        nan],
 [        nan,        nan,        nan,        nan,        nan,        nan,
          nan,        nan,        nan,        nan,        nan,        nan,
          nan,        nan,        nan,        nan,        nan,        nan,
          nan,        nan,        nan],
 [        nan,        nan,        nan,        nan,        nan,        nan,
          nan,        nan,        nan,        nan,        nan,        nan,
          nan,        nan,        nan,        nan,        nan,        nan,
          nan,        nan,        nan],
 [        nan,        nan,        nan,        nan,        nan,        nan,
          nan,        nan,        nan,        nan,        nan,        nan,
          nan,        nan,        nan,        nan,        nan,        nan,
          nan,        nan,        nan],
 [        nan,        nan,        nan,        nan,        nan,        nan,
          nan,        nan,        nan,        nan,        nan,        nan,
          nan,        nan,        nan,        nan,        nan,        nan,
          nan,        nan,        nan],
 [        nan,        nan,        nan,        nan,        nan,        nan,
          nan,        nan,        nan,        nan,        nan,        nan,
          nan,        nan,        nan,        nan,        nan,        nan,
          nan,        nan,        nan],
 [        nan,        nan,        nan,        nan,        nan,        nan,
          nan,        nan,        nan,        nan,        nan,        nan,
          nan,        nan,        nan,        nan,        nan,        nan,
          nan,        nan,        nan]]
measureGC
[  1.00000000e+00,  2.92825769e-03,  1.83016105e-03,  1.09809663e-03,
   7.32064422e-04,  7.32064422e-04,  3.66032211e-04,  3.66032211e-04,
   3.66032211e-04,  3.66032211e-04]
measureAPL
[ 1.        , 0.39172419, 0.28373579, 0.09929837, 0.08652967, 0.0645394 ,
  0.12152457, 0.12152457, 0.12152457, 0.12152457]

Centrality
Tq
[[ 3.32286103, 3.32739211, 3.33240806, 3.33795101, 3.34400607, 3.35042285,
   3.35675938, 3.36191078, 3.36314981, 3.35392753, 3.31991866, 3.23765586,
   3.09347164, 2.88982296, 2.64312994, 2.43468248, 2.2844953 , 2.17624104,
   2.09585105, 2.0343492 , 1.98603434],
 [ 1.26294556, 1.26657258, 1.27137836, 1.27785612, 1.28662165, 1.29831314,
   1.31331883, 1.33124533, 1.35005637, 1.36513327, 1.36994441, 1.35949683,
   1.33297856, 1.29378109, 1.24850369, 1.20419734, 1.16529009, 1.13307283,
   1.1070339 , 1.08609132, 1.06917306],
 [ 1.25790302, 1.25464349, 1.25060898, 1.245596  , 1.2393427 , 1.2315078 ,
   1.22163402, 1.20909384, 1.19305892, 1.17261547, 1.14712888, 1.11669582,
   1.08234849, 1.04600121, 1.0102001 , 0.97733626, 0.94875044, 0.92464277,
   0.90456985, 0.8878899 , 0.87398013],
 [ 0.79664387, 0.79580959, 0.79467953, 0.79315031, 0.79109305, 0.78835861,
   0.78479399, 0.78027334, 0.77474044, 0.76824976, 0.76098805, 0.75326462,
   0.74546427, 0.73796695, 0.73106152, 0.72489736, 0.71949777, 0.71481021,
   0.71075383, 0.7072469 , 0.70421713],
 [ 0.54987486, 0.54784425, 0.54544147, 0.54258679, 0.53918873, 0.5351485 ,
   0.53037007, 0.5247786 , 0.51834815, 0.51113486, 0.5033034 , 0.49512769,
   0.48695198, 0.47912052, 0.47190723, 0.46547678, 0.45988531, 0.45510688,
   0.45106665, 0.44766859, 0.44481391],
 [        nan,        nan,        nan,        nan,        nan,        nan,
          nan,        nan,        nan,        nan,        nan,        nan,
          nan,        nan,        nan,        nan,        nan,        nan,
          nan,        nan,        nan],
 [        nan,        nan,        nan,        nan,        nan,        nan,
          nan,        nan,        nan,        nan,        nan,        nan,
          nan,        nan,        nan,        nan,        nan,        nan,
          nan,        nan,        nan],
 [        nan,        nan,        nan,        nan,        nan,        nan,
          nan,        nan,        nan,        nan,        nan,        nan,
          nan,        nan,        nan,        nan,        nan,        nan,
          nan,        nan,        nan],
 [        nan,        nan,        nan,        nan,        nan,        nan,
          nan,        nan,        nan,        nan,        nan,        nan,
          nan,        nan,        nan,        nan,        nan,        nan,
          nan,        nan,        nan],
 [        nan,        nan,        nan,        nan,        nan,        nan,
          nan,        nan,        nan,        nan,        nan,        nan,
          nan,        nan,        nan,        nan,        nan,        nan,
          nan,        nan,        nan]]
measureGC
[  1.00000000e+00,  1.17130307e-02,  7.68667643e-03,  2.92825769e-03,
   1.83016105e-03,  7.32064422e-04,  7.32064422e-04,  7.32064422e-04,
   3.66032211e-04,  3.66032211e-04]
measureAPL
[ 1.        , 0.61513451, 0.55345493, 0.35384508, 0.29995328, 0.08843113,
  0.08411681, 0.06915091, 0.12089319, 0.12089319]

Genetic
Tq
[[ 3.27142982, 3.27092343, 3.27003778, 3.26857715, 3.26620926, 3.26235592,
   3.25599081, 3.24522778, 3.2264245 , 3.19237636, 3.12964348, 3.0199188 ,
   2.85912219, 2.6554751 , 2.42039553, 2.22415193, 2.08283293, 1.9804965 ,
   1.90403404, 1.84514941, 1.79858046],
 [ 2.7697753 , 2.78465824, 2.80215975, 2.82274782, 2.84735439, 2.87790701,
   2.91699674, 2.96638809, 3.02541468, 3.07625727, 3.06595325, 2.96559941,
   2.80309445, 2.60490679, 2.38189509, 2.1926596 , 2.05483295, 1.95466578,
   1.87968477, 1.82186053, 1.77607873],
 [ 2.90699803, 2.91180286, 2.91718098, 2.92303695, 2.92943833, 2.93680004,
   2.94527031, 2.95318636, 2.95535026, 2.93391193, 2.85467629, 2.71235632,
   2.53581736, 2.34144952, 2.136623  , 1.96664316, 1.84248201, 1.75165752,
   1.68323519, 1.63014689, 1.58787552],
 [ 2.70359909, 2.708669  , 2.71417393, 2.72033853, 2.72750852, 2.73593618,
   2.74539616, 2.75533303, 2.76365902, 2.75632223, 2.70271546, 2.58782818,
   2.42903145, 2.2428533 , 2.04359539, 1.87971957, 1.76084849, 1.6743617 ,
   1.60944917, 1.55921078, 1.51929809],
 [ 2.55208383, 2.55978939, 2.5683306 , 2.57779602, 2.58836228, 2.60024421,
   2.61332925, 2.62638804, 2.63558675, 2.62844558, 2.58050276, 2.47528843,
   2.3272993 , 2.15165879, 1.96491692, 1.81149286, 1.69914006, 1.6168347 ,
   1.55481378, 1.50668806, 1.46838867],
 [ 1.87645671, 1.89638052, 1.92054901, 1.95041677, 1.9881031 , 2.03669248,
   2.10036723, 2.18324084, 2.28485247, 2.39035215, 2.45697513, 2.43955147,
   2.33730824, 2.16416395, 1.96423274, 1.80458446, 1.69110471, 1.60987333,
   1.54985131, 1.50403862, 1.4680776 ],
 [ 1.85420577, 1.87017988, 1.8892723 , 1.91247366, 1.94119907, 1.97738239,
   2.02326921, 2.08042944, 2.14741836, 2.21166448, 2.23951235, 2.20117653,
   2.0976034 , 1.93771027, 1.76251762, 1.62452587, 1.52592207, 1.45478329,
   1.40188276, 1.36130335, 1.3293095 ],
 [ 2.06773319, 2.0701712 , 2.07257274, 2.07489045, 2.07707692, 2.07902518,
   2.08033878, 2.07968359, 2.07340847, 2.05363111, 2.00763772, 1.92598216,
   1.80552012, 1.64479517, 1.48411777, 1.36126046, 1.27360054, 1.21013606,
   1.16277144, 1.12631724, 1.09747432],
 [ 0.95294904, 0.95107532, 0.94849491, 0.94494789, 0.94007614, 0.93339511,
   0.92427603, 0.91197171, 0.89574682, 0.87517037, 0.85050301, 0.82291832,
   0.79437482, 0.76717019, 0.74320438, 0.72336636, 0.70756976, 0.69521429,
   0.68558731, 0.67805562, 0.6721161 ],
 [ 0.76461377, 0.7611501 , 0.75703508, 0.75209799, 0.74611589, 0.73879913,
   0.72977868, 0.71860826, 0.70481543, 0.6880688 , 0.66851999, 0.64717962,
   0.62583925, 0.60629044, 0.58954382, 0.57575099, 0.56458056, 0.55556012,
   0.54824336, 0.54226126, 0.53732417]]
measureGC
[ 1.        , 0.82906296, 0.66032211, 0.27196193, 0.17423133, 0.09736457,
  0.06002928, 0.03221083, 0.00256223, 0.00183016]
measureAPL
[ 1.        , 1.09923866, 1.09005566, 0.96015251, 0.91722239, 0.84494997,
  0.80088767, 0.64025166, 0.20616627, 0.09781001]

Simulated
Tq
[[ 3.26845316, 3.27708431, 3.28692672, 3.29822585, 3.31124129, 3.32619779,
   3.34317387, 3.36177661, 3.38015367, 3.3925022 , 3.38411284, 3.32798203,
   3.20364082, 3.00711393, 2.75472496, 2.53934357, 2.38515386, 2.27491725,
   2.19366304, 2.13191707, 2.08371045],
 [ 2.80395186, 2.80889603, 2.81442869, 2.82084702, 2.82845763, 2.83739364,
   2.84765612, 2.85938469, 2.87055899, 2.86976619, 2.82717715, 2.71736614,
   2.55605097, 2.36222846, 2.14555752, 1.96690841, 1.83846374, 1.74539298,
   1.67565373, 1.6217362 , 1.57894815],
 [ 2.03459002, 2.04085545, 2.04775544, 2.05544573, 2.06421511, 2.07442906,
   2.08615007, 2.09823521, 2.10687593, 2.10276037, 2.06942033, 1.99620497,
   1.89065436, 1.75915066, 1.62019645, 1.50548933, 1.41935085, 1.35497984,
   1.30593658, 1.2676715 , 1.2371339 ],
 [ 1.55754418, 1.55488479, 1.55141727, 1.54686436, 1.54081408, 1.53263678,
   1.52134848, 1.50538202, 1.4822757 , 1.44873217, 1.40216131, 1.34286832,
   1.27268419, 1.19413457, 1.1157958 , 1.04821938, 0.99476757, 0.95351431,
   0.92147216, 0.89615112, 0.87575124],
 [ 1.47206064, 1.47280332, 1.47331273, 1.47353159, 1.47339148, 1.47277046,
   1.47136478, 1.46838923, 1.46209517, 1.44944902, 1.42654875, 1.389834  ,
   1.3379195 , 1.27423953, 1.20834423, 1.15000907, 1.10284941, 1.06589865,
   1.03696213, 1.01403832, 0.99559683],
 [ 1.41737523, 1.41957825, 1.42169411, 1.42364187, 1.42529551, 1.42642229,
   1.42653832, 1.42463264, 1.41880348, 1.40608179, 1.38281959, 1.34588833,
   1.29489837, 1.23454699, 1.17371656, 1.11998537, 1.0760533 , 1.04120768,
   1.01367207, 0.99172955, 0.97401482],
 [ 1.15461394, 1.14983363, 1.14401865, 1.13686861, 1.1279875 , 1.11686007,
   1.10283139, 1.08509926, 1.06273494, 1.03476562, 1.0004126 , 0.95966629,
   0.91415186, 0.8674191 , 0.82367524, 0.78575743, 0.7543885 , 0.72893094,
   0.70830822, 0.69148414, 0.67761071],
 [ 0.88847019, 0.88525126, 0.88130997, 0.87642691, 0.8703059 , 0.86255098,
   0.85264742, 0.83996612, 0.82383061, 0.80369805, 0.77946469, 0.75180251,
   0.72234538, 0.69343455, 0.66725876, 0.6450126 , 0.6268165 , 0.61217645,
   0.60042151, 0.59092684, 0.58318295],
 [ 0.52100342, 0.51802194, 0.51452115, 0.51039227, 0.50551064, 0.49974182,
   0.49295565, 0.48505182, 0.47599799, 0.46587456, 0.45490927, 0.44347632,
   0.43204336, 0.42107807, 0.41095465, 0.40190081, 0.39399698, 0.38721081,
   0.381442  , 0.37656037, 0.37243149],
 [ 0.40362413, 0.40362413, 0.40362413, 0.40362413, 0.40362413, 0.40362413,
   0.40362413, 0.40362413, 0.40362413, 0.40362413, 0.40362413, 0.40362413,
   0.40362413, 0.40362413, 0.40362413, 0.40362413, 0.40362413, 0.40362413,
   0.40362413, 0.40362413, 0.40362413]]
measureGC
[ 1.        , 0.39458272, 0.05270864, 0.01500732, 0.00951684, 0.00878477,
  0.00512445, 0.00256223, 0.00146413, 0.0010981 ]
measureAPL
[ 1.        , 0.97641635, 0.71588576, 0.55454446, 0.45975976, 0.3959584 ,
  0.31551034, 0.19397707, 0.07681246, 0.04997931]
