PercentOfNodes
[ 0. , 0.1, 0.2, 0.3, 0.4, 0.5, 0.6, 0.7, 0.8, 0.9]

RandomAttack
Tq
[[ 3.35114359, 3.35005199, 3.34875071, 3.34714764, 3.34515188, 3.34268   ,
   3.33966644, 3.33607235, 3.33188939, 3.32713939, 3.32187258, 3.31616458,
   3.31010995, 3.30381013, 3.29735677, 3.29081401, 3.28420476, 3.27750524,
   3.27065333, 3.26357701, 3.25624246],
 [ 3.34528923, 3.33912665, 3.33328062, 3.32776694, 3.3225117 , 3.31736483,
   3.3121381 , 3.30665322, 3.30078364, 3.29447593, 3.28774737, 3.2806682 ,
   3.27333983, 3.26587448, 3.25837718, 3.2509313 , 3.24358964, 3.23637247,
   3.22927303, 3.22226966, 3.21534314],
 [ 3.28422985, 3.27238627, 3.25982231, 3.24691432, 3.23420274, 3.22206364,
   3.21038862, 3.19876379, 3.18693634, 3.17494024, 3.16291701, 3.1509895 ,
   3.13924732, 3.12776168, 3.11659069, 3.10577506, 3.09533248, 3.08525642,
   3.07552167, 3.06609638, 3.05695777],
 [ 3.10919183, 3.10071219, 3.09215886, 3.08446055, 3.07871814, 3.07566159,
   3.07519247, 3.07512598, 3.07012382, 3.05829734, 3.0430447 , 3.02708003,
   3.01140453, 2.99632822, 2.98194748, 2.96828634, 2.95534175, 2.94310197,
   2.93155384, 2.92068377, 2.91047607],
 [ 3.06757343, 3.05759164, 3.04524837, 3.03058101, 3.014304  , 2.99788113,
   2.98338793, 2.97343288, 2.96626011, 2.95295762, 2.93327565, 2.91237668,
   2.89224439, 2.87322051, 2.85528021, 2.83833348, 2.82229284, 2.80709458,
   2.79270505, 2.77911641, 2.76633498],
 [ 2.71256081, 2.71303201, 2.71352957, 2.71420685, 2.71513573, 2.71687325,
   2.72150518, 2.73162295, 2.74746876, 2.75420019, 2.73145869, 2.69859613,
   2.66729861, 2.63861159, 2.61208488, 2.58733332, 2.56414356, 2.54241753,
   2.52212463, 2.50326557, 2.48584031],
 [ 2.59279322, 2.59016281, 2.5867472 , 2.58231808, 2.57653812, 2.56896483,
   2.5590771 , 2.54613238, 2.52857699, 2.50278533, 2.46609235, 2.42499874,
   2.38673783, 2.35264304, 2.32205104, 2.29430458, 2.26899559, 2.24588535,
   2.22481968, 2.20567341, 2.18832072],
 [ 1.62943481, 1.63738715, 1.6471268 , 1.65927757, 1.67482396, 1.69538451,
   1.72366351, 1.76402523, 1.82177581, 1.89071279, 1.92313395, 1.89843294,
   1.85543294, 1.81359314, 1.77673642, 1.74488813, 1.71738902, 1.6935561 ,
   1.67280149, 1.65463734, 1.63866081],
 [ 1.4185548 , 1.41073489, 1.40130552, 1.38985562, 1.37587483, 1.35875279,
   1.33781029, 1.31240259, 1.28216962, 1.24751132, 1.21012041, 1.17283075,
   1.13835538, 1.10811661, 1.08224534, 1.0602158 , 1.04135731, 1.02507701,
   1.01090813, 0.99849383, 0.98755853],
 [ 0.91298588, 0.91041891, 0.90714813, 0.90299373, 0.89774584, 0.8911757 ,
   0.88306355, 0.87325179, 0.86172638, 0.84871149, 0.83473006, 0.82055582,
   0.80702201, 0.79477377, 0.78412404, 0.77508101, 0.76747329, 0.76106962,
   0.75564862, 0.75102492, 0.74705183]]
measureGC
[ 1.    , 0.9   , 0.8   , 0.7   , 0.6   , 0.4994, 0.3882, 0.2314, 0.029 ,
  0.0026]
measureAPL
[ 1.        , 1.04964974, 1.12069194, 1.22802804, 1.37073124, 1.63928704,
  2.1308942 , 3.73407189, 3.13217752, 0.47976952]

Degree
Tq
[[ 3.35151543, 3.35037593, 3.34901916, 3.34735621, 3.3453015 , 3.34277714,
   3.33972123, 3.3360959 , 3.3318917 , 3.32712849, 3.32185462, 3.31614439,
   3.31009167, 3.30379805, 3.29735638, 3.29083325, 3.28425528, 3.27760341,
   3.2708206 , 3.263839  , 3.25662674],
 [ 3.16950955, 3.16739656, 3.16561043, 3.16405329, 3.16259338, 3.16107706,
   3.15934386, 3.15724544, 3.15466685, 3.15154471, 3.14787568, 3.14371269,
   3.13915076, 3.13430694, 3.12929955, 3.12423147, 3.11918094, 3.1141999 ,
   3.10931813, 3.1045499 , 3.09990081],
 [ 2.87823061, 2.8743409 , 2.87134029, 2.86945047, 2.86869014, 2.86869076,
   2.86860243, 2.86695224, 2.86206961, 2.85390902, 2.84389289, 2.83319875,
   2.82240916, 2.81179031, 2.80147995, 2.79156346, 2.78209862, 2.7731219 ,
   2.76465044, 2.75668488, 2.74921328],
 [ 2.74439918, 2.73795496, 2.7320156 , 2.7270842 , 2.72365967, 2.72204364,
   2.72213064, 2.72323683, 2.72397565, 2.72255556, 2.71791878, 2.71044706,
   2.70121159, 2.69113733, 2.68081246, 2.67057727, 2.66062707, 2.65107637,
   2.64199227, 2.63341092, 2.62534651],
 [ 2.36027451, 2.36226646, 2.36568992, 2.37159666, 2.38145944, 2.39697396,
   2.41942215, 2.44842008, 2.48006828, 2.50640093, 2.5209176 , 2.52451636,
   2.52160207, 2.51546428, 2.5078613 , 2.49970062, 2.49147624, 2.48346834,
   2.47583413, 2.46865464, 2.46196213],
 [ 2.01092781, 2.01437061, 2.01871775, 2.02439853, 2.03203707, 2.04246061,
   2.05657687, 2.07485673, 2.09555293, 2.11011537, 2.10476273, 2.08307124,
   2.05801256, 2.03473925, 2.01402013, 1.99557878, 1.97902975, 1.96406491,
   1.95046266, 1.93806353, 1.92674595],
 [ 1.128325  , 1.12490434, 1.12063506, 1.11534802, 1.10887905, 1.10110039,
   1.09196838, 1.08158443, 1.07025456, 1.05850976, 1.04702599, 1.03642381,
   1.02706278, 1.01899002, 1.01204444, 1.00599485, 1.00062907, 0.99578776,
   0.99136538, 0.98729792, 0.98354828],
 [ 0.60891955, 0.60636113, 0.60333892, 0.59977061, 0.59557223, 0.59066966,
   0.58501723, 0.5786225 , 0.57157113, 0.5640393 , 0.5562799 , 0.54858056,
   0.5412111 , 0.53438383, 0.52823615, 0.52283062, 0.5181661 , 0.51419542,
   0.5108448 , 0.50803027, 0.50566899],
 [        nan,        nan,        nan,        nan,        nan,        nan,
          nan,        nan,        nan,        nan,        nan,        nan,
          nan,        nan,        nan,        nan,        nan,        nan,
          nan,        nan,        nan],
 [        nan,        nan,        nan,        nan,        nan,        nan,
          nan,        nan,        nan,        nan,        nan,        nan,
          nan,        nan,        nan,        nan,        nan,        nan,
          nan,        nan,        nan]]
measureGC
[  1.00000000e+00,  9.00000000e-01,  8.00000000e-01,  7.00000000e-01,
   5.99000000e-01,  4.54800000e-01,  1.90000000e-02,  1.40000000e-03,
   4.00000000e-04,  2.00000000e-04]
measureAPL
[ 1.        , 1.19329202, 1.41803929, 1.80574774, 2.45794056, 4.60494152,
  3.16742661, 0.27925948, 0.1560155 , 0.1560155 ]

Centrality
Tq
[[ 3.35130186, 3.3501597 , 3.34881051, 3.34716288, 3.34512768, 3.34262358,
   3.33958658, 3.33597832, 3.33178977, 3.3270413 , 3.32178123, 3.31608316,
   3.31004013, 3.3037536 , 3.2973178 , 3.29080314, 3.28424301, 3.27762839,
   3.27091488, 3.26404716, 3.25700001],
 [ 3.38173535, 3.36503123, 3.34462015, 3.31930123, 3.28839247, 3.25321796,
   3.21844895, 3.19078253, 3.17275064, 3.15991902, 3.14938733, 3.14014739,
   3.13170121, 3.12381747, 3.1163938 , 3.10938663, 3.1027767 , 3.09655163,
   3.09069782, 3.08519788, 3.08003075],
 [ 3.01963229, 3.00652528, 2.99090095, 2.97232643, 2.95048788, 2.92630812,
   2.90478606, 2.89403483, 2.89350028, 2.88664159, 2.87054984, 2.85454009,
   2.84056481, 2.82822248, 2.81705056, 2.80674315, 2.79710918, 2.788029  ,
   2.77942716, 2.77125606, 2.76348587],
 [ 2.85987639, 2.84448155, 2.82583595, 2.80330063, 2.77618416, 2.74409971,
   2.70812259, 2.67126213, 2.6356885 , 2.60012621, 2.5672776 , 2.54043626,
   2.5184529 , 2.49973532, 2.48327432, 2.46846845, 2.45494909, 2.44248173,
   2.430911  , 2.42012955, 2.41006033],
 [ 2.56059822, 2.55226616, 2.54199281, 2.52931866, 2.51381497, 2.49529022,
   2.47422011, 2.45198049, 2.42970148, 2.4057886 , 2.37883802, 2.35245007,
   2.32913207, 2.30880373, 2.29083982, 2.2747522 , 2.26021661, 2.24700701,
   2.23495145, 2.22391108, 2.21377057],
 [ 2.07129476, 2.06357204, 2.05440093, 2.04349628, 2.03059101, 2.01556282,
   1.99864673, 1.9805166 , 1.96138119, 1.93735201, 1.89982304, 1.85626206,
   1.81910405, 1.78924687, 1.76473685, 1.74401265, 1.72605043, 1.71018323,
   1.69596593, 1.68309378, 1.67135431],
 [ 1.63355812, 1.6264527 , 1.6176211 , 1.60658845, 1.5928049 , 1.5757196 ,
   1.55495312, 1.53057829, 1.50337333, 1.47478669, 1.44666253, 1.42085093,
   1.39851694, 1.37975344, 1.36398284, 1.35049782, 1.33870599, 1.32817052,
   1.31859114, 1.30978187, 1.3016486 ],
 [ 1.21268493, 1.2112085 , 1.20943694, 1.20732042, 1.20479225, 1.20174244,
   1.19794363, 1.19286927, 1.18536734, 1.17354652, 1.15594287, 1.13351375,
   1.10934884, 1.08639174, 1.0661465 , 1.04887645, 1.03425451, 1.02180996,
   1.01111399, 1.00182456, 0.99367976],
 [ 1.05441173, 1.04599989, 1.03562904, 1.02276066, 1.00671517, 0.9866912 ,
   0.96190399, 0.93199219, 0.89779188, 0.86203197, 0.82868639, 0.80077476,
   0.77900697, 0.76248439, 0.74989354, 0.74010749, 0.73230819, 0.72593533,
   0.72060965, 0.71607199, 0.71214194],
 [ 0.88327805, 0.87759418, 0.87079013, 0.8626248 , 0.85283719, 0.84119003,
   0.82756459, 0.81211659, 0.79543109, 0.77849735, 0.76237784, 0.74779425,
   0.73499059, 0.72388172, 0.7142523 , 0.70587455, 0.69855077, 0.69211957,
   0.68645049, 0.68143694, 0.67699026]]
measureGC
[ 1.    , 0.8998, 0.7998, 0.6984, 0.596 , 0.4726, 0.3032, 0.0334, 0.0136,
  0.0042]
measureAPL
[ 1.        , 1.15372421, 1.38032837, 1.76868764, 2.40131454, 3.93762676,
  9.59823723, 2.71531313, 1.32408801, 0.70564348]

Genetic
Tq
[[ 3.38712831, 3.39099489, 3.39485313, 3.39853667, 3.40186063, 3.40463972,
   3.40671659, 3.4079865 , 3.40840708, 3.40799339, 3.40680613, 3.40493922,
   3.4025077 , 3.39963383, 3.39643072, 3.39298596, 3.38934897, 3.38552596,
   3.38148647, 3.37718656, 3.37260834],
 [ 3.32923667, 3.32510368, 3.32140117, 3.31804224, 3.31485428, 3.31160239,
   3.30803319, 3.3039325 , 3.29917663, 3.29374908, 3.28771833, 3.28120118,
   3.2743329 , 3.26724741, 3.26006302, 3.25287225, 3.24573676, 3.23868904,
   3.23173999, 3.22489049, 3.2181433 ],
 [ 3.31647864, 3.30054125, 3.28294082, 3.26430931, 3.24580736, 3.22869312,
   3.21356089, 3.20009541, 3.18766589, 3.1758266 , 3.1643497 , 3.15312865,
   3.14212357, 3.13133747, 3.12079928, 3.11054899, 3.10062652, 3.09106553,
   3.08189145, 3.0731218 , 3.06476719],
 [ 3.13407614, 3.12408538, 3.11322268, 3.102104  , 3.09155593, 3.08234401,
   3.07503333, 3.06983096, 3.06451048, 3.05514111, 3.04194509, 3.02756246,
   3.01336992, 2.99975543, 2.98680628, 2.97453982, 2.96295446, 2.95203837,
   2.94177153, 2.93212756, 2.92307578],
 [ 3.08602969, 3.07396306, 3.05934318, 3.04217673, 3.02295669, 3.00282411,
   2.98369182, 2.96848156, 2.9590304 , 2.950004  , 2.93468021, 2.91585731,
   2.89696358, 2.87893361, 2.86191817, 2.84593314, 2.83097173, 2.81701079,
   2.80400873, 2.79190886, 2.78064577],
 [ 2.88401464, 2.87399357, 2.8623335 , 2.84902545, 2.83420235, 2.81818691,
   2.80170848, 2.78585962, 2.77023231, 2.7503855 , 2.7230946 , 2.69300215,
   2.66440787, 2.63832747, 2.61462845, 2.59302437, 2.57327782, 2.55520814,
   2.53866832, 2.5235258 , 2.50965302],
 [ 2.49064706, 2.49020367, 2.48952461, 2.48862225, 2.48753194, 2.48636708,
   2.4854745 , 2.48538633, 2.48607264, 2.48318402, 2.46304133, 2.42465675,
   2.38432814, 2.34846647, 2.31722937, 2.28979938, 2.26545296, 2.24366077,
   2.22404968, 2.20635116, 2.19035647],
 [ 1.80050765, 1.81031111, 1.8224313 , 1.83761245, 1.85689298, 1.88179851,
   1.9146587 , 1.95869887, 2.01588043, 2.07570298, 2.10408162, 2.08891445,
   2.05523145, 2.01986971, 1.98747154, 1.95863139, 1.9330741 , 1.9104247 ,
   1.8903433 , 1.87253043, 1.85671771],
 [ 1.28649275, 1.28241148, 1.27746112, 1.27143098, 1.26406887, 1.25508375,
   1.24414892, 1.23088932, 1.21483763, 1.19544163, 1.17239295, 1.14624306,
   1.11844503, 1.09065505, 1.06419826, 1.03993187, 1.01827231, 0.99928879,
   0.98282567, 0.96861363, 0.95634844],
 [ 0.90725341, 0.9063342 , 0.90512249, 0.90352467, 0.90140169, 0.89853695,
   0.89458548, 0.8890088 , 0.88102907, 0.86970132, 0.85427354, 0.83483481,
   0.8126782 , 0.7898246 , 0.76815073, 0.74884489, 0.73235459, 0.7186138 ,
   0.70730397, 0.69803299, 0.69042637]]
measureGC
[ 1.    , 0.9   , 0.8   , 0.7   , 0.6   , 0.4958, 0.39  , 0.2454, 0.0244,
  0.0022]
measureAPL
[ 1.        , 1.05082528, 1.09640585, 1.22317573, 1.35577385, 1.62186341,
  2.16492041, 3.21924797, 2.93744339, 0.36342433]

Simulated
Tq
[[ 3.35188222, 3.35062573, 3.34917358, 3.3474389 , 3.34533586, 3.34278365,
   3.33971551, 3.33608846, 3.33188914, 3.32713515, 3.32187392, 3.31617951,
   3.31014584, 3.30387468, 3.29745948, 3.29096846, 3.28443164, 3.27783585,
   3.2711324 , 3.26426266, 3.25720056],
 [ 3.32461285, 3.31869905, 3.31379809, 3.31016495, 3.3075554 , 3.30520699,
   3.3023011 , 3.29844417, 3.29367685, 3.28818995, 3.28214829, 3.27567815,
   3.26889135, 3.26189429, 3.25478335, 3.24763568, 3.2405022 , 3.23340646,
   3.22635113, 3.21933218, 3.2123576 ],
 [ 3.23982848, 3.22950448, 3.21815622, 3.2066307 , 3.19620553, 3.18809222,
   3.18276323, 3.17938694, 3.17511395, 3.16767099, 3.15794879, 3.14733773,
   3.13649009, 3.1256474 , 3.11490094, 3.10427836, 3.09377002, 3.08334529,
   3.072977  , 3.06267469, 3.05250888],
 [ 3.23478783, 3.22129611, 3.20486352, 3.18543311, 3.16342351, 3.13971303,
   3.11524108, 3.09163965, 3.07180203, 3.05546005, 3.04035797, 3.02572694,
   3.01154595, 2.99785082, 2.98463159, 2.9718381 , 2.95939836, 2.94724102,
   2.9353221 , 2.92364856, 2.91228546],
 [ 2.8788856 , 2.86781395, 2.85459853, 2.83905134, 2.82144821, 2.8028171 ,
   2.78514184, 2.77193233, 2.76749634, 2.76665863, 2.74863857, 2.72139309,
   2.69603436, 2.67338679, 2.65293551, 2.63423968, 2.61699194, 2.60098055,
   2.58605816, 2.57212081, 2.55909379],
 [ 2.58741067, 2.58627617, 2.58493156, 2.58354601, 2.58281748, 2.58403822,
   2.58900413, 2.60083843, 2.62221412, 2.64338666, 2.63147981, 2.60124317,
   2.57201088, 2.54583804, 2.52235331, 2.50112124, 2.48180972, 2.46416892,
   2.44800598, 2.43316776, 2.41952863],
 [ 2.18460747, 2.18998694, 2.19634432, 2.20405404, 2.21367763, 2.22609555,
   2.2427133 , 2.26557025, 2.2964624 , 2.33006492, 2.33868918, 2.31115754,
   2.2735131 , 2.23750036, 2.20500593, 2.17604574, 2.15036856, 2.1276668 ,
   2.10760707, 2.08985544, 2.07409976],
 [ 1.63321563, 1.63819142, 1.64394698, 1.65057179, 1.65810791, 1.66644582,
   1.67503722, 1.68227739, 1.6846823 , 1.67711244, 1.65633439, 1.6251476 ,
   1.58991562, 1.55568568, 1.52485203, 1.49801196, 1.47494079, 1.45514824,
   1.43811756, 1.42338724, 1.41056934],
 [ 1.09176196, 1.08573443, 1.07848825, 1.06978083, 1.05934362, 1.04689945,
   1.0322007 , 1.01510605, 0.9957168 , 0.97455573, 0.95264924, 0.93129317,
   0.91156457, 0.89400882, 0.87869966, 0.86545954, 0.8540304 , 0.84415444,
   0.83560018, 0.82816686, 0.8216828 ],
 [ 0.77904987, 0.77627556, 0.77272682, 0.76814513, 0.76219382, 0.75445958,
   0.74449253, 0.73192549, 0.71670593, 0.69938099, 0.68118954, 0.66371331,
   0.64827126, 0.63553619, 0.62554926, 0.61796042, 0.61227989, 0.60803798,
   0.60485176, 0.60243444, 0.6005805 ]]
measureGC
[ 1.    , 0.9   , 0.8   , 0.7   , 0.599 , 0.4958, 0.385 , 0.1608, 0.006 ,
  0.0018]
measureAPL
[ 1.        , 1.05581683, 1.13897262, 1.23981424, 1.46679747, 1.79571679,
  2.68632904, 5.52737337, 1.14258251, 0.29568104]
