
 BoxCounting Genetic
logR
[-1.94591015,-1.25276297,-0.84729786,-0.55961579,-0.33647224,-0.15415068,
  0.        ]
IndexZero
10
Tq
[-25.28904332,-23.08552322,-20.88215252,-18.67909503,-16.47671267,
 -14.27585338,-12.07870018, -9.89172027, -7.73744161, -5.69488196,
  -3.61920832,  0.        ,  3.71597483,  7.34483932, 10.91714709,
  14.44879968, 17.9480975 , 21.42001628, 24.86796833, 28.29456588,
  31.70194825]
Dq
[ 2.29900394, 2.30855232, 2.32023917, 2.33488688, 2.3538161 , 2.3793089 ,
  2.41574004, 2.47293007, 2.5791472 , 2.84744098, 3.61920832, 3.76874786,
  3.71597483, 3.67241966, 3.63904903, 3.61219992, 3.5896195 , 3.57000271,
  3.5525669 , 3.53682074, 3.52243869]
lnMrq
[[  9.02756552e+01,  8.82785781e+01,  8.72137867e+01,  8.59333887e+01,
    8.48156421e+01,  8.33403342e+01,  0.00000000e+00],
 [  8.17591008e+01,  7.97621111e+01,  7.86972374e+01,  7.74168542e+01,
    7.62988429e+01,  7.48241316e+01,  0.00000000e+00],
 [  7.32432029e+01,  7.12463928e+01,  7.01813515e+01,  6.89009943e+01,
    6.77824560e+01,  6.63089330e+01,  0.00000000e+00],
 [  6.47286559e+01,  6.27322202e+01,  6.16668334e+01,  6.03865171e+01,
    5.92669323e+01,  5.77957682e+01,  0.00000000e+00],
 [  5.62169331e+01,  5.42212934e+01,  5.31551816e+01,  5.18749121e+01,
    5.07532584e+01,  4.92867451e+01,  0.00000000e+00],
 [  4.77112743e+01,  4.57173709e+01,  4.46496880e+01,  4.33694017e+01,
    4.22436875e+01,  4.07862192e+01,  0.00000000e+00],
 [  3.92192477e+01,  3.72292607e+01,  3.61579606e+01,  3.48772906e+01,
    3.37436914e+01,  3.23033061e+01,  0.00000000e+00],
 [  3.07604266e+01,  2.87797417e+01,  2.76990636e+01,  2.64165151e+01,
    2.52677736e+01,  2.38574642e+01,  0.00000000e+00],
 [  2.23928845e+01,  2.04385157e+01,  1.93278410e+01,  1.80379572e+01,
    1.68597030e+01,  1.54918125e+01,  0.00000000e+00],
 [  1.42951700e+01,  1.24665426e+01,  1.12493366e+01,  9.93115684e+00,
    8.68569764e+00,  7.31001590e+00,  0.00000000e+00],
 [  6.80992192e+00,  5.58837162e+00,  4.42664143e+00,  3.18759153e+00,
    1.89611948e+00,  5.06817602e-01,  0.00000000e+00],
 [  0.00000000e+00,  0.00000000e+00,  0.00000000e+00,  0.00000000e+00,
    0.00000000e+00,  0.00000000e+00,  0.00000000e+00],
 [ -6.45461860e+00, -4.98882445e+00, -3.36596062e+00, -1.73274769e+00,
   -3.34815668e-01, -1.91420212e-03,  0.00000000e+00],
 [ -1.27611820e+01, -9.71559492e+00, -6.39863860e+00, -3.12388530e+00,
   -5.30761250e-01, -2.87194281e-03,  0.00000000e+00],
 [ -1.89922603e+01, -1.42856211e+01, -9.26038191e+00, -4.36315838e+00,
   -7.01572585e-01, -3.81540215e-03,  0.00000000e+00],
 [ -2.51747345e+01, -1.87413219e+01, -1.20043805e+01, -5.51181700e+00,
   -8.63278735e-01, -4.75192345e-03,  0.00000000e+00],
 [ -3.13209083e+01, -2.31045353e+01, -1.46551927e+01, -6.59789652e+00,
   -1.01918665e+00, -5.68172054e-03,  0.00000000e+00],
 [ -3.74373390e+01, -2.73889885e+01, -1.72278448e+01, -7.63675422e+00,
   -1.17030198e+00, -6.60489753e-03,  0.00000000e+00],
 [ -4.35278103e+01, -3.16049803e+01, -1.97339134e+01, -8.63792006e+00,
   -1.31710010e+00, -7.52155491e-03,  0.00000000e+00],
 [ -4.95945554e+01, -3.57613535e+01, -2.21835741e+01, -9.60792774e+00,
   -1.45989500e+00, -8.43179152e-03,  0.00000000e+00],
 [ -5.56388433e+01, -3.98662652e+01, -2.45861052e+01, -1.05516207e+01,
   -1.59893305e+00, -9.33570454e-03,  0.00000000e+00]]
fitNessAverage
[ 47.19675523, 47.20352854, 47.21054856, 47.21652905, 47.21710996,
  47.21995786, 47.22061895, 47.22196172, 47.22135386, 47.22222334,
  47.21271005, 47.2104884 , 47.20824273, 47.20620585, 47.20776834,
  47.20996338, 47.21084424, 47.2104105 , 47.20277415, 47.19829638,
  47.19318536, 47.19220701, 47.19265605, 47.1910749 , 47.18966208,
  47.19218904, 47.18849689, 47.19268571, 47.19287839]
fitNessMax
[ 47.24390549, 47.29729831, 47.29729831, 47.29816122, 47.29816122,
  47.29816122, 47.32166446, 47.33227561, 47.33227561, 47.33227561,
  47.30053918, 47.30053918, 47.30053918, 47.29540389, 47.31621996,
  47.31621996, 47.29540389, 47.29540389, 47.29540389, 47.29486239,
  47.2904401 , 47.2904401 , 47.2904401 , 47.2904401 , 47.2904401 ,
  47.2904401 , 47.29788195, 47.29478987, 47.28863753]
fitNessMin
[ 47.13825128, 47.13729988, 47.13729988, 47.13729988, 47.13729988,
  47.13729988, 47.13729988, 47.13729988, 47.13729988, 47.11973444,
  47.10447544, 47.09937416, 47.09937416, 47.09937416, 47.10676819,
  47.10676819, 47.10637651, 47.10637651, 47.10324365, 47.08369981,
  47.08369981, 47.08362573, 47.08362573, 47.08362573, 47.08362573,
  47.08362573, 47.08362573, 47.08362573, 47.08362573]


 BoxCounting Simulated Annealing
logR
[-1.94591015,-1.25276297,-0.84729786,-0.55961579,-0.33647224,-0.15415068,
  0.        ]
IndexZero
10
Tq
[ -4.74103406e+01, -4.29420602e+01, -3.84735875e+01, -3.40052243e+01,
  -2.95377323e+01, -2.50729804e+01, -2.06157437e+01, -1.61794303e+01,
  -1.18066699e+01, -7.63300782e+00, -3.81912792e+00, -6.64489750e-18,
   3.74386787e+00,  7.39594771e+00,  1.09956481e+01,  1.45618132e+01,
   1.81040702e+01,  2.16280628e+01,  2.51374185e+01,  2.86346257e+01,
   3.21214866e+01]
Dq
[ 4.31003096, 4.29420602, 4.27484305, 4.25065304, 4.21967605, 4.17883007,
  4.12314874, 4.04485756, 3.93555664, 3.81650391, 3.81912792, 3.80659938,
  3.74386787, 3.69797386, 3.66521605, 3.64045329, 3.62081403, 3.60467713,
  3.59105979, 3.57932821, 3.56905407]
lnMrq
[[  9.01697470e+01,  8.79450215e+01,  8.71182635e+01,  7.15066628e+01,
    5.33913936e+01,  0.00000000e+00,  0.00000000e+00],
 [  8.16531659e+01,  7.94283428e+01,  7.86014953e+01,  6.44211889e+01,
    4.80522542e+01,  0.00000000e+00,  0.00000000e+00],
 [  7.31372161e+01,  7.09122080e+01,  7.00851603e+01,  5.73454978e+01,
    4.27131149e+01,  0.00000000e+00,  0.00000000e+00],
 [  6.46225704e+01,  6.23972274e+01,  6.15697129e+01,  5.02816291e+01,
    3.73739756e+01,  0.00000000e+00,  0.00000000e+00],
 [  5.61106670e+01,  5.38847800e+01,  5.30561196e+01,  4.32322418e+01,
    3.20348366e+01,  0.00000000e+00,  0.00000000e+00],
 [  4.76047051e+01,  4.53781884e+01,  4.45465455e+01,  3.62011202e+01,
    2.66957020e+01,  0.00000000e+00,  0.00000000e+00],
 [  3.91122896e+01,  3.68862263e+01,  3.60463156e+01,  2.91944812e+01,
    2.13566163e+01,  0.00000000e+00,  0.00000000e+00],
 [  3.06535811e+01,  2.84350314e+01,  2.75706414e+01,  2.22251184e+01,
    1.60180900e+01,  0.00000000e+00,  0.00000000e+00],
 [  2.22900907e+01,  2.01141154e+01,  1.91727067e+01,  1.53286061e+01,
    1.06859475e+01,  0.00000000e+00,  0.00000000e+00],
 [  1.42130139e+01,  1.22482984e+01,  1.10849792e+01,  8.64241255e+00,
    5.42778690e+00,  0.00000000e+00,  0.00000000e+00],
 [  6.77308038e+00,  5.53733427e+00,  4.34380542e+00,  2.94443898e+00,
    1.09861229e+00,  0.00000000e+00,  0.00000000e+00],
 [  0.00000000e+00,  0.00000000e+00,  0.00000000e+00, -1.11022302e-16,
    0.00000000e+00,  0.00000000e+00,  0.00000000e+00],
 [ -6.43730175e+00, -4.99569151e+00, -3.26143266e+00, -1.59602073e+00,
   -1.19483961e-01,  0.00000000e+00,  0.00000000e+00],
 [ -1.27362632e+01, -9.75610754e+00, -6.17912400e+00, -2.87618422e+00,
   -1.84151893e-01,  0.00000000e+00,  0.00000000e+00],
 [ -1.89652639e+01, -1.43886708e+01, -8.94758028e+00, -4.02858710e+00,
   -2.45788318e-01,  0.00000000e+00,  0.00000000e+00],
 [ -2.51504353e+01, -1.89408021e+01, -1.16383502e+01, -5.11913408e+00,
   -3.07249140e-01,  0.00000000e+00,  0.00000000e+00],
 [ -3.13042638e+01, -2.34379640e+01, -1.42847389e+01, -6.17980385e+00,
   -3.68699735e-01,  0.00000000e+00,  0.00000000e+00],
 [ -3.74337465e+01, -2.78952592e+01, -1.69042398e+01, -7.22632368e+00,
   -4.30149734e-01,  0.00000000e+00,  0.00000000e+00],
 [ -4.35432326e+01, -3.23222266e+01, -1.95066601e+01, -8.26620074e+00,
   -4.91599698e-01,  0.00000000e+00,  0.00000000e+00],
 [ -4.96356410e+01, -3.67252579e+01, -2.20977552e+01, -9.30295904e+00,
   -5.53049661e-01,  0.00000000e+00,  0.00000000e+00],
 [ -5.57130612e+01, -4.11088985e+01, -2.46810377e+01, -1.03382467e+01,
   -6.14499623e-01,  0.00000000e+00,  0.00000000e+00]]


 Fixed Size Genetic
logR
[-2.07944154,-1.38629436,-0.98082925,-0.69314718,-0.47000363,-0.28768207,
 -0.13353139, 0.        ]
IndexZero
10
Tq
[-36.68749074,-33.30829922,-29.92940952,-26.55114295,-23.17418594,
 -19.80006242,-16.4323809 ,-13.08065357, -9.77412271, -6.61096951,
  -3.63962388,  0.        ,  3.54544435,  6.98263524, 10.3569976 ,
  13.68776654, 16.98440034, 20.25214346, 23.4941329 , 26.71239259,
  29.90840848]
Dq
[ 3.33522643, 3.33082992, 3.32548995, 3.31889287, 3.31059799, 3.3000104 ,
  3.28647618, 3.27016339, 3.2580409 , 3.30548475, 3.63962388, 3.62667742,
  3.54544435, 3.49131762, 3.45233253, 3.42194163, 3.39688007, 3.37535724,
  3.3563047 , 3.33904907, 3.3231565 ]
lnMrq
[[  9.02917905e+01,  8.82790448e+01,  8.72607025e+01,  8.59699922e+01,
    8.47720157e+01,  8.36117533e+01,  0.00000000e+00,  0.00000000e+00],
 [  8.17752135e+01,  7.97625966e+01,  7.87441351e+01,  7.74533600e+01,
    7.62553916e+01,  7.50950335e+01,  0.00000000e+00,  0.00000000e+00],
 [  7.32592700e+01,  7.12469161e+01,  7.02282115e+01,  6.89373054e+01,
    6.77393524e+01,  6.65787960e+01,  0.00000000e+00,  0.00000000e+00],
 [  6.47446299e+01,  6.27328191e+01,  6.17136132e+01,  6.04224407e+01,
    5.92245160e+01,  5.80635416e+01,  0.00000000e+00,  0.00000000e+00],
 [  5.62327164e+01,  5.42220441e+01,  5.32017865e+01,  5.19100689e+01,
    5.07121902e+01,  4.95503136e+01,  0.00000000e+00,  0.00000000e+00],
 [  4.77266629e+01,  4.57184271e+01,  4.46959003e+01,  4.34030580e+01,
    4.22052247e+01,  4.10413387e+01,  0.00000000e+00,  0.00000000e+00],
 [  3.92338111e+01,  3.72309339e+01,  3.62032651e+01,  3.49080796e+01,
    3.37101280e+01,  3.25415741e+01,  0.00000000e+00,  0.00000000e+00],
 [  3.07732555e+01,  2.87826380e+01,  2.77422331e+01,  2.64421111e+01,
    2.52429523e+01,  2.40628986e+01,  0.00000000e+00,  0.00000000e+00],
 [  2.24021814e+01,  2.04435416e+01,  1.93661124e+01,  1.80552217e+01,
    1.68489507e+01,  1.56375124e+01,  0.00000000e+00,  0.00000000e+00],
 [  1.42986733e+01,  1.24731824e+01,  1.12774259e+01,  9.93809383e+00,
    8.69207857e+00,  7.36841011e+00,  0.00000000e+00,  0.00000000e+00],
 [  6.80929314e+00,  5.59195666e+00,  4.43746134e+00,  3.19417321e+00,
    1.88251383e+00,  5.06817602e-01,  0.00000000e+00,  0.00000000e+00],
 [  0.00000000e+00,  0.00000000e+00,  0.00000000e+00,  0.00000000e+00,
    0.00000000e+00,  0.00000000e+00,  0.00000000e+00,  0.00000000e+00],
 [ -6.45290844e+00, -4.99354068e+00, -3.37251472e+00, -1.72541967e+00,
   -3.26365170e-01, -1.68826271e-03,  0.00000000e+00,  0.00000000e+00],
 [ -1.27581155e+01, -9.72819335e+00, -6.41307425e+00, -3.09827256e+00,
   -5.18373560e-01, -2.53334901e-03,  0.00000000e+00,  0.00000000e+00],
 [ -1.89881688e+01, -1.43098066e+01, -9.28641187e+00, -4.31758423e+00,
   -6.84180477e-01, -3.37018728e-03,  0.00000000e+00,  0.00000000e+00],
 [ -2.51699710e+01, -1.87808213e+01, -1.20482365e+01, -5.44868643e+00,
   -8.39846784e-01, -4.20320353e-03,  0.00000000e+00,  0.00000000e+00],
 [ -3.13159808e+01, -2.31620488e+01, -1.47246450e+01, -6.52191705e+00,
   -9.88897098e-01, -5.03249808e-03,  0.00000000e+00,  0.00000000e+00],
 [ -3.74329860e+01, -2.74647042e+01, -1.73306500e+01, -7.55385300e+00,
   -1.13248498e+00, -5.85811656e-03,  0.00000000e+00,  0.00000000e+00],
 [ -4.35250487e+01, -3.16950884e+01, -1.98762480e+01, -8.55440413e+00,
   -1.27121747e+00, -6.68010305e-03,  0.00000000e+00,  0.00000000e+00],
 [ -4.95947164e+01, -3.58570732e+01, -2.23688951e+01, -9.52984251e+00,
   -1.40554269e+00, -7.49850095e-03,  0.00000000e+00,  0.00000000e+00],
 [ -5.56435941e+01, -3.99538079e+01, -2.48147021e+01, -1.04843112e+01,
   -1.53584254e+00, -8.31335301e-03,  0.00000000e+00,  0.00000000e+00]]
fitNessAverage
[ 40.51586023, 40.51418212, 40.51536758, 40.512374  , 40.51163902,
  40.51188632, 40.5111418 , 40.51078343, 40.51171996, 40.51106793,
  40.51155937, 40.51290835, 40.5142649 , 40.51490207, 40.51407533,
  40.51348773, 40.51447154, 40.5131374 , 40.5135397 , 40.5128612 ,
  40.51281862, 40.51348691, 40.51398508]
fitNessMax
[ 40.57742904, 40.61619542, 40.61619542, 40.61619542, 40.61619542,
  40.61619542, 40.61619542, 40.61619542, 40.58466096, 40.56716473,
  40.58833102, 40.58833102, 40.57133554, 40.57133554, 40.57133554,
  40.57133554, 40.57133554, 40.57133554, 40.57133554, 40.57133554,
  40.56468827, 40.56271278, 40.55232713]
fitNessMin
[ 40.4880976 , 40.46022402, 40.46579454, 40.46018006, 40.45397575,
  40.46018006, 40.46018006, 40.46018006, 40.46018006, 40.44353187,
  40.44353187, 40.44779907, 40.45914178, 40.46310389, 40.45007489,
  40.45681302, 40.43766514, 40.43766514, 40.43766514, 40.45681302,
  40.46310389, 40.46370348, 40.46370348]


 Genetic fixed size Simulated Annealing
logR
[-2.07944154,-1.38629436,-0.98082925,-0.69314718,-0.47000363,-0.28768207,
 -0.13353139, 0.        ]
IndexZero
10
Tq
[-36.76175621,-33.38246261,-30.00336727,-26.62468511,-23.24688455,
 -19.87103916,-16.49982143,-13.14081763, -9.81965664, -6.63080832,
  -3.63709912,  0.        ,  3.54545684,  6.98392893, 10.35992337,
  13.69217134, 16.98983879, 20.25827539, 23.50121185, 26.72163251,
  29.9220885 ]
Dq
[ 3.34197784, 3.33824626, 3.33370747, 3.32808564, 3.32098351, 3.31183986,
  3.29996429, 3.28520441, 3.27321888, 3.31540416, 3.63709912, 3.62545239,
  3.54545684, 3.49196447, 3.45330779, 3.42304283, 3.39796776, 3.37637923,
  3.35731598, 3.34020406, 3.3246765 ]
lnMrq
[[  9.02929197e+01,  8.83389302e+01,  8.71808092e+01,  8.59472607e+01,
    8.46105227e+01,  8.32068750e+01,  0.00000000e+00,  0.00000000e+00],
 [  8.17763366e+01,  7.98224266e+01,  7.86642886e+01,  7.74306769e+01,
    7.60940465e+01,  7.46907472e+01,  0.00000000e+00,  0.00000000e+00],
 [  7.32603811e+01,  7.13066330e+01,  7.01484599e+01,  6.89147188e+01,
    6.75783024e+01,  6.61757038e+01,  0.00000000e+00,  0.00000000e+00],
 [  6.47457184e+01,  6.27923025e+01,  6.16340555e+01,  6.04000465e+01,
    5.90640536e+01,  5.76628673e+01,  0.00000000e+00,  0.00000000e+00],
 [  5.62337635e+01,  5.42810378e+01,  5.31226280e+01,  5.18880572e+01,
    5.05528929e+01,  4.91545594e+01,  0.00000000e+00,  0.00000000e+00],
 [  4.77276396e+01,  4.57763715e+01,  4.46175713e+01,  4.33818038e+01,
    4.20482210e+01,  4.06556613e+01,  0.00000000e+00,  0.00000000e+00],
 [  3.92346859e+01,  3.72865604e+01,  3.61266755e+01,  3.48883159e+01,
    3.35575680e+01,  3.21766805e+01,  0.00000000e+00,  0.00000000e+00],
 [  3.07740485e+01,  2.88329836e+01,  2.76692993e+01,  2.64252291e+01,
    2.50986707e+01,  2.37410296e+01,  0.00000000e+00,  0.00000000e+00],
 [  2.24031526e+01,  2.04818726e+01,  1.93008012e+01,  1.80435125e+01,
    1.67186002e+01,  1.54030955e+01,  0.00000000e+00,  0.00000000e+00],
 [  1.43004709e+01,  1.24891171e+01,  1.12285200e+01,  9.93296049e+00,
    8.58283095e+00,  7.29113326e+00,  0.00000000e+00,  0.00000000e+00],
 [  6.81137653e+00,  5.59270193e+00,  4.42280863e+00,  3.19499288e+00,
    1.86408013e+00,  5.36493371e-01,  0.00000000e+00,  0.00000000e+00],
 [  0.00000000e+00,  0.00000000e+00,  0.00000000e+00,  0.00000000e+00,
    0.00000000e+00,  0.00000000e+00,  0.00000000e+00,  0.00000000e+00],
 [ -6.45591257e+00, -4.99722363e+00, -3.37910472e+00, -1.75659870e+00,
   -3.47405561e-01, -1.46968826e-03,  0.00000000e+00,  0.00000000e+00],
 [ -1.27640197e+01, -9.74043000e+00, -6.42712440e+00, -3.16856564e+00,
   -5.54160108e-01, -2.20526766e-03,  0.00000000e+00,  0.00000000e+00],
 [ -1.89967714e+01, -1.43356544e+01, -9.29791246e+00, -4.41955503e+00,
   -7.34336281e-01, -2.93801432e-03,  0.00000000e+00,  0.00000000e+00],
 [ -2.51811547e+01, -1.88251333e+01, -1.20378219e+01, -5.56453860e+00,
   -9.04822995e-01, -3.66958515e-03,  0.00000000e+00,  0.00000000e+00],
 [ -3.13297358e+01, -2.32296471e+01, -1.46660680e+01, -6.62776719e+00,
   -1.06894242e+00, -4.39999050e-03,  0.00000000e+00,  0.00000000e+00],
 [ -3.74494313e+01, -2.75610963e+01, -1.71956202e+01, -7.62362899e+00,
   -1.22753019e+00, -5.12923421e-03,  0.00000000e+00,  0.00000000e+00],
 [ -4.35444744e+01, -3.18272992e+01, -1.96402270e+01, -8.56306432e+00,
   -1.38090731e+00, -5.85732006e-03,  0.00000000e+00,  0.00000000e+00],
 [ -4.96176459e+01, -3.60342165e+01, -2.20153949e+01, -9.45564489e+00,
   -1.52927880e+00, -6.58425183e-03,  0.00000000e+00,  0.00000000e+00],
 [ -5.56708689e+01, -4.01871152e+01, -2.43366808e+01, -1.03100299e+01,
   -1.67282073e+00, -7.31003328e-03,  0.00000000e+00,  0.00000000e+00]]

