BCAlgorithm
logR
[-1.38629436,-0.69314718,-0.28768207, 0.        ]
IndexZero
10
Tq
[ -2.79904492e+01, -2.52803374e+01, -2.25707808e+01, -1.98622690e+01,
  -1.71557878e+01, -1.44533468e+01, -1.17590912e+01, -9.08173670e+00,
  -6.44067591e+00, -3.88796028e+00, -1.60829988e+00,  2.60344892e-18,
   9.44803721e-01,  1.63824943e+00,  2.26833277e+00,  2.87933320e+00,
   3.48270418e+00,  4.08224805e+00,  4.67953810e+00,  5.27535206e+00,
   5.87013028e+00]
Dq
[ 2.54458629, 2.52803374, 2.50786454, 2.48278363, 2.45082683, 2.40889113,
  2.35181823, 2.27043417, 2.14689197, 1.94398014, 1.60829988, 1.20966643,
  0.94480372, 0.81912471, 0.75611092, 0.7198333 , 0.69654084, 0.68037467,
  0.66850544, 0.65941901, 0.6522367 ]
lnMrq
[[  3.63821583e+01,  1.50654577e+01,  2.82108842e-01,  0.00000000e+00],
 [  3.28636017e+01,  1.35722403e+01,  2.53897958e-01,  0.00000000e+00],
 [  2.93456710e+01,  1.20800568e+01,  2.25687074e-01,  0.00000000e+00],
 [  2.58289952e+01,  1.05892109e+01,  1.97476189e-01,  0.00000000e+00],
 [  2.23148483e+01,  9.10026338e+00,  1.69265305e-01,  0.00000000e+00],
 [  1.88058229e+01,  7.61438630e+00,  1.41054421e-01,  0.00000000e+00],
 [  1.53072302e+01,  6.13428825e+00,  1.12843544e-01,  0.00000000e+00],
 [  1.18301145e+01,  4.66662691e+00,  8.46328752e-02,  0.00000000e+00],
 [  8.39883915e+00,  3.22788194e+00,  5.64291112e-02,  0.00000000e+00],
 [  5.07943124e+00,  1.85792277e+00,  2.84497079e-02,  0.00000000e+00],
 [  2.10778319e+00,  6.98012762e-01,  5.54517744e-03,  0.00000000e+00],
 [ -3.55271368e-18,  0.00000000e+00,  0.00000000e+00,  0.00000000e+00],
 [ -1.22768566e+00, -4.84318037e-01, -4.70304592e-04,  0.00000000e+00],
 [ -2.12104888e+00, -8.99887394e-01, -7.16248507e-04,  0.00000000e+00],
 [ -2.93159919e+00, -1.28680736e+00, -9.55288075e-04,  0.00000000e+00],
 [ -3.71767801e+00, -1.66142580e+00, -1.19411832e-03,  0.00000000e+00],
 [ -4.49407632e+00, -2.03031633e+00, -1.43294222e-03,  0.00000000e+00],
 [ -5.26564217e+00, -2.39614936e+00, -1.67176594e-03,  0.00000000e+00],
 [ -6.03437474e+00, -2.76008303e+00, -1.91058964e-03,  0.00000000e+00],
 [ -6.80126416e+00, -3.12267526e+00, -2.14941335e-03,  0.00000000e+00],
 [ -7.56687242e+00, -3.48423103e+00, -2.38823705e-03,  0.00000000e+00]]FSBCAlgorithm
logR
[-1.60943791,-0.91629073,-0.51082562,-0.22314355, 0.        ]
IndexZero
10
Tq
[-16.09752627,-14.6724986 ,-13.2477372 ,-11.82351586,-10.40039737,
  -8.97955293, -7.5634599 , -6.15742867, -4.77192872, -3.39709549,
  -1.75790268,  0.        ,  1.33344632,  2.24053178,  2.90633271,
   3.46290065,  3.96828111,  4.44631057,  4.90779086,  5.35834666,
   5.80127221]
Dq
[ 1.46341148, 1.46724986, 1.4719708 , 1.47793948, 1.48577105, 1.49659216,
  1.51269198, 1.53935717, 1.59064291, 1.69854774, 1.75790268, 1.5779132 ,
  1.33344632, 1.12026589, 0.96877757, 0.86572516, 0.79365622, 0.74105176,
  0.70111298, 0.66979333, 0.6445858 ]
lnMrq
[[  3.76053203e+01,  3.48866790e+01,  3.38539123e+01,  3.36913839e+01,
    0.00000000e+00],
 [  3.40792101e+01,  3.13610163e+01,  3.03275518e+01,  3.01733413e+01,
    0.00000000e+00],
 [  3.05533566e+01,  2.78360516e+01,  2.68011914e+01,  2.66552991e+01,
    0.00000000e+00],
 [  2.70280298e+01,  2.43124822e+01,  2.32748315e+01,  2.31372584e+01,
    0.00000000e+00],
 [  2.35037980e+01,  2.07916989e+01,  1.97484764e+01,  1.96192238e+01,
    0.00000000e+00],
 [  1.99818863e+01,  1.72764724e+01,  1.62221618e+01,  1.61012149e+01,
    0.00000000e+00],
 [  1.64650286e+01,  1.37723478e+01,  1.26961922e+01,  1.25833214e+01,
    0.00000000e+00],
 [  1.29596074e+01,  1.02909367e+01,  9.17326523e+00,  9.06605918e+00,
    0.00000000e+00],
 [  9.48132564e+00,  6.86249678e+00,  5.67905139e+00,  5.55525473e+00,
    0.00000000e+00],
 [  6.07062182e+00,  3.61930733e+00,  2.45770412e+00,  2.17957210e+00,
    0.00000000e+00],
 [  2.83189085e+00,  1.16579862e+00,  5.63647023e-01,  2.33911130e-01,
    0.00000000e+00],
 [  0.00000000e+00,  0.00000000e+00,  0.00000000e+00,  0.00000000e+00,
    0.00000000e+00],
 [ -2.12424871e+00, -6.15141278e-01, -2.31039246e-01, -2.28715969e-02,
    0.00000000e+00],
 [ -3.55802478e+00, -1.05924237e+00, -3.71608932e-01, -3.45646804e-02,
    0.00000000e+00],
 [ -4.60397761e+00, -1.40987987e+00, -4.73687021e-01, -4.43381586e-02,
    0.00000000e+00],
 [ -5.48012685e+00, -1.69503749e+00, -5.54314944e-01, -5.31677468e-02,
    0.00000000e+00],
 [ -6.28090339e+00, -1.93148241e+00, -6.20262300e-01, -6.13395664e-02,
    0.00000000e+00],
 [ -7.04384369e+00, -2.13100438e+00, -6.75000238e-01, -6.89943166e-02,
    0.00000000e+00],
 [ -7.78514504e+00, -2.30232346e+00, -7.20829124e-01, -7.62234113e-02,
    0.00000000e+00],
 [ -8.51277713e+00, -2.45199762e+00, -7.59514086e-01, -8.30941351e-02,
    0.00000000e+00],
 [ -9.23116301e+00, -2.58498315e+00, -7.92481456e-01, -8.96582683e-02,
    0.00000000e+00]]

\SBAlgorithm
logR
[-1.38629436,-0.69314718,-0.28768207, 0.        ]
IndexZero
10
Tq
[-19.93869132,-18.02995841,-16.12021553,-14.21227882,-12.31026926,
 -10.41989175, -8.54876752, -6.70706141, -4.90877917, -3.17293765,
  -1.52374167,  0.        ,  1.32829608,  2.39747724,  3.23441177,
   3.92935236,  4.55320226,  5.14212571,  5.7126936 ,  6.27278719,
   6.82647047]
Dq
[ 1.8126083 , 1.80299584, 1.79113506, 1.77653485, 1.75860989, 1.73664863,
  1.7097535 , 1.67676535, 1.63625972, 1.58646883, 1.52374167, 1.44007903,
  1.32829608, 1.19873862, 1.07813726, 0.98233809, 0.91064045, 0.85702095,
  0.81609909, 0.7840984 , 0.75849672]
lnMrq
[[-11.64183576,-25.40051751,-35.31369546,-38.36415803],
 [-10.75680195,-23.33360639,-32.22553849,-34.91179257],
 [ -9.86063754,-21.26250425,-29.12137573,-31.45014002],
 [ -8.94884425,-19.18410375,-25.99746659,-27.97971049],
 [ -8.01560447,-17.09286223,-22.85003925,-24.50123228],
 [ -7.05374357,-14.97894171,-19.67572008,-21.01557336],
 [ -6.05480351,-12.82493248,-16.4719733 ,-17.52366196],
 [ -5.0090223 ,-10.59980613,-13.23740068,-14.0264186 ],
 [ -3.90466805, -8.25012517, -9.97179312,-10.52470649],
 [ -2.72547188, -5.7069184 , -6.67594707, -7.01930092],
 [ -1.44312925, -2.94159412, -3.35136824, -3.51087542],
 [  0.        ,  0.        ,  0.        ,  0.        ],
 [  1.70624255,  3.05508159,  3.3759563 ,  3.51285265],
 [  3.76612332,  6.18578299,  6.77414064,  7.02729671],
 [  6.14406772,  9.3743788 , 10.19209863, 10.5430211 ],
 [  8.71697306, 12.61151362, 13.62734642, 14.05977735],
 [ 11.38789119, 15.89023223, 17.07744662, 17.57736837],
 [ 14.10729229, 19.20409681, 20.54008702, 21.09563872],
 [ 16.85244147, 22.54698993, 24.0131477 , 24.61446617],
 [ 19.61250021, 25.91336105, 27.49474647, 28.1337549 ],
 [ 22.3818544 , 29.29843588, 30.98325952, 31.65342987]]


 SandBox Genetic
logR
[-1.38629436,-0.69314718,-0.28768207, 0.        ]
IndexZero
10
Tq
[-18.45797442,-16.7655938 ,-15.06093492,-13.34375476,-11.61460167,
  -9.87534157, -8.13012419, -6.38730063, -4.66313732, -2.98713756,
  -1.40712148,  0.        ,  1.13752027,  1.98922929,  2.65232851,
   3.22380552,  3.75389801,  4.26415638,  4.76400226,  5.25791188,
   5.74819459]
Dq
[ 1.67799767, 1.67655938, 1.67343721, 1.66796935, 1.65922881, 1.64589026,
  1.62602484, 1.59682516, 1.55437911, 1.49356878, 1.40712148, 1.28632792,
  1.13752027, 0.99461464, 0.8841095 , 0.80595138, 0.7507796 , 0.71069273,
  0.68057175, 0.65723899, 0.63868829]
lnMrq
[[-13.31468376,-22.34475566,-34.26607427,-37.91217499],
 [-12.20789262,-20.55051968,-31.31477208,-34.53484451],
 [-11.0979821 ,-18.75455028,-28.34323075,-31.14093429],
 [ -9.98363762,-16.95551788,-25.34632486,-27.73064019],
 [ -8.86290716,-15.15083922,-22.31867699,-24.30466691],
 [ -7.73283214,-13.33508152,-19.25520537,-20.86414175],
 [ -6.58880438,-11.49586178,-16.15176626,-17.41048879],
 [ -5.42334438, -9.60374991,-13.00570234,-13.9452908 ],
 [ -4.2234634 , -7.59328468, -9.81610902,-10.47016323],
 [ -2.96417619, -5.35607355, -6.58375046, -6.98665536],
 [ -1.59238931, -2.81132922, -3.31071711, -3.49618441],
 [  0.        ,  0.        ,  0.        ,  0.        ],
 [  1.95606252,  2.97407078,  3.34487895,  3.50082722],
 [  4.30502988,  6.03855258,  6.72013399,  7.00540039],
 [  6.916361  ,  9.16107509, 10.1219028 , 10.51298135],
 [  9.65740888, 12.32908074, 13.54639234, 14.02297085],
 [ 12.45858885, 15.53703115, 16.99000352, 17.53488763],
 [ 15.28942353, 18.78116199, 20.44943388, 21.04834832],
 [ 18.13618134, 22.05775522, 23.9217493 , 24.56304948],
 [ 20.9921178 , 25.36280924, 27.40441918, 28.07875205],
 [ 23.85365404, 28.69220056, 30.89531738, 31.59526835]]
fitNessAverage
[ 16.44738279, 16.49582882, 16.26067179, 16.21111745, 16.09885946,
  15.82557535, 15.68318411, 15.54493444, 15.20517589, 15.06907486,
  15.17949928, 15.37190792, 15.57127244, 15.60317092, 15.61236349,
  15.57164958, 15.47899625, 15.34152319, 15.41446899, 15.40517653,
  15.32963109, 15.55753467, 15.7228157 , 15.82748513, 16.13345348,
  16.18811934, 16.29140124, 16.23295934, 16.27340648, 16.40107579,
  16.19972133, 15.99004827, 15.80326717, 15.7917383 , 15.76395318,
  15.87025765, 15.82675071, 15.79040412, 15.9164453 , 16.03692181,
  16.00960049, 15.67749503, 15.66227919, 15.99343098, 16.36896599,
  16.61992857, 16.74540938, 17.07481703, 17.37407382, 17.20190873,
  16.9369943 , 16.73571227, 16.72056664, 16.64241173, 16.48214465,
  16.51382421, 16.45726429, 16.40969545, 16.40273609, 16.43009293,
  16.47235259, 16.52143585, 16.66910503, 16.6456104 , 16.64980831,
  16.84132312, 16.84489531, 16.76660331, 16.60496498, 16.61487823,
  16.74894241, 16.7931293 , 16.71625308, 16.82202394]
fitNessMax
[ 17.6384421 , 18.53681917, 18.19607843, 18.19607843, 18.19607843,
  18.19607843, 18.19607843, 18.19607843, 18.19607843, 18.19607843,
  18.39360908, 18.33823529, 18.65399121, 18.67793729, 18.67793729,
  18.67793729, 18.33823529, 18.10323152, 18.10323152, 18.28249818,
  18.28249818, 18.56299613, 18.56299613, 18.49149816, 19.28136489,
  19.28136489, 19.45944393, 19.54920152, 20.20622702, 20.20622702,
  20.20622702, 19.57821351, 19.57821351, 20.1171875 , 20.1171875 ,
  20.1171875 , 19.57821351, 19.18169935, 20.66666667, 20.66666667,
  20.66666667, 20.66666667, 19.36993464, 20.52461874, 20.52461874,
  19.82570806, 19.82570806, 20.0030012 , 20.0030012 , 20.0030012 ,
  20.0030012 , 19.54509804, 21.22813411, 21.22813411, 21.22813411,
  21.22813411, 20.06516892, 20.06516892, 20.06516892, 20.06516892,
  20.27765134, 20.27765134, 20.27765134, 19.84390479, 20.13440788,
  20.13440788, 19.37936759, 20.35395861, 20.35395861, 20.1411015 ,
  20.1411015 , 20.1411015 , 19.56545021, 19.56545021]
fitNessMin
[ 15.81345882, 14.17001812, 11.94222545, 12.29575163, 12.13235294,
  12.13235294, 11.16126483, 11.16126483, 11.16126483, 11.55491003,
  11.55491003, 11.86657791, 11.86657791, 11.53242897, 11.53242897,
  11.49950312, 11.49950312, 11.49950312, 11.75967946, 11.31591797,
  11.86236213, 11.86236213, 11.86236213, 11.86236213, 11.86236213,
  11.86236213, 11.86236213, 11.86236213, 11.86236213, 11.86236213,
  11.86236213, 12.02571808, 12.133071  , 11.81176471, 11.81176471,
  12.133071  , 12.133071  , 12.36862745, 12.51764706, 12.54553377,
  11.90588235, 11.50326797, 11.50326797, 11.50326797, 11.50326797,
  11.50326797, 11.50326797, 12.75294118, 13.41176471, 12.75510204,
  12.5728863 , 11.38526839, 11.38526839, 12.33232483, 12.31090525,
  12.19309754, 12.19309754, 11.98157916, 11.97622426, 11.97622426,
  11.47152534, 11.47152534, 11.9280302 , 11.9280302 , 11.245281  ,
  11.245281  , 11.245281  , 12.04316046, 12.2694048 , 12.97223487,
  12.13151624, 12.13151624, 12.56258534, 12.04316046]


 SandBox Simulated Annealing
logR
[-1.09861229,-0.40546511, 0.        ]
IndexZero
10
Tq
[-21.42806879,-19.45035493,-17.46915484,-15.48585982,-13.50314364,
 -11.52483583, -9.55485906, -7.59477727, -5.64108251, -3.69108635,
  -1.77414136,  0.        ,  1.44163196,  2.47095999,  3.23535759,
   3.89042384,  4.50619717,  5.10742468,  5.70318726,  6.29727801,
   6.89143419]
Dq
[ 1.94800625, 1.94503549, 1.9410172 , 1.93573248, 1.92902052, 1.92080597,
  1.91097181, 1.89869432, 1.88036084, 1.84554318, 1.77414136, 1.64050944,
  1.44163196, 1.23547999, 1.07845253, 0.97260596, 0.90123943, 0.85123745,
  0.81474104, 0.78715975, 0.76571491]
lnMrq
[[-10.54102285,-22.70140779,-34.59713679],
 [ -9.8096522 ,-20.90712805,-31.63412673],
 [ -9.06094865,-19.11103076,-28.64652396],
 [ -8.28822801,-17.31162445,-25.62836405],
 [ -7.48332314,-15.50585355,-22.57379409],
 [ -6.63706198,-13.68692242,-19.47790239],
 [ -5.74013933,-11.83865933,-16.33752661],
 [ -4.78391824, -9.9222444 ,-13.15172836],
 [ -3.75991208, -7.85578034, -9.92174319],
 [ -2.65497919, -5.52492316, -6.65047623],
 [ -1.43432045, -2.88157197, -3.34181114],
 [  0.        ,  0.        ,  0.        ],
 [  1.82454929,  3.02042489,  3.37073817],
 [  4.10923317,  6.12227349,  6.7664221 ],
 [  6.69468581,  9.28076156, 10.18338944],
 [  9.4155236 , 12.48476935, 13.61832272],
 [ 12.19578844, 15.72754388, 17.06825772],
 [ 15.00682536, 19.00354935, 20.53058581],
 [ 17.83654175, 22.30772477, 24.00304981],
 [ 20.67866656, 25.63546294, 27.4837304 ],
 [ 23.52940524, 28.98270368, 30.97102276]]


 BoxCounting Genetic
logR
[-1.60943791,-0.91629073,-0.51082562,-0.22314355, 0.        ]
IndexZero
10
Tq
[-15.96155306,-14.53875084,-13.11623296,-11.69429211,-10.27353068,
  -8.855205  , -7.44198282, -6.03962972, -4.65989566, -3.29841255,
  -1.68639618,  0.        ,  1.16817591,  1.93597805,  2.5386637 ,
   3.0718229 ,  3.56726736,  4.03848016,  4.49286536,  4.93511497,
   5.36839185]
Dq
[ 1.45105028, 1.45387508, 1.45735922, 1.46178651, 1.46764724, 1.4758675 ,
  1.48839656, 1.50990743, 1.55329855, 1.64920628, 1.68639618, 1.4529038 ,
  1.16817591, 0.96798902, 0.84622123, 0.76795572, 0.71345347, 0.67308003,
  0.64183791, 0.61688937, 0.59648798]
lnMrq
[[  3.74465508e+01,  3.48786619e+01,  3.38773109e+01,  3.38364889e+01,
    0.00000000e+00],
 [  3.39204642e+01,  3.13530214e+01,  3.03509504e+01,  3.03101284e+01,
    0.00000000e+00],
 [  3.03946581e+01,  2.78281023e+01,  2.68245899e+01,  2.67837679e+01,
    0.00000000e+00],
 [  2.68694268e+01,  2.43046285e+01,  2.32982299e+01,  2.32574074e+01,
    0.00000000e+00],
 [  2.33453866e+01,  2.07840507e+01,  1.97718738e+01,  1.97310476e+01,
    0.00000000e+00],
 [  1.98238588e+01,  1.72692839e+01,  1.62455509e+01,  1.62046927e+01,
    0.00000000e+00],
 [  1.63077622e+01,  1.37662540e+01,  1.27195129e+01,  1.26783801e+01,
    0.00000000e+00],
 [  1.28038112e+01,  1.02876975e+01,  9.19602755e+00,  9.15248693e+00,
    0.00000000e+00],
 [  9.32826826e+00,  6.86755557e+00,  5.69746924e+00,  5.63262080e+00,
    0.00000000e+00],
 [  5.92329566e+00,  3.64801527e+00,  2.45735705e+00,  2.24019438e+00,
    0.00000000e+00],
 [  2.70805020e+00,  1.21491274e+00,  5.70979547e-01,  2.54642218e-01,
    0.00000000e+00],
 [  0.00000000e+00,  0.00000000e+00,  0.00000000e+00,  0.00000000e+00,
    0.00000000e+00],
 [ -1.83485481e+00, -6.76062131e-01, -2.45206083e-01, -3.22086768e-02,
    0.00000000e+00],
 [ -3.02170267e+00, -1.17599088e+00, -3.94799866e-01, -4.87105826e-02,
    0.00000000e+00],
 [ -3.94809946e+00, -1.58152813e+00, -5.01514944e-01, -6.16226008e-02,
    0.00000000e+00],
 [ -4.77078609e+00, -1.92198651e+00, -5.83982317e-01, -7.27503689e-02,
    0.00000000e+00],
 [ -5.54037102e+00, -2.21365232e+00, -6.50149369e-01, -8.26766314e-02,
    0.00000000e+00],
 [ -6.27738699e+00, -2.46727597e+00, -7.04244259e-01, -9.16894005e-02,
    0.00000000e+00],
 [ -6.99267894e+00, -2.69059924e+00, -7.49028097e-01, -9.99747586e-02,
    0.00000000e+00],
 [ -7.69290035e+00, -2.88950204e+00, -7.86533205e-01, -1.07668783e-01,
    0.00000000e+00],
 [ -8.38239231e+00, -3.06859686e+00, -8.18330819e-01, -1.14875487e-01,
    0.00000000e+00]]
fitNessAverage
[ 14.26083189, 14.22365568, 14.21976933, 14.4502942 , 14.61472631,
  14.69809525, 14.71406842, 14.48337649, 14.24719939, 14.10275602,
  13.97494131, 13.8302735 , 13.80124471, 14.0512746 , 14.25758567,
  14.36628156, 14.50704062, 14.51218896, 14.54513887, 14.35436641,
  14.38276702, 14.39899709, 14.39020981, 14.40920099, 14.5206406 ,
  14.74452139, 15.0239827 , 15.15616264, 15.28894448, 15.33346379,
  15.38216027, 15.42204617, 15.54127846, 15.42458314, 15.27764775,
  15.15377078, 15.02506236, 15.02091805, 15.07610447, 14.94733099]
fitNessMax
[ 16.31703886, 17.64963166, 17.16975295, 17.17353608, 17.17353608,
  17.6625    , 17.61747125, 17.17353608, 17.17353608, 17.17353608,
  17.17353608, 17.17353608, 17.17353608, 17.17353608, 17.43529412,
  17.57316176, 17.57316176, 17.90735294, 18.04632353, 17.90735294,
  17.55147059, 17.55147059, 17.55147059, 17.55147059, 17.55147059,
  17.44594908, 17.81772339, 17.97595259, 17.97595259, 17.97595259,
  17.97595259, 17.81772339, 17.67021432, 17.48153993, 17.48153993,
  17.33236504, 17.11903897, 17.11903897, 17.11903897, 17.02357572]
fitNessMin
[ 10.78475997, 10.78475997, 10.78475997, 10.78475997, 10.78475997,
  10.78475997, 10.78475997, 10.31328169, 11.14208039, 11.26772038,
  10.91953037, 10.91953037, 10.96029412, 10.96029412, 10.96029412,
  10.96029412, 11.52629006, 11.55591866, 11.57720588, 10.96029412,
  11.34926471, 11.34926471, 11.46544118, 11.25828667, 11.25828667,
  11.46544118, 11.46544118, 11.79686629, 11.62277128, 11.62277128,
  11.62277128, 11.62277128, 11.79686629, 11.79686629, 11.09233896,
  11.09233896, 10.69440752, 10.69440752, 10.69440752, 10.89594607]


 BoxCounting Simulated Annealing
logR
[-1.60943791,-0.91629073,-0.51082562,-0.22314355, 0.        ]
IndexZero
10
Tq
[-15.96155306,-14.53875084,-13.11623296,-11.69429211,-10.27353068,
  -8.855205  , -7.44198282, -6.03962972, -4.65989566, -3.29841255,
  -1.68639618,  0.        ,  1.16817591,  1.93597805,  2.5386637 ,
   3.0718229 ,  3.56726736,  4.03848016,  4.49286536,  4.93511497,
   5.36839185]
Dq
[ 1.45105028, 1.45387508, 1.45735922, 1.46178651, 1.46764724, 1.4758675 ,
  1.48839656, 1.50990743, 1.55329855, 1.64920628, 1.68639618, 1.4529038 ,
  1.16817591, 0.96798902, 0.84622123, 0.76795572, 0.71345347, 0.67308003,
  0.64183791, 0.61688937, 0.59648798]
lnMrq
[[  3.74465508e+01,  3.48786619e+01,  3.38773109e+01,  3.38364889e+01,
    0.00000000e+00],
 [  3.39204642e+01,  3.13530214e+01,  3.03509504e+01,  3.03101284e+01,
    0.00000000e+00],
 [  3.03946581e+01,  2.78281023e+01,  2.68245899e+01,  2.67837679e+01,
    0.00000000e+00],
 [  2.68694268e+01,  2.43046285e+01,  2.32982299e+01,  2.32574074e+01,
    0.00000000e+00],
 [  2.33453866e+01,  2.07840507e+01,  1.97718738e+01,  1.97310476e+01,
    0.00000000e+00],
 [  1.98238588e+01,  1.72692839e+01,  1.62455509e+01,  1.62046927e+01,
    0.00000000e+00],
 [  1.63077622e+01,  1.37662540e+01,  1.27195129e+01,  1.26783801e+01,
    0.00000000e+00],
 [  1.28038112e+01,  1.02876975e+01,  9.19602755e+00,  9.15248693e+00,
    0.00000000e+00],
 [  9.32826826e+00,  6.86755557e+00,  5.69746924e+00,  5.63262080e+00,
    0.00000000e+00],
 [  5.92329566e+00,  3.64801527e+00,  2.45735705e+00,  2.24019438e+00,
    0.00000000e+00],
 [  2.70805020e+00,  1.21491274e+00,  5.70979547e-01,  2.54642218e-01,
    0.00000000e+00],
 [  0.00000000e+00,  0.00000000e+00,  0.00000000e+00,  0.00000000e+00,
    0.00000000e+00],
 [ -1.83485481e+00, -6.76062131e-01, -2.45206083e-01, -3.22086768e-02,
    0.00000000e+00],
 [ -3.02170267e+00, -1.17599088e+00, -3.94799866e-01, -4.87105826e-02,
    0.00000000e+00],
 [ -3.94809946e+00, -1.58152813e+00, -5.01514944e-01, -6.16226008e-02,
    0.00000000e+00],
 [ -4.77078609e+00, -1.92198651e+00, -5.83982317e-01, -7.27503689e-02,
    0.00000000e+00],
 [ -5.54037102e+00, -2.21365232e+00, -6.50149369e-01, -8.26766314e-02,
    0.00000000e+00],
 [ -6.27738699e+00, -2.46727597e+00, -7.04244259e-01, -9.16894005e-02,
    0.00000000e+00],
 [ -6.99267894e+00, -2.69059924e+00, -7.49028097e-01, -9.99747586e-02,
    0.00000000e+00],
 [ -7.69290035e+00, -2.88950204e+00, -7.86533205e-01, -1.07668783e-01,
    0.00000000e+00],
 [ -8.38239231e+00, -3.06859686e+00, -8.18330819e-01, -1.14875487e-01,
    0.00000000e+00]]


Execution time

Box Counting	Box Counting Fixed	SandBox	Genetic SandBox	Simulated SandBox	Genetic BCFS	Simulated BCFS
[ 21.06635714, 41.026191  ,  1.80295897, 12.46757603,  6.43583393,
  10.51977491,  6.635818  ,  8.89876318,  6.672225  ]