BCAlgorithm
logR
[-1.09861229,-0.40546511, 0.        ]
IndexZero
10
Tq
[ -3.82634643e+01, -3.44699394e+01, -3.06789580e+01, -2.68921256e+01,
  -2.31123573e+01, -1.93453873e+01, -1.56037635e+01, -1.19187051e+01,
  -8.37562554e+00, -5.16900091e+00, -2.43525402e+00,  1.99666977e-17,
   2.30700166e+00,  4.55131675e+00,  6.75778073e+00,  8.93819403e+00,
   1.10992796e+01,  1.32453518e+01,  1.53794132e+01,  1.75036704e+01,
   1.96198055e+01]
Dq
[ 3.47849676, 3.44699394, 3.40877311, 3.36151569, 3.30176533, 3.22423121,
  3.1207527 , 2.97967627, 2.79187518, 2.58450046, 2.43525402, 2.3540453 ,
  2.30700166, 2.27565837, 2.25259358, 2.23454851, 2.21985591, 2.20755864,
  2.19705903, 2.18795881, 2.17997839]
lnMrq
[[  4.39138735e+01,  2.72059533e+01,  0.00000000e+00],
 [  3.95581121e+01,  2.44959748e+01,  0.00000000e+00],
 [  3.52052786e+01,  2.17878588e+01,  0.00000000e+00],
 [  3.08571729e+01,  1.90824819e+01,  0.00000000e+00],
 [  2.65170493e+01,  1.63813476e+01,  0.00000000e+00],
 [  2.21912826e+01,  1.36872504e+01,  0.00000000e+00],
 [  1.78937688e+01,  1.10059662e+01,  0.00000000e+00],
 [  1.36589625e+01,  8.35113049e+00,  0.00000000e+00],
 [  9.58110730e+00,  5.75991210e+00,  0.00000000e+00],
 [  5.87917191e+00,  3.34426728e+00,  0.00000000e+00],
 [  2.73847891e+00,  1.38028257e+00,  0.00000000e+00],
 [ -2.22044605e-17, -9.76996262e-18,  0.00000000e+00],
 [ -2.55326883e+00, -1.05230352e+00,  0.00000000e+00],
 [ -5.01884759e+00, -1.96196260e+00,  0.00000000e+00],
 [ -7.43494441e+00, -2.80708191e+00,  0.00000000e+00],
 [ -9.81890027e+00, -3.61970667e+00,  0.00000000e+00],
 [ -1.21799763e+01, -4.41424217e+00,  0.00000000e+00],
 [ -1.45237889e+01, -5.19789661e+00,  0.00000000e+00],
 [ -1.68540732e+01, -5.97460726e+00,  0.00000000e+00],
 [ -1.91734794e+01, -6.74667529e+00,  0.00000000e+00],
 [ -2.14839736e+01, -7.51551959e+00,  0.00000000e+00]]FSBCAlgorithm
logR
[-1.60943791,-0.91629073,-0.51082562,-0.22314355, 0.        ]
IndexZero
10
Tq
[ -3.22696026e+01, -2.90958481e+01, -2.59226368e+01, -2.27505453e+01,
  -1.95807995e+01, -1.64160946e+01, -1.32627076e+01, -1.01368239e+01,
  -7.08706221e+00, -4.26726935e+00, -1.92979424e+00,  3.68495585e-18,
   1.71329373e+00,  3.32925133e+00,  4.89559037e+00,  6.43143097e+00,
   7.94602688e+00,  9.44460893e+00,  1.09304746e+01,  1.24058710e+01,
   1.38724217e+01]
Dq
[ 2.93360023, 2.90958481, 2.88029298, 2.84381817, 2.79725707, 2.73601576,
  2.65254153, 2.53420598, 2.36235407, 2.13363467, 1.92979424, 1.79381749,
  1.71329373, 1.66462567, 1.63186346, 1.60785774, 1.58920538, 1.57410149,
  1.56149637, 1.55073387, 1.54138019]
lnMrq
[[  4.82586095e+01,  4.65799862e+01,  4.52813175e+01,  0.00000000e+00,
    0.00000000e+00],
 [  4.35144529e+01,  4.18357910e+01,  4.05369933e+01,  0.00000000e+00,
    0.00000000e+00],
 [  3.87710960e+01,  3.70923536e+01,  3.57932962e+01,  0.00000000e+00,
    0.00000000e+00],
 [  3.40293893e+01,  3.23504761e+01,  3.10508998e+01,  0.00000000e+00,
    0.00000000e+00],
 [  2.92911482e+01,  2.76118588e+01,  2.63112717e+01,  0.00000000e+00,
    0.00000000e+00],
 [  2.45603922e+01,  2.28802262e+01,  2.15778080e+01,  0.00000000e+00,
    0.00000000e+00],
 [  1.98466075e+01,  1.81641874e+01,  1.68591419e+01,  0.00000000e+00,
    0.00000000e+00],
 [  1.51747111e+01,  1.34856296e+01,  1.21800534e+01,  0.00000000e+00,
    0.00000000e+00],
 [  1.06199167e+01,  8.91105331e+00,  7.61887212e+00,  0.00000000e+00,
    0.00000000e+00],
 [  6.40662146e+00,  4.70242793e+00,  3.42769217e+00,  0.00000000e+00,
    0.00000000e+00],
 [  2.88557026e+00,  1.66758495e+00,  6.10821634e-01,  0.00000000e+00,
    0.00000000e+00],
 [ -6.21724894e-18,  0.00000000e+00,  0.00000000e+00,  0.00000000e+00,
    0.00000000e+00],
 [ -2.59304256e+00, -1.12560815e+00, -8.91665616e-02,  0.00000000e+00,
    0.00000000e+00],
 [ -5.06824541e+00, -2.06111055e+00, -1.36944119e-01,  0.00000000e+00,
    0.00000000e+00],
 [ -7.48440884e+00, -2.90448858e+00, -1.79583381e-01,  0.00000000e+00,
    0.00000000e+00],
 [ -9.86423477e+00, -3.69202626e+00, -2.20205439e-01,  0.00000000e+00,
    0.00000000e+00],
 [ -1.22187445e+01, -4.44057917e+00, -2.59230827e-01,  0.00000000e+00,
    0.00000000e+00],
 [ -1.45542697e+01, -5.15924910e+00, -2.96788820e-01,  0.00000000e+00,
    0.00000000e+00],
 [ -1.68748655e+01, -5.85354539e+00, -3.32965301e-01,  0.00000000e+00,
    0.00000000e+00],
 [ -1.91833193e+01, -6.52714353e+00, -3.67834640e-01,  0.00000000e+00,
    0.00000000e+00],
 [ -2.14816417e+01, -7.18271943e+00, -4.01464848e-01,  0.00000000e+00,
    0.00000000e+00]]

\SBAlgorithm
logR
[-1.38629436,-0.69314718,-0.28768207, 0.        ]
IndexZero
10
Tq
[-19.75125611,-17.88709527,-16.03930912,-14.20765151,-12.39136288,
 -10.58930096, -8.80010206, -7.02233369, -5.25461313, -3.49568373,
  -1.74445265,  0.        ,  1.7384305 ,  3.47145087,  5.19955238,
   6.92312951,  8.64250229, 10.35793569, 12.06965561, 13.77786125,
  15.48273399]
Dq
[ 1.79556874, 1.78870953, 1.78214546, 1.77595644, 1.7701947 , 1.76488349,
  1.76002041, 1.75558342, 1.75153771, 1.74784187, 1.74445265, 1.7413283 ,
  1.7384305 , 1.73572544, 1.73318413, 1.73078238, 1.72850046, 1.72632262,
  1.72423652, 1.72223266, 1.72030378]
lnMrq
[[-26.25273221,-42.15696951,-51.49096256,-52.19425341],
 [-23.9543886 ,-38.41609544,-46.8265568 ,-47.44932128],
 [-21.63430687,-34.65871735,-42.15823581,-42.70438916],
 [-19.29302907,-30.88384018,-37.4862065 ,-37.95945703],
 [-16.93177349,-27.09065824,-32.81067527,-33.2145249 ],
 [-14.55225201,-23.27858005,-28.13184496,-28.46959277],
 [-12.15644861,-19.44723151,-23.44991244,-23.72466064],
 [ -9.74641284,-15.59643732,-18.76506676,-18.97972851],
 [ -7.32410209,-11.72618447,-14.07748788,-14.23479639],
 [ -4.8912832 , -7.83657566, -9.38734578, -9.48986426],
 [ -2.4494868 , -3.92778147, -4.69480011, -4.74493213],
 [  0.        ,  0.        ,  0.        ,  0.        ],
 [  2.45611744,  3.94656964,  4.69691576,  4.74493213],
 [  4.91800541,  7.91173682,  9.39581839,  9.48986426],
 [  7.38497207, 11.89531187, 14.09658871, 14.23479639],
 [  9.85646371, 15.89708477, 18.79911652, 18.97972851],
 [ 12.33203788, 19.91679542, 23.5033001 , 23.72466064],
 [ 14.81134065, 23.95410201, 28.20904552, 28.46959277],
 [ 17.29408804, 28.00855412, 32.91626608, 33.2145249 ],
 [ 19.78005105, 32.07957577, 37.62488169, 37.95945703],
 [ 22.26904382, 36.16646155, 42.33481833, 42.70438916]]


 SandBox Genetic
logR
[-1.38629436,-0.69314718,-0.28768207, 0.        ]
IndexZero
10
Tq
[-19.50273887,-17.68284683,-15.87367823,-14.07500779,-12.28644319,
 -10.50746644, -8.7374769 , -6.97583109, -5.22187638, -3.47497737,
  -1.73453513,  0.        ,  1.72912127,  3.45326291,  5.17280124,
   6.88805854,  8.59930874, 10.30678414, 12.01068258, 13.71117438,
  15.40840877]
Dq
[ 1.77297626, 1.76828468, 1.76374203, 1.75937597, 1.75520617, 1.75124441,
  1.74749538, 1.74395777, 1.74062546, 1.73748869, 1.73453513, 1.7317509 ,
  1.72912127, 1.72663145, 1.72426708, 1.72201464, 1.71986175, 1.71779736,
  1.7158118 , 1.7138968 , 1.71204542]
lnMrq
[[-26.60057906,-41.93476272,-51.43966499,-52.19425341],
 [-24.24120593,-38.22254682,-46.78319339,-47.44932128],
 [-21.86756839,-34.49323502,-42.12198722,-42.70438916],
 [-19.48025227,-30.74543116,-37.45630844,-37.95945703],
 [-17.08005458,-26.97787418,-32.78642036,-33.2145249 ],
 [-14.667916  ,-23.18951143,-28.11258296,-28.46959277],
 [-12.24485279,-19.37956071,-23.43504919,-23.72466064],
 [ -9.81189631,-15.54754992,-18.75406211,-18.97972851],
 [ -7.37004508,-11.69332644,-14.06985283,-14.23479639],
 [ -4.92023111, -7.81703481, -9.38263918, -9.48986426],
 [ -2.46329965, -3.91906762, -4.69262502, -4.74493213],
 [  0.        ,  0.        ,  0.        ,  0.        ],
 [  2.46901528,  3.93948041,  4.6950603 ,  4.74493213],
 [  4.94318563,  7.89863688,  9.39239387,  9.48986426],
 [  7.42203439, 11.87673311, 14.09185168, 14.23479639],
 [  9.90515913, 15.87306569, 18.79329682, 18.97972851],
 [ 12.39222155, 19.88697951, 23.49660373, 23.72466064],
 [ 14.88293781, 23.91786923, 28.20165723, 28.46959277],
 [ 17.37706952, 27.96517038, 32.90835172, 33.2145249 ],
 [ 19.87441585, 32.02834457, 37.61659026, 37.95945703],
 [ 22.37480663, 36.10686236, 42.32628383, 42.70438916]]
fitNessAverage
[ 54.99540502, 55.04245402, 55.06547107, 55.08361681, 55.12780619,
  55.12964627, 55.14762799, 55.15829811, 55.1518588 , 55.13434574,
  55.11682763, 55.10788977, 55.09404495, 55.10892396, 55.12370951,
  55.12079715, 55.12818416, 55.13345587, 55.17170317, 55.19162193,
  55.19175694, 55.17116096, 55.16901827]
fitNessMax
[ 55.49994812, 55.91968886, 55.77121975, 55.71620059, 55.62220939,
  55.62220939, 55.62220939, 55.70045573, 55.70045573, 55.70045573,
  55.70045573, 55.70045573, 55.56031542, 55.73657021, 55.77508002,
  55.79483882, 55.84296764, 55.84296764, 55.84296764, 55.84296764,
  55.82931661, 55.82931661, 55.82931661]
fitNessMin
[ 54.48673924, 54.45411012, 54.37196464, 54.37196464, 54.48673924,
  54.5468    , 54.57539248, 54.57561728, 54.57561728, 54.64652492,
  54.5088886 , 54.5088886 , 54.5088886 , 54.5088886 , 54.6294353 ,
  54.32313336, 54.32313336, 54.32313336, 54.6294353 , 54.61548677,
  54.61548677, 54.61548677, 54.61548677]


 SandBox Simulated Annealing
logR
[-1.38629436,-0.69314718,-0.28768207, 0.        ]
IndexZero
10
Tq
[-19.5215812 ,-17.70181599,-15.89255848,-14.09347736,-12.30409954,
 -10.52385623, -8.75212748, -6.98828042, -5.23169868, -3.48180274,
  -1.73806195,  0.        ,  1.73280462,  3.4607215 ,  5.18407322,
   6.90314143,  8.61817316, 10.32938694, 12.03697838, 13.74112483,
  15.44198931]
Dq
[ 1.7746892 , 1.7701816 , 1.76583983, 1.76168467, 1.75772851, 1.75397604,
  1.7504255 , 1.74707011, 1.74389956, 1.74090137, 1.73806195, 1.7353675 ,
  1.73280462, 1.73036075, 1.72802441, 1.72578536, 1.72363463, 1.72156449,
  1.71956834, 1.7176406 , 1.71577659]
lnMrq
[[-26.56661044,-42.30815647,-51.5425592 ,-52.19425341],
 [-24.2081864 ,-38.53863094,-46.86991624,-47.44932128],
 [-21.83590387,-34.75616823,-42.19421628,-42.70438916],
 [-19.45040717,-30.95975692,-37.5156244 ,-37.95945703],
 [-17.05252243,-27.14845568,-32.83429851,-33.2145249 ],
 [-14.64319022,-23.32142588,-28.15038855,-28.46959277],
 [-12.22340109,-19.47795912,-23.46403611,-23.72466064],
 [ -9.79414091,-15.6174966 ,-18.77537422,-18.97972851],
 [ -7.35634944,-11.73963848,-14.0845274 ,-14.23479639],
 [ -4.91089283, -7.84414299, -9.39161186, -9.48986426],
 [ -2.45854854, -3.9309169 , -4.69673584, -4.74493213],
 [  0.        ,  0.        ,  0.        ,  0.        ],
 [  2.46416155,  3.94845276,  4.69850213,  4.74493213],
 [  4.93343075,  7.91418871,  9.39868362,  9.48986426],
 [  7.40737927, 11.8968722 , 14.10046368, 14.23479639],
 [  9.885646  , 15.89609579, 18.80376716, 18.97972851],
 [ 12.36792718, 19.91138821, 23.50852405, 23.72466064],
 [ 14.85396711, 23.94222007, 28.21466903, 28.46959277],
 [ 17.34354986, 27.98800886, 32.92214109, 33.2145249 ],
 [ 19.83649191, 32.04812438, 37.63088308, 37.95945703],
 [ 22.33263592, 36.12189554, 42.34084139, 42.70438916]]


 BoxCounting Genetic
logR
[-1.60943791,-0.91629073,-0.51082562,-0.22314355, 0.        ]
IndexZero
10
Tq
[-32.24857283,-29.07481697,-25.90160127,-22.72949629,-19.55971043,
 -16.39488899,-13.24116603,-10.11431956, -7.06206696, -4.2396036 ,
  -1.90985629,  0.        ,  1.6967636 ,  3.30088881,  4.85886774,
   6.38871512,  7.89881892,  9.39380687, 10.87659814, 12.34922614,
  13.81320964]
Dq
[ 2.93168844, 2.9074817 , 2.8779557 , 2.84118704, 2.79424435, 2.7324815 ,
  2.64823321, 2.52857989, 2.35402232, 2.1198018 , 1.90985629, 1.77462158,
  1.6967636 , 1.65044441, 1.61962258, 1.59717878, 1.57976378, 1.56563448,
  1.55379973, 1.54365327, 1.53480107]
lnMrq
[[ 48.2609048 , 46.37158033, 45.14723217,  0.        ,  0.        ],
 [ 43.51663735, 41.62772296, 40.40280473,  0.        ,  0.        ],
 [ 38.77305838, 36.88495275, 35.65890173,  0.        ,  0.        ],
 [ 34.03090745, 32.14438316, 30.91609494,  0.        ,  0.        ],
 [ 29.2917786 , 27.40830097, 26.17565084,  0.        ,  0.        ],
 [ 24.55925641, 22.68149504, 21.44057877,  0.        ,  0.        ],
 [ 19.84198406, 17.97440883, 16.71886594,  0.        ,  0.        ],
 [ 15.1633171 , 13.31196271, 12.03504142,  0.        ,  0.        ],
 [ 10.59634985,  8.76634569,  7.47402994,  0.        ,  0.        ],
 [  6.36948417,  4.61383367,  3.32646059,  0.        ,  0.        ],
 [  2.85647021,  1.65057986,  0.60976557,  0.        ,  0.        ],
 [  0.        ,  0.        ,  0.        ,  0.        ,  0.        ],
 [ -2.56366021, -1.13574073, -0.09801933,  0.        ,  0.        ],
 [ -5.01420078, -2.09097794, -0.15088444,  0.        ,  0.        ],
 [ -7.41003054, -2.95907295, -0.19756432,  0.        ,  0.        ],
 [ -9.77292186, -3.77323442, -0.24176597,  0.        ,  0.        ],
 [-12.11303355, -4.54822893, -0.28405608,  0.        ,  0.        ],
 [-14.43600452, -5.2920126 , -0.32462178,  0.        ,  0.        ],
 [-16.74537423, -6.0096695 , -0.36358432,  0.        ,  0.        ],
 [-19.04356248, -6.70491547, -0.40104494,  0.        ,  0.        ],
 [-21.33232311, -7.38072735, -0.43709354,  0.        ,  0.        ]]
fitNessAverage
[ 55.17668874, 55.14597554, 55.21051809, 55.31394669, 55.38505005,
  55.41743266, 55.45672815, 55.5081722 , 55.55997436, 55.60929677,
  55.62111784, 55.6785624 , 55.72322595, 55.70662698, 55.70652527,
  55.70514749, 55.69881887, 55.68166368, 55.67840213, 55.62547957,
  55.57676388, 55.51139665, 55.50203379, 55.51035439, 55.50457713,
  55.51986658, 55.4967467 , 55.47994487, 55.53227603, 55.54496255,
  55.57987332, 55.59579156, 55.6303562 , 55.64465337, 55.64663528,
  55.65406883, 55.6681363 , 55.68744342, 55.69276935, 55.6829074 ,
  55.6222118 , 55.59770177, 55.57249327, 55.52991613, 55.49730995,
  55.48996963, 55.48364015, 55.483421  , 55.46690698, 55.47446214,
  55.46133971, 55.43920778, 55.42953592, 55.42094551, 55.42563971,
  55.42268456, 55.4086844 , 55.40959172, 55.40103241]
fitNessMax
[ 55.83070474, 56.06906   , 56.06906   , 56.21896446, 56.21896446,
  56.21788361, 56.06906   , 56.17493863, 56.17493863, 56.30427676,
  56.35523855, 56.48101957, 56.48101957, 56.48101957, 56.48101957,
  56.48101957, 56.48101957, 56.38378271, 56.4930248 , 56.5377551 ,
  56.5377551 , 56.5377551 , 56.5377551 , 56.5377551 , 56.16672204,
  56.17772295, 56.19274065, 56.26231102, 56.45390893, 56.45390893,
  56.45390893, 56.24638527, 56.40326785, 56.34043799, 56.32494298,
  56.32494298, 56.49658714, 56.58427188, 56.44814633, 56.44814633,
  56.30275404, 56.28881195, 56.28881195, 56.28881195, 56.27959184,
  56.27959184, 56.27959184, 56.27959184, 56.18702624, 56.05422741,
  56.03877551, 56.14048834, 56.14048834, 56.03877551, 56.03877551,
  56.03877551, 56.03877551, 56.03877551, 55.96465015]
fitNessMin
[ 53.98058444, 53.98058444, 53.98058444, 53.98058444, 54.1775394 ,
  54.1775394 , 54.39115002, 54.39115002, 54.39115002, 54.39115002,
  54.39115002, 54.39115002, 54.39115002, 54.88390406, 54.88390406,
  54.88390406, 54.88390406, 54.88390406, 54.88390406, 54.55515063,
  54.55515063, 54.55515063, 54.50844266, 54.50844266, 54.50844266,
  54.50844266, 54.50844266, 54.50844266, 54.50844266, 54.50844266,
  54.50844266, 54.50844266, 54.50844266, 54.50844266, 54.50844266,
  54.50844266, 54.50844266, 54.50844266, 54.49169096, 54.49169096,
  54.76497813, 54.84693878, 54.84693878, 54.84693878, 54.84693878,
  54.7558309 , 54.7558309 , 54.7558309 , 54.75561224, 54.75561224,
  54.53644315, 54.53644315, 54.53644315, 54.53644315, 54.53644315,
  54.53644315, 54.53644315, 54.53644315, 54.81935131]


 BoxCounting Simulated Annealing
logR
[-1.60943791,-0.91629073,-0.51082562,-0.22314355, 0.        ]
IndexZero
10
Tq
[-32.24857283,-29.07481697,-25.90160127,-22.72949629,-19.55971043,
 -16.39488899,-13.24116603,-10.11431956, -7.06206696, -4.2396036 ,
  -1.90985629,  0.        ,  1.6967636 ,  3.30088881,  4.85886774,
   6.38871512,  7.89881892,  9.39380687, 10.87659814, 12.34922614,
  13.81320964]
Dq
[ 2.93168844, 2.9074817 , 2.8779557 , 2.84118704, 2.79424435, 2.7324815 ,
  2.64823321, 2.52857989, 2.35402232, 2.1198018 , 1.90985629, 1.77462158,
  1.6967636 , 1.65044441, 1.61962258, 1.59717878, 1.57976378, 1.56563448,
  1.55379973, 1.54365327, 1.53480107]
lnMrq
[[ 48.2609048 , 46.37158033, 45.14723217,  0.        ,  0.        ],
 [ 43.51663735, 41.62772296, 40.40280473,  0.        ,  0.        ],
 [ 38.77305838, 36.88495275, 35.65890173,  0.        ,  0.        ],
 [ 34.03090745, 32.14438316, 30.91609494,  0.        ,  0.        ],
 [ 29.2917786 , 27.40830097, 26.17565084,  0.        ,  0.        ],
 [ 24.55925641, 22.68149504, 21.44057877,  0.        ,  0.        ],
 [ 19.84198406, 17.97440883, 16.71886594,  0.        ,  0.        ],
 [ 15.1633171 , 13.31196271, 12.03504142,  0.        ,  0.        ],
 [ 10.59634985,  8.76634569,  7.47402994,  0.        ,  0.        ],
 [  6.36948417,  4.61383367,  3.32646059,  0.        ,  0.        ],
 [  2.85647021,  1.65057986,  0.60976557,  0.        ,  0.        ],
 [  0.        ,  0.        ,  0.        ,  0.        ,  0.        ],
 [ -2.56366021, -1.13574073, -0.09801933,  0.        ,  0.        ],
 [ -5.01420078, -2.09097794, -0.15088444,  0.        ,  0.        ],
 [ -7.41003054, -2.95907295, -0.19756432,  0.        ,  0.        ],
 [ -9.77292186, -3.77323442, -0.24176597,  0.        ,  0.        ],
 [-12.11303355, -4.54822893, -0.28405608,  0.        ,  0.        ],
 [-14.43600452, -5.2920126 , -0.32462178,  0.        ,  0.        ],
 [-16.74537423, -6.0096695 , -0.36358432,  0.        ,  0.        ],
 [-19.04356248, -6.70491547, -0.40104494,  0.        ,  0.        ],
 [-21.33232311, -7.38072735, -0.43709354,  0.        ,  0.        ]]


Execution time

Box Counting	Box Counting Fixed	SandBox	Genetic SandBox	Simulated SandBox	Genetic BCFS	Simulated BCFS
[ 231.08082104, 341.1437819 ,  12.98725295,  73.37457609,  60.978477  ,
  109.67898393,  60.88933301,  74.91986799,  58.497756  ]
Fractal dimension
2.61696535178