BCAlgorithm
logR
[-1.38629436,-0.69314718,-0.28768207, 0.        ]
IndexZero
10
Tq
[ -2.81877010e+01, -2.54575636e+01, -2.27279914e+01, -1.99994752e+01,
  -1.72729955e+01, -1.45505404e+01, -1.18362029e+01, -9.13857941e+00,
  -6.47671923e+00, -3.90165786e+00, -1.60145294e+00,  4.55603561e-18,
   9.24620109e-01,  1.60057383e+00,  2.21512023e+00,  2.81166280e+00,
   3.40122139e+00,  3.98735580e+00,  4.57149646e+00,  5.15433220e+00,
   5.73624501e+00]
Dq
[ 2.56251827, 2.54575636, 2.52533238, 2.4999344 , 2.46757078, 2.42509006,
  2.36724059, 2.28464485, 2.15890641, 1.95082893, 1.60145294, 1.19034611,
  0.92462011, 0.80028692, 0.73837341, 0.7029157 , 0.68024428, 0.6645593 ,
  0.65307092, 0.64429153, 0.63736056]
lnMrq
[[  3.63416380e+01,  1.68060207e+01,  5.31655841e-02,  0.00000000e+00],
 [  3.28270808e+01,  1.51359484e+01,  4.78493003e-02,  0.00000000e+00],
 [  2.93131739e+01,  1.34668239e+01,  4.25334786e-02,  0.00000000e+00],
 [  2.58005461e+01,  1.17989736e+01,  3.72189399e-02,  0.00000000e+00],
 [  2.22904610e+01,  1.01329860e+01,  3.19079604e-02,  0.00000000e+00],
 [  1.87854830e+01,  8.47004478e+00,  2.66068326e-02,  0.00000000e+00],
 [  1.52908683e+01,  6.81278405e+00,  2.13328018e-02,  0.00000000e+00],
 [  1.18175614e+01,  5.16750188e+00,  1.61320326e-02,  0.00000000e+00],
 [  8.38963644e+00,  3.54960468e+00,  1.11205419e-02,  0.00000000e+00],
 [  5.07184218e+00,  1.99820503e+00,  6.54648259e-03,  0.00000000e+00],
 [  2.09779237e+00,  6.94769041e-01,  2.77258872e-03,  0.00000000e+00],
 [ -6.21724894e-18,  0.00000000e+00,  0.00000000e+00,  0.00000000e+00],
 [ -1.20573326e+00, -4.45005582e-01, -1.97242325e-03,  0.00000000e+00],
 [ -2.08044108e+00, -8.23570834e-01, -3.50741512e-03,  0.00000000e+00],
 [ -2.87475010e+00, -1.17492861e+00, -4.85312854e-03,  0.00000000e+00],
 [ -3.64597719e+00, -1.51441608e+00, -6.12558035e-03,  0.00000000e+00],
 [ -4.40838073e+00, -1.84828137e+00, -7.37093513e-03,  0.00000000e+00],
 [ -5.16649260e+00, -2.17913044e+00, -8.60643825e-03,  0.00000000e+00],
 [ -5.92211811e+00, -2.50813216e+00, -9.83838211e-03,  0.00000000e+00],
 [ -6.67612399e+00, -2.83586741e+00, -1.10690430e-02,  0.00000000e+00],
 [ -7.42899067e+00, -3.16265874e+00, -1.22992417e-02,  0.00000000e+00]]FSBCAlgorithm
logR
[-1.60943791,-0.91629073,-0.51082562,-0.22314355, 0.        ]
IndexZero
10
Tq
[-16.08900048,-14.66618217,-13.24363174,-11.82162467,-10.40072746,
  -8.98212018, -7.56830371, -6.16465006, -4.78167496, -3.40773249,
  -1.76232995,  0.        ,  1.34465404,  2.26687951,  2.94496516,
   3.51045192,  4.02278637,  4.50677045,  4.97369561,  5.42942842,
   5.87738935]
Dq
[ 1.46263641, 1.46661822, 1.47151464, 1.47770308, 1.48581821, 1.49702003,
  1.51366074, 1.54116251, 1.59389165, 1.70386625, 1.76232995, 1.58480054,
  1.34465404, 1.13343975, 0.98165505, 0.87761298, 0.80455727, 0.75112841,
  0.71052794, 0.67867855, 0.65304326]
lnMrq
[[  3.76156973e+01,  3.48750134e+01,  3.38556704e+01,  3.37389062e+01,
    0.00000000e+00],
 [  3.40895855e+01,  3.13493660e+01,  3.03293099e+01,  3.02125457e+01,
    0.00000000e+00],
 [  3.05637287e+01,  2.78244319e+01,  2.68029494e+01,  2.66861852e+01,
    0.00000000e+00],
 [  2.70383952e+01,  2.43009233e+01,  2.32765896e+01,  2.31598247e+01,
    0.00000000e+00],
 [  2.35141493e+01,  2.07802611e+01,  1.97502345e+01,  1.96334647e+01,
    0.00000000e+00],
 [  1.99922077e+01,  1.72652748e+01,  1.62239199e+01,  1.61071086e+01,
    0.00000000e+00],
 [  1.64752850e+01,  1.37616262e+01,  1.26979495e+01,  1.25807867e+01,
    0.00000000e+00],
 [  1.29697192e+01,  1.02811664e+01,  9.17500859e+00,  9.05483512e+00,
    0.00000000e+00],
 [  9.49110930e+00,  6.85471407e+00,  5.68067396e+00,  5.53505060e+00,
    0.00000000e+00],
 [  6.07964205e+00,  3.61593209e+00,  2.45969063e+00,  2.15690472e+00,
    0.00000000e+00],
 [  2.83889381e+00,  1.16777263e+00,  5.67321192e-01,  2.32876797e-01,
    0.00000000e+00],
 [  0.00000000e+00,  0.00000000e+00,  0.00000000e+00,  0.00000000e+00,
    0.00000000e+00],
 [ -2.14351390e+00, -6.19227421e-01, -2.35081472e-01, -2.48543520e-02,
    0.00000000e+00],
 [ -3.60268349e+00, -1.06722936e+00, -3.78777148e-01, -3.75871173e-02,
    0.00000000e+00],
 [ -4.66893384e+00, -1.42170523e+00, -4.83252911e-01, -4.79793743e-02,
    0.00000000e+00],
 [ -5.55952292e+00, -1.71074707e+00, -5.65803249e-01, -5.72133680e-02,
    0.00000000e+00],
 [ -6.37128359e+00, -1.95119425e+00, -6.33359773e-01, -6.56513006e-02,
    0.00000000e+00],
 [ -7.14339252e+00, -2.15490410e+00, -6.89481636e-01, -7.34718898e-02,
    0.00000000e+00],
 [ -7.89287590e+00, -2.33065103e+00, -7.36515185e-01, -8.07911549e-02,
    0.00000000e+00],
 [ -8.62811587e+00, -2.48502029e+00, -7.76251472e-01, -8.76943883e-02,
    0.00000000e+00],
 [ -9.35375799e+00, -2.62296564e+00, -8.10134746e-01, -9.42471196e-02,
    0.00000000e+00]]

\SBAlgorithm
logR
[-1.38629436,-0.69314718,-0.28768207, 0.        ]
IndexZero
10
Tq
[-20.01365862,-18.09770792,-16.18008424,-14.26366063,-12.35267093,
 -10.45300125, -8.57254015, -6.72185689, -4.91561518, -3.17380586,
  -1.52176881,  0.        ,  1.31957251,  2.37615466,  3.20305719,
   3.89180014,  4.51155034,  5.09723092,  5.6648537 ,  6.22206623,
   6.77283823]
Dq
[ 1.81942351, 1.80977079, 1.79778714, 1.78295758, 1.76466728, 1.74216688,
  1.71450803, 1.68046422, 1.63853839, 1.58690293, 1.52176881, 1.43488485,
  1.31957251, 1.18807733, 1.06768573, 0.97295003, 0.90231007, 0.84953849,
  0.80926481, 0.77775828, 0.75253758]
lnMrq
[[-11.52855817,-24.98251226,-35.21632868,-38.32785578],
 [-10.6592881 ,-22.95836394,-32.14462496,-34.88230062],
 [ -9.77860799,-20.93028807,-29.05572186,-31.42652701],
 [ -8.88187002,-18.89535184,-25.94564174,-27.96110021],
 [ -7.96304365,-16.84829773,-22.81040671,-24.48682416],
 [ -7.01467113,-14.77966417,-19.64650294,-21.00465523],
 [ -6.02795587,-12.67224455,-16.45134914,-17.51561511],
 [ -4.99278934,-10.49412585,-13.22360907,-14.02071659],
 [ -3.89713913, -8.1881748 , -9.96323459,-10.52090911],
 [ -2.72440852, -5.67872193, -6.6712545 , -7.01704551],
 [ -1.44541712, -2.93309207, -3.34944074, -3.50986673],
 [  0.        ,  0.        ,  0.        ,  0.        ],
 [  1.71734743,  3.05260298,  3.37463368,  3.5120344 ],
 [  3.79355309,  6.18350023,  6.77191318,  7.02581168],
 [  6.1843663 ,  9.37346201, 10.18924562, 10.54098921],
 [  8.76497625, 12.61253286, 13.62405186, 14.05729327],
 [ 11.44079837, 15.89350164, 17.0738328 , 17.57450669],
 [ 14.16398735, 19.20979435, 20.53623787, 21.09245813],
 [ 16.91256457, 22.55520219, 24.0091236 , 24.61101288],
 [ 19.67600604, 25.92410696, 27.49059289, 28.13006532],
 [ 22.44882303, 29.3116851 , 30.97901177, 31.64953276]]


 SandBox Genetic
logR
[-1.38629436,-0.69314718,-0.28768207, 0.        ]
IndexZero
10
Tq
[-18.57534517,-16.87581602,-15.16367868,-13.43867236,-11.70124539,
  -9.95317377, -8.19876132, -6.44713418, -4.71629534, -3.03726324,
  -1.4505694 ,  0.        ,  1.2632576 ,  2.30214042,  3.13620091,
   3.82903353,  4.44028189,  5.00716535,  5.54972901,  6.07853819,
   6.599318  ]
Dq
[ 1.68866774, 1.6875816 , 1.68485319, 1.67983405, 1.67160648, 1.65886229,
  1.63975226, 1.61178355, 1.57209845, 1.51863162, 1.4505694 , 1.36583628,
  1.2632576 , 1.15107021, 1.0454003 , 0.95725838, 0.88805638, 0.83452756,
  0.79281843, 0.75981727, 0.73325756]
lnMrq
[[-13.28939207,-22.53892064,-34.47140715,-38.02099896],
 [-12.18361745,-20.74470052,-31.52269252,-34.6306094 ],
 [-11.07489385,-18.94877432,-28.55325888,-31.22351565],
 [ -9.96182851,-17.14985722,-25.55695287,-27.80031203],
 [ -8.84225794,-15.34547492,-22.52684081,-24.3620544 ],
 [ -7.71275928,-13.53042412,-19.45586317,-20.91013755],
 [ -6.5678281 ,-11.69262524,-16.33785982,-17.44615282],
 [ -5.398497  , -9.80210433,-13.16873195,-13.97175288],
 [ -4.19002578, -7.78768062, -9.94730499,-10.48854221],
 [ -2.91806113, -5.52287038, -6.67549964, -6.99800136],
 [ -1.5424813 , -2.90960557, -3.35775256, -3.50144387],
 [  0.        ,  0.        ,  0.        ,  0.        ],
 [  1.79175947,  3.08298872,  3.39134509,  3.50538073],
 [  3.8906191 ,  6.25958146,  6.81014245,  7.01391547],
 [  6.27176651,  9.49505481, 10.25093921, 10.52496812],
 [  8.84817137, 12.7745304 , 13.709122  , 14.03802765],
 [ 11.53773973, 16.08980154, 17.18090994, 17.55268711],
 [ 14.28905394, 19.43480808, 20.6632702 , 21.06862455],
 [ 17.0743102 , 22.80440778, 24.15380637, 24.58558658],
 [ 19.87879508, 26.19414032, 27.65064558, 28.1033745 ],
 [ 22.69450925, 29.60020761, 31.15233634, 31.62183285]]
fitNessAverage
[ 14.0888113 , 14.07270901, 14.17435352, 14.27268781, 14.40874781,
  14.41803833, 14.5057647 , 14.58122417, 14.56596732, 14.57882642,
  14.50773926, 14.55063684, 14.55773578, 14.6055402 , 14.5415427 ,
  14.44547762, 14.39500142, 14.48834689, 14.52409822, 14.46502298,
  14.51867679, 14.62892133, 14.63652945, 14.58152889, 14.52164669,
  14.58156039, 14.54334752, 14.45573804, 14.4210208 ]
fitNessMax
[ 15.1296018 , 15.40425694, 15.97676107, 15.97676107, 15.97676107,
  15.97676107, 15.91725167, 16.28332994, 16.28332994, 16.28332994,
  16.28332994, 16.28332994, 15.91112636, 15.91112636, 15.96727941,
  16.0909239 , 16.0909239 , 16.0909239 , 16.0909239 , 15.83051471,
  15.925     , 15.925     , 16.26176471, 16.26176471, 16.26176471,
  16.10110294, 16.10110294, 16.10110294, 16.17454096]
fitNessMin
[ 11.94677234, 11.94677234, 12.05625107, 12.05625107, 12.43479228,
  12.37383842, 12.04963235, 12.37383842, 11.68022765, 12.47446895,
  11.84669118, 11.84669118, 11.84669118, 12.09448529, 11.85294118,
  11.85294118, 11.85294118, 12.38823529, 12.38823529, 11.69356632,
  11.41875   , 11.41875   , 11.41875   , 11.41875   , 11.41875   ,
  11.19191176, 12.02027392, 12.12447364, 11.77928527]


 SandBox Simulated Annealing
logR
[-1.09861229,-0.40546511, 0.        ]
IndexZero
10
Tq
[-21.4126045 ,-19.42829132,-17.43790206,-15.44224843,-13.44384922,
 -11.44743939, -9.45973023, -7.48764244, -5.53540864, -3.60796633,
  -1.73538466,  0.        ,  1.48417739,  2.65746494,  3.57598468,
   4.34183436,  5.02795383,  5.67273029,  6.29522519,  6.90530891,
   7.50840326]
Dq
[ 1.94660041, 1.94282913, 1.93754467, 1.93028105, 1.92054989, 1.90790657,
  1.89194605, 1.87191061, 1.84513621, 1.80398316, 1.73538466, 1.62802443,
  1.48417739, 1.32873247, 1.19199489, 1.08545859, 1.00559077, 0.94545505,
  0.89931788, 0.86316361, 0.83426703]
lnMrq
[[-10.56221868,-22.70141786,-34.60334532],
 [ -9.84023323,-20.9071576 ,-31.64338679],
 [ -9.10432243,-19.11111707,-28.65969916],
 [ -8.34828668,-17.31187475,-25.64616828],
 [ -7.56377823,-15.50657116,-22.59649778],
 [ -6.74012694,-13.688939  ,-19.50500502],
 [ -5.86451454,-11.84410565,-16.36752753],
 [ -4.92233304, -9.93574314,-13.18213236],
 [ -3.89675689, -7.88355149, -9.94934577],
 [ -2.76525926, -5.56504507, -6.67183884],
 [ -1.48963425, -2.91413611, -3.35375939],
 [  0.        ,  0.        ,  0.        ],
 [  1.80005827,  3.07037582,  3.38439026],
 [  3.95795194,  6.23333171,  6.79458658],
 [  6.40745738,  9.46064373, 10.22619405],
 [  9.03757501, 12.73844012, 13.67533727],
 [ 11.76860242, 16.05725977, 17.13868168],
 [ 14.55722281, 19.40911189, 20.61341562],
 [ 17.38066117, 22.78702407, 24.09720985],
 [ 20.22618001, 26.18513252, 27.58816443],
 [ 23.08613504, 29.59872104, 31.08475031]]


 BoxCounting Genetic
logR
[-1.60943791,-0.91629073,-0.51082562,-0.22314355, 0.        ]
IndexZero
10
Tq
[-15.99958056,-14.57667697,-13.15395639,-11.73161027,-10.31003832,
  -8.89008667, -7.47354728, -6.06386516, -4.66296779, -3.23698409,
  -1.64029687,  0.        ,  1.18005504,  1.99800276,  2.6467859 ,
   3.21083223,  3.72535776,  4.20889594,  4.67258869,  5.12338458,
   5.56562996]
Dq
[ 1.45450732, 1.4576677 , 1.46155071, 1.46645128, 1.47286262, 1.48168111,
  1.49470946, 1.51596629, 1.5543226 , 1.61849205, 1.64029687, 1.43450921,
  1.18005504, 0.99900138, 0.88226197, 0.80270806, 0.74507155, 0.70148266,
  0.66751267, 0.64042307, 0.61840333]
lnMrq
[[ 37.52448952, 34.93558938, 32.45019453, 34.37200713,  0.        ],
 [ 33.99829595, 31.40971689, 28.92383404, 30.8456466 ,  0.        ],
 [ 30.47227655, 27.88433204, 25.39747381, 27.31928609,  0.        ],
 [ 26.94662033, 24.35992152, 21.87111574, 23.79292568,  0.        ],
 [ 23.42173593, 20.83745759, 18.34477625, 20.26656605,  0.        ],
 [ 19.89853621, 17.31888975, 14.81859767, 16.74021277,  0.        ],
 [ 16.37914963, 13.8082066 , 11.29384   , 13.21391178,  0.        ],
 [ 12.86881959, 10.31431171,  7.78205409,  9.68808016,  0.        ],
 [  9.38140742,  6.86398003,  4.39048422,  6.16762174,  0.        ],
 [  5.95700457,  3.59410534,  1.77612055,  2.73785301,  0.        ],
 [  2.72063732,  1.15373159,  0.57097955,  0.41871033,  0.        ],
 [  0.        ,  0.        ,  0.        ,  0.        ,  0.        ],
 [ -1.8930912 , -0.64185562, -0.34044552, -0.06506461,  0.        ],
 [ -3.19065477, -1.11703041, -0.56707869, -0.09925654,  0.        ],
 [ -4.21904272, -1.48799298, -0.73195904, -0.1257848 ,  0.        ],
 [ -5.1197766 , -1.77686826, -0.8585376 , -0.14850676,  0.        ],
 [ -5.94989772, -2.00024477, -0.95795061, -0.16868082,  0.        ],
 [ -6.73774938, -2.17310252, -1.03653137, -0.18692343,  0.        ],
 [ -7.49937678, -2.30839663, -1.09865407, -0.20363358,  0.        ],
 [ -8.24427641, -2.41648259, -1.14771112, -0.21910567,  0.        ],
 [ -8.97814384, -2.50512524, -1.18644667, -0.23356703,  0.        ]]
fitNessAverage
[ 15.49909465, 15.40792307, 15.32967822, 15.27424035, 15.19956688,
  15.16242136, 15.13860026, 15.0912214 , 15.18296101, 15.18184184,
  15.16207603, 15.22342392, 15.22806132, 15.25057888, 15.23911492,
  15.19250478, 15.05537654, 14.95935406, 14.87741921, 14.65945511,
  14.44606505, 14.40254542]
fitNessMax
[ 17.40341107, 17.40341107, 17.40341107, 17.40341107, 17.40341107,
  17.40341107, 17.40341107, 17.40341107, 17.40341107, 16.76046962,
  16.76046962, 16.80799304, 16.76046962, 16.76046962, 16.76046962,
  16.49548708, 16.48455882, 16.65      , 16.65      , 16.65      ,
  16.48455882, 16.56066176]
fitNessMin
[ 14.62922618, 13.68547419, 12.84950588, 12.84950588, 12.50706044,
  12.50706044, 12.50706044, 12.50706044, 12.50706044, 12.50706044,
  12.71365689, 12.71365689, 12.70476445, 13.17193544, 13.44029675,
  12.68602941, 12.35073529, 12.35073529, 12.35073529, 11.42647059,
  12.18308824, 12.18308824]


 BoxCounting Simulated Annealing
logR
[-1.60943791,-0.91629073,-0.51082562,-0.22314355, 0.        ]
IndexZero
10
Tq
[-15.99958056,-14.57667697,-13.15395639,-11.73161027,-10.31003832,
  -8.89008667, -7.47354728, -6.06386516, -4.66296779, -3.23698409,
  -1.64029687,  0.        ,  1.18005504,  1.99800276,  2.6467859 ,
   3.21083223,  3.72535776,  4.20889594,  4.67258869,  5.12338458,
   5.56562996]
Dq
[ 1.45450732, 1.4576677 , 1.46155071, 1.46645128, 1.47286262, 1.48168111,
  1.49470946, 1.51596629, 1.5543226 , 1.61849205, 1.64029687, 1.43450921,
  1.18005504, 0.99900138, 0.88226197, 0.80270806, 0.74507155, 0.70148266,
  0.66751267, 0.64042307, 0.61840333]
lnMrq
[[ 37.52448952, 34.93558938, 32.45019453, 34.37200713,  0.        ],
 [ 33.99829595, 31.40971689, 28.92383404, 30.8456466 ,  0.        ],
 [ 30.47227655, 27.88433204, 25.39747381, 27.31928609,  0.        ],
 [ 26.94662033, 24.35992152, 21.87111574, 23.79292568,  0.        ],
 [ 23.42173593, 20.83745759, 18.34477625, 20.26656605,  0.        ],
 [ 19.89853621, 17.31888975, 14.81859767, 16.74021277,  0.        ],
 [ 16.37914963, 13.8082066 , 11.29384   , 13.21391178,  0.        ],
 [ 12.86881959, 10.31431171,  7.78205409,  9.68808016,  0.        ],
 [  9.38140742,  6.86398003,  4.39048422,  6.16762174,  0.        ],
 [  5.95700457,  3.59410534,  1.77612055,  2.73785301,  0.        ],
 [  2.72063732,  1.15373159,  0.57097955,  0.41871033,  0.        ],
 [  0.        ,  0.        ,  0.        ,  0.        ,  0.        ],
 [ -1.8930912 , -0.64185562, -0.34044552, -0.06506461,  0.        ],
 [ -3.19065477, -1.11703041, -0.56707869, -0.09925654,  0.        ],
 [ -4.21904272, -1.48799298, -0.73195904, -0.1257848 ,  0.        ],
 [ -5.1197766 , -1.77686826, -0.8585376 , -0.14850676,  0.        ],
 [ -5.94989772, -2.00024477, -0.95795061, -0.16868082,  0.        ],
 [ -6.73774938, -2.17310252, -1.03653137, -0.18692343,  0.        ],
 [ -7.49937678, -2.30839663, -1.09865407, -0.20363358,  0.        ],
 [ -8.24427641, -2.41648259, -1.14771112, -0.21910567,  0.        ],
 [ -8.97814384, -2.50512524, -1.18644667, -0.23356703,  0.        ]]


Execution time

Box Counting	Box Counting Fixed	SandBox	Genetic SandBox	Simulated SandBox	Genetic BCFS	Simulated BCFS
[ 19.94737601, 44.88880181,  2.11635709,  7.68401599,  6.79165006,
   6.98485398,  7.09405994, 13.26623988,  9.15278196]