BCAlgorithm
logR
[-2.56494936,-1.87180218,-1.46633707,-1.178655  ,-0.95551145,-0.77318989,
-0.61903921,-0.48550782,-0.36772478,-0.26236426,-0.16705408,-0.08004271,
0.        ]
IndexZero
10
Tq
[ -3.71540202e+01, -3.37237435e+01, -3.02938408e+01, -2.68647027e+01,
-2.34371457e+01, -2.00129089e+01, -1.65957993e+01, -1.31944238e+01,
-9.82884405e+00, -6.54603763e+00, -3.42923625e+00, -1.78177666e-17,
3.41046868e+00,  6.62866791e+00,  9.72466066e+00,  1.27369802e+01,
1.56893471e+01,  1.85979922e+01,  2.14745581e+01,  2.43275202e+01,
2.71630516e+01]
Dq
[ 3.3776382 , 3.37237435, 3.36598231, 3.35808784, 3.34816367, 3.33548482,
3.31915986, 3.29860595, 3.27628135, 3.27301882, 3.42923625, 3.53262155,
3.41046868, 3.31433395, 3.24155355, 3.18424505, 3.13786942, 3.09966537,
3.06779402, 3.04094003, 3.01811685]
lnMrq
[[  9.24153535e+01,  9.12558462e+01,  9.06982027e+01,  9.01045064e+01,
8.95614638e+01,  8.91325349e+01,  8.87445032e+01,  8.77462771e+01,
8.74092431e+01,  0.00000000e+00,  0.00000000e+00,  0.00000000e+00,
0.00000000e+00],
[  8.38362086e+01,  8.26765993e+01,  8.21187910e+01,  8.15251720e+01,
8.09819532e+01,  8.05530889e+01,  8.01647912e+01,  7.91668691e+01,
7.88292697e+01,  0.00000000e+00,  0.00000000e+00,  0.00000000e+00,
0.00000000e+00],
[  7.52579173e+01,  7.40981058e+01,  7.35399629e+01,  7.29464960e+01,
7.24029285e+01,  7.19741882e+01,  7.15853588e+01,  7.05880470e+01,
7.02493098e+01,  0.00000000e+00,  0.00000000e+00,  0.00000000e+00,
0.00000000e+00],
[  6.66813698e+01,  6.55211615e+01,  6.49623334e+01,  6.43691637e+01,
6.38249088e+01,  6.33964012e+01,  6.30065101e+01,  6.20104239e+01,
6.16693906e+01,  0.00000000e+00,  0.00000000e+00,  0.00000000e+00,
0.00000000e+00],
[  5.81084174e+01,  5.69474475e+01,  5.63871993e+01,  5.57946020e+01,
5.52490057e+01,  5.48209134e+01,  5.44289056e+01,  5.34352797e+01,
5.30895933e+01,  0.00000000e+00,  0.00000000e+00,  0.00000000e+00,
0.00000000e+00],
[  4.95429708e+01,  4.83806128e+01,  4.78173696e+01,  4.72258482e+01,
4.66776803e+01,  4.62502529e+01,  4.58540370e+01,  4.48653374e+01,
4.45101615e+01,  0.00000000e+00,  0.00000000e+00,  0.00000000e+00,
0.00000000e+00],
[  4.09934267e+01,  3.98288984e+01,  3.92591832e+01,  3.86695865e+01,
3.81166661e+01,  3.76900079e+01,  3.72854676e+01,  3.63065683e+01,
3.59318247e+01,  0.00000000e+00,  0.00000000e+00,  0.00000000e+00,
0.00000000e+00],
[  3.24780002e+01,  3.13119597e+01,  3.07278911e+01,  3.01413223e+01,
2.95803301e+01,  2.91532752e+01,  2.87324126e+01,  2.77728053e+01,
2.73567586e+01,  0.00000000e+00,  0.00000000e+00,  0.00000000e+00,
0.00000000e+00],
[  2.40354773e+01,  2.28798242e+01,  2.22642048e+01,  2.16802800e+01,
2.11083721e+01,  2.06738792e+01,  2.02216077e+01,  1.92998906e+01,
1.87913772e+01,  0.00000000e+00,  0.00000000e+00,  0.00000000e+00,
0.00000000e+00],
[  1.57405605e+01,  1.46635500e+01,  1.39953128e+01,  1.34028062e+01,
1.28246916e+01,  1.23554518e+01,  1.18454472e+01,  1.10007667e+01,
1.02539919e+01,  0.00000000e+00,  0.00000000e+00,  0.00000000e+00,
0.00000000e+00],
[  7.70165236e+00,  6.94697599e+00,  6.34388043e+00,  5.76205138e+00,
5.20948615e+00,  4.66343909e+00,  4.06044301e+00,  3.36729583e+00,
1.94591015e+00,  0.00000000e+00,  0.00000000e+00,  0.00000000e+00,
0.00000000e+00],
[  0.00000000e+00,  0.00000000e+00,  0.00000000e+00, -1.11022302e-16,
0.00000000e+00, -2.22044605e-16, -1.11022302e-16, -2.22044605e-16,
-1.11022302e-16,  0.00000000e+00,  0.00000000e+00,  0.00000000e+00,
0.00000000e+00],
[ -7.37615765e+00, -6.28895678e+00, -5.22591956e+00, -4.15341196e+00,
-2.88036113e+00, -1.50491433e+00, -5.90140000e-01, -8.40901983e-01,
-3.00702396e-03,  0.00000000e+00,  0.00000000e+00,  0.00000000e+00,
0.00000000e+00],
[ -1.44953391e+01, -1.21804868e+01, -9.89696117e+00, -7.79813614e+00,
-5.18428880e+00, -2.48900417e+00, -9.21004981e-01, -1.60818018e+00,
-4.51127883e-03,  0.00000000e+00,  0.00000000e+00,  0.00000000e+00,
0.00000000e+00],
[ -2.14209309e+01, -1.78285339e+01, -1.42813073e+01, -1.12255538e+01,
-7.30538543e+00, -3.37964440e+00, -1.23218444e+00, -2.37023738e+00,
-6.01503873e-03,  0.00000000e+00,  0.00000000e+00,  0.00000000e+00,
0.00000000e+00],
[ -2.81982974e+01, -2.33093748e+01, -1.85055378e+01, -1.45202845e+01,
-9.33168527e+00, -4.24355341e+00, -1.54080262e+00, -3.12957696e+00,
-7.51879841e-03,  0.00000000e+00,  0.00000000e+00,  0.00000000e+00,
0.00000000e+00],
[ -3.48610802e+01, -2.86676066e+01, -2.26365486e+01, -1.77279034e+01,
-1.13036528e+01, -5.09865459e+00, -1.84904512e+00, -3.88640044e+00,
-9.02255809e-03,  0.00000000e+00,  0.00000000e+00,  0.00000000e+00,
0.00000000e+00],
[ -4.14355024e+01, -3.39345833e+01, -2.67106139e+01, -2.08781565e+01,
-1.32447703e+01, -5.95067053e+00, -2.15723126e+00, -4.64078763e+00,
-1.05263178e-02,  0.00000000e+00,  0.00000000e+00,  0.00000000e+00,
0.00000000e+00],
[ -4.79421597e+01, -3.91342321e+01, -3.07479769e+01, -2.39905024e+01,
-1.51685612e+01, -6.80156997e+00, -2.46540892e+00, -5.39281943e+00,
-1.20300775e-02,  0.00000000e+00,  0.00000000e+00,  0.00000000e+00,
0.00000000e+00],
[ -5.43970666e+01, -4.42848059e+01, -3.47604862e+01, -2.70775092e+01,
-1.70825960e+01, -7.65205837e+00, -2.77358529e+00, -6.14258422e+00,
-1.35338371e-02,  0.00000000e+00,  0.00000000e+00,  0.00000000e+00,
0.00000000e+00],
[ -6.08125286e+01, -4.93998211e+01, -3.87554694e+01, -3.01473127e+01,
-1.89910699e+01, -8.50239415e+00, -3.08176148e+00, -6.89017691e+00,
-1.50375968e-02,  0.00000000e+00,  0.00000000e+00,  0.00000000e+00,
0.00000000e+00]]
FSBCAlgorithm
logR
[-2.63905733,-1.94591015,-1.54044504,-1.25276297,-1.02961942,-0.84729786,
-0.69314718,-0.55961579,-0.44183275,-0.33647224,-0.24116206,-0.15415068,
-0.07410797, 0.        ]
IndexZero
10
Tq
[ -3.46916527, -3.46935199, -3.46973098, -3.47050577, -3.47210664,
-3.47546561, -3.48266687, -3.49854889, -3.53472707, -3.61766542,
-3.08332853,  0.        ,  3.33052985,  6.46299902,  9.47009734,
12.38828201, 15.23860502, 18.03525272, 20.78858837, 23.50646142,
26.19493814]
Dq
[ 0.31537866, 0.3469352 , 0.38552566, 0.43381322, 0.49601523, 0.57924427,
0.69653337, 0.87463722, 1.17824236, 1.80883271, 3.08332853, 3.45588226,
3.33052985, 3.23149951, 3.15669911, 3.0970705 , 3.047721  , 3.00587545,
2.96979834, 2.93830768, 2.91054868]
lnMrq
[[  9.24933720e+01,  9.14468100e+01,  9.09209113e+01,  9.03350989e+01,
8.98858869e+01,  8.93881429e+01,  8.89215988e+01,  8.84596004e+01,
8.79308300e+01,  8.72678164e+01,  8.63190719e+01,  8.51552962e+01,
8.36806595e+01,  8.16267444e+01],
[  8.39141847e+01,  8.28674696e+01,  8.23414280e+01,  8.17556503e+01,
8.13064078e+01,  8.08086953e+01,  8.03421722e+01,  7.98801068e+01,
7.93513307e+01,  7.86883127e+01,  7.77394950e+01,  7.65755623e+01,
7.51008315e+01,  7.30469687e+01],
[  7.53358071e+01,  7.42887861e+01,  7.37624541e+01,  7.31767450e+01,
7.27274412e+01,  7.22297919e+01,  7.17633103e+01,  7.13011103e+01,
7.07723226e+01,  7.01092946e+01,  6.91603273e+01,  6.79960771e+01,
6.65211575e+01,  6.44673997e+01],
[  6.67590820e+01,  6.57114515e+01,  6.51845257e+01,  6.45989507e+01,
6.41495230e+01,  6.36520008e+01,  6.31856008e+01,  6.27231302e+01,
6.21943179e+01,  6.15312667e+01,  6.05819900e+01,  5.94170946e+01,
5.79417950e+01,  5.58882481e+01],
[  5.81857608e+01,  5.71369261e+01,  5.66087720e+01,  5.60234554e+01,
5.55737757e+01,  5.50765078e+01,  5.46102668e+01,  5.41472515e+01,
5.36183860e+01,  5.29552776e+01,  5.20053500e+01,  5.08391331e+01,
4.93630666e+01,  4.73099445e+01],
[  4.96195375e+01,  4.85683740e+01,  4.80376397e+01,  4.74528036e+01,
4.70026057e+01,  4.65058441e+01,  4.60399052e+01,  4.55757939e+01,
4.50468100e+01,  4.43835467e+01,  4.34322159e+01,  4.22632626e+01,
4.07856408e+01,  3.87333770e+01],
[  4.10683369e+01,  4.00129366e+01,  3.94766638e+01,  3.88926539e+01,
3.84413670e+01,  3.79455924e+01,  3.74801997e+01,  3.70138920e+01,
3.64846319e+01,  3.58209044e+01,  3.48664363e+01,  3.36917314e+01,
3.22109291e+01,  3.01604103e+01],
[  3.25493623e+01,  3.14877032e+01,  3.09392471e+01,  3.03563537e+01,
2.99026739e+01,  2.94087087e+01,  2.89441838e+01,  2.84735403e+01,
2.79435910e+01,  2.72782903e+01,  2.63164420e+01,  2.51294096e+01,
2.36420118e+01,  2.15950708e+01],
[  2.40994316e+01,  2.30367795e+01,  2.24615132e+01,  2.18786200e+01,
2.14191350e+01,  2.09278335e+01,  2.04641126e+01,  1.99852663e+01,
1.94533342e+01,  1.87819335e+01,  1.78015148e+01,  1.65874683e+01,
1.50860643e+01,  1.30465156e+01],
[  1.57904261e+01,  1.47801371e+01,  1.41575165e+01,  1.35669925e+01,
1.30903962e+01,  1.25988261e+01,  1.21322654e+01,  1.16390522e+01,
1.10988673e+01,  1.04002489e+01,  9.36928612e+00,  8.09525172e+00,
6.56391435e+00,  4.54852244e+00],
[  7.72943237e+00,  6.99883696e+00,  6.42285263e+00,  5.86015592e+00,
5.35548528e+00,  4.84642521e+00,  4.35148295e+00,  3.82310557e+00,
3.22641309e+00,  2.43918980e+00,  1.43826361e+00,  5.79540470e-01,
1.45608341e-01,  2.10025376e-02],
[  0.00000000e+00,  0.00000000e+00,  0.00000000e+00,  0.00000000e+00,
0.00000000e+00,  0.00000000e+00,  0.00000000e+00,  0.00000000e+00,
0.00000000e+00,  0.00000000e+00,  0.00000000e+00,  0.00000000e+00,
0.00000000e+00,  0.00000000e+00],
[ -7.40940088e+00, -6.30420399e+00, -5.24409511e+00, -4.15880954e+00,
-3.07478866e+00, -2.01098867e+00, -1.07123259e+00, -4.32581758e-01,
-1.34366208e-01, -3.32728291e-02, -6.51052769e-03, -1.07788989e-03,
-1.55885538e-04, -1.92650452e-05],
[ -1.45720035e+01, -1.21860537e+01, -9.92551274e+00, -7.67666171e+00,
-5.47973803e+00, -3.40897611e+00, -1.70814441e+00, -6.58547706e-01,
-2.01026984e-01, -4.96534035e-02, -9.73788077e-03, -1.61562135e-03,
-2.33775607e-04, -2.88973000e-05],
[ -2.15542571e+01, -1.78069802e+01, -1.43047560e+01, -1.08827205e+01,
-7.58935846e+00, -4.57578351e+00, -2.22398967e+00, -8.42983325e-01,
-2.56920105e-01, -6.39288506e-02, -1.26926142e-02, -2.11815794e-03,
-3.08584523e-04, -3.84289521e-05],
[ -2.83994137e+01, -2.32458459e+01, -1.84821866e+01, -1.38844864e+01,
-9.51111984e+00, -5.60618541e+00, -2.67646046e+00, -1.00656990e+00,
-3.07288357e-01, -7.71091246e-02, -1.55045087e-02, -2.60269733e-03,
-3.81837108e-04, -4.79102122e-05],
[ -3.51353315e+01, -2.85474534e+01, -2.25111224e+01, -1.67368760e+01,
-1.12973352e+01, -6.54155088e+00, -3.08679076e+00, -1.15637616e+00,
-3.53927917e-01, -8.95140431e-02, -1.82077041e-02, -3.07441752e-03,
-4.53759512e-04, -5.73425019e-05],
[ -4.17813088e+01, -3.37415872e+01, -2.64266852e+01, -1.94756198e+01,
-1.29811483e+01, -7.40533444e+00, -3.46562666e+00, -1.29592637e+00,
-3.97752682e-01, -1.01307370e-01, -2.08197257e-02, -3.53591543e-03,
-5.24465194e-04, -6.67265317e-05],
[ -4.83516353e+01, -3.88498980e+01, -3.02540832e+01, -2.21263917e+01,
-1.45861995e+01, -8.21301983e+00, -3.81934237e+00, -1.42733806e+00,
-4.39321795e-01, -1.12593644e-01, -2.33523110e-02, -3.98877774e-03,
-5.94049064e-04, -7.60629903e-05],
[ -5.48574744e+01, -4.38887203e+01, -3.40117828e+01, -2.47081895e+01,
-1.61300497e+01, -8.97579732e+00, -4.15221210e+00, -1.55202774e+00,
-4.79014836e-01, -1.23447293e-01, -2.58142526e-02, -4.43408585e-03,
-6.62596725e-04, -8.53525553e-05],
[ -6.13079394e+01, -4.88705447e+01, -3.77133593e+01, -2.72351563e+01,
-1.76258677e+01, -9.70217226e+00, -4.46733133e+00, -1.67101038e+00,
-5.17106989e-01, -1.33924570e-01, -2.82125218e-02, -4.87262987e-03,
-7.30186021e-04, -9.45958940e-05]]

SBAlgorithm
logR
[-2.56494936,-1.87180218,-1.46633707,-1.178655  ,-0.95551145,-0.77318989,
-0.61903921,-0.48550782,-0.36772478,-0.26236426,-0.16705408,-0.08004271,
0.        ]
IndexZero
10
Tq
[-37.94067526,-34.51373948,-31.08615164,-27.65373735,-24.2112209 ,
-20.7593099 ,-17.30513978,-13.8451948 ,-10.36596011, -6.85645339,
-3.36287973,  0.        ,  3.22546871,  6.34413721,  9.37930893,
12.34684747, 15.25858424, 18.12413061, 20.95152098, 23.74741407,
26.51723763]
Dq
[ 3.4491523 , 3.45137395, 3.45401685, 3.45671717, 3.45874584, 3.45988498,
3.46102796, 3.4612987 , 3.45532004, 3.42822669, 3.36287973, 3.28908942,
3.22546871, 3.17206861, 3.12643631, 3.08671187, 3.05171685, 3.02068843,
2.99307443, 2.96842676, 2.94635974]
lnMrq
[[ -9.59526345,-16.00669799,-21.27462241,-26.57007293,-31.65095033,
-39.74662405,-49.96780286,-62.03555208,-73.89283818,-84.82880149,
-92.24395774,-94.35944053,-94.37881207],
[ -8.89210594,-14.87934896,-19.8259405 ,-24.76816719,-29.47284908,
-36.84902184,-46.14067721,-57.10869257,-67.88448046,-77.80191751,
-84.22666088,-85.78485973,-85.79893678],
[ -8.18361644,-13.74097023,-18.35993769,-22.94819402,-27.28713694,
-33.94791405,-42.3106291 ,-52.17878689,-61.87298688,-70.75029236,
-76.17161428,-77.20869032,-77.21905721],
[ -7.46683153,-12.58682802,-16.87099093,-21.10369836,-25.09013112,
-31.04131392,-38.47618636,-47.24428822,-55.85631945,-63.64731244,
-68.03495841,-68.63144555,-68.63917372],
[ -6.73705901,-11.40975278,-15.35090056,-19.22531695,-22.87545381,
-28.12544646,-34.63450609,-42.30218766,-49.82991658,-56.45301858,
-59.7630215 ,-60.05347456,-60.05928667],
[ -5.9868629 ,-10.19851258,-13.78694583,-17.29882625,-20.63116663,
-25.1925654 ,-30.77958023,-37.34602966,-43.78156966,-49.13227674,
-51.34853857,-51.47501324,-51.47939635],
[ -5.20457774, -8.9347586 ,-12.15766501,-15.30076829,-18.3328005 ,
-22.2253394 ,-26.89745033,-32.36028282,-37.67258796,-41.64999867,
-42.84113393,-42.89622034,-42.89950305],
[ -4.37247711, -7.587246  ,-10.42295676,-13.18694386,-15.92479573,
-19.18022161,-22.95153884,-27.30060955,-31.38149663,-33.85199306,
-34.29092969,-34.31720238,-34.31960702],
[ -3.4654674 , -6.10227352, -8.50107765,-10.85823189,-13.26649701,
-15.92545646,-18.82288595,-22.00282337,-24.59577828,-25.59318192,
-25.72415098,-25.73803081,-25.7397085 ],
[ -2.4525348 , -4.39609605, -6.23242667, -8.07456772, -9.98968566,
-11.99634741,-14.00214773,-15.81197304,-16.82510106,-17.10237613,
-17.15127748,-17.15875354,-17.1598077 ],
[ -1.30356058, -2.37525412, -3.4131473 , -4.46377973, -5.53228128,
-6.58228455, -7.5170858 , -8.17150672, -8.47003168, -8.55729784,
-8.57610988, -8.57940273, -8.57990481],
[  0.        ,  0.        ,  0.        ,  0.        ,  0.        ,
0.        ,  0.        ,  0.        ,  0.        ,  0.        ,
0.        ,  0.        ,  0.        ],
[  1.45873472,  2.68672681,  3.85233331,  4.98895767,  6.08190193,
7.07192905,  7.84356363,  8.30367673,  8.4997593 ,  8.56148275,
8.57656   ,  8.57944006,  8.57990657],
[  3.05897369,  5.61171149,  7.99341203, 10.28323079, 12.45451496,
14.3784307 , 15.82683473, 16.66170203, 17.01304775, 17.12517023,
17.15337929, 17.15890755, 17.15981475],
[  4.78156431,  8.71728851, 12.33944174, 15.78610712, 19.01818974,
21.82993709, 23.89029918, 25.05012972, 25.53435692, 25.69031851,
25.73037539, 25.73839573, 25.73972441],
[  6.60809592, 11.9654155 , 16.84376751, 21.44848631, 25.72480172,
29.38533802, 32.00790076, 33.45861472, 34.06110297, 34.2565408 ,
34.30750694, 34.31789997, 34.31963544],
[  8.52298178, 15.32923526, 21.47461586, 27.23813614, 32.5444864 ,
37.02116177, 40.16555412, 41.88166534, 42.59185474, 42.82359835,
42.88474966, 42.89741704, 42.89954772],
[ 10.51341006, 18.78758163, 26.20668481, 33.12977237, 39.45511409,
44.72181572, 48.35458797, 50.31595363, 51.12572795, 51.39133012,
51.46208734, 51.47694468, 51.47946116],
[ 12.56877576, 22.32296147, 31.01903091, 39.10244313, 46.4388634 ,
52.47580703, 56.56918789, 58.75927645, 59.66213122, 59.95962143,
60.0395081 , 60.05648126, 60.05937567],
[ 14.68015334, 25.92098729, 35.89476739, 45.13907277, 53.48116568,
60.27410374, 64.80520804, 67.21008197, 68.20064512, 68.52838744,
68.61700278, 68.63602561, 68.63929117],
[ 16.83990326, 29.57007769, 40.82078324, 51.22621603, 60.57028267,
68.10937021, 73.05954929, 75.66722616, 76.74095867, 77.09756344,
77.19456398, 77.21557684, 77.21920757]]


SandBox Genetic
logR
[-2.48490665,-1.79175947,-1.38629436,-1.09861229,-0.87546874,-0.69314718,
-0.5389965 ,-0.40546511,-0.28768207,-0.18232156,-0.08701138, 0.        ]
IndexZero
10
Tq
[-20.54355635,-18.93888583,-17.33029627,-15.70868646,-14.0624843 ,
-12.38832041,-10.68615819, -8.92181055, -7.01600573, -4.84817162,
-2.45546358,  0.        ,  2.1778049 ,  2.62891109,  2.59093722,
2.54281286,  2.50209186,  2.46798917,  2.43853477,  2.41239196,
2.38883311]
Dq
[ 1.86759603, 1.89388858, 1.92558847, 1.96358581, 2.00892633, 2.06472007,
2.13723164, 2.23045264, 2.33866858, 2.42408581, 2.45546358, 2.44962088,
2.1778049 , 1.31445555, 0.86364574, 0.63570321, 0.50041837, 0.41133153,
0.34836211, 0.301549  , 0.2654259 ]
lnMrq
[[-40.84012573,-42.37740124,-44.36785046,-46.47501987,-48.8468141 ,
-50.95270015,-54.02487488,-60.78302727,-70.38309168,-80.78889369,
-90.467389  ,-94.42094174],
[-37.13466146,-38.58075586,-40.51129207,-42.57940766,-44.91272072,
-47.02709077,-49.83501863,-55.97899203,-64.70633189,-74.16613233,
-82.92598232,-85.84447093],
[-33.42797981,-34.77606935,-36.63741338,-38.66447105,-40.95018883,
-43.09068568,-45.64483148,-51.17492432,-59.02955642,-67.54327728,
-75.32027576,-77.26474414],
[-29.72004457,-30.96252108,-32.74260345,-34.7248173 ,-36.95385747,
-39.13441169,-41.45372849,-46.37074512,-53.35272117,-60.91990751,
-67.56678484,-68.68281282],
[-26.01081861,-27.13920153,-28.82230064,-30.75257854,-32.91613078,
-35.14161337,-37.25998564,-41.56616423,-47.67564144,-54.29345442,
-59.56305402,-60.09939514],
[-22.30026393,-23.30510796,-24.87075544,-26.73591688,-28.82499941,
-31.08288457,-33.05824057,-36.76003518,-41.99742956,-47.6476315 ,
-51.29089653,-51.51497786],
[-18.58834166,-19.4591426 ,-20.88078905,-22.65660929,-24.6593935 ,
-26.91002649,-28.83073363,-31.94731864,-36.31263347,-40.88509894,
-42.84053821,-42.92988921],
[-14.87501209,-15.60011417,-16.84362135,-18.48659666,-20.37900509,
-22.55012945,-24.51493961,-27.10169098,-30.57522473,-33.63084529,
-34.30708049,-34.34434975],
[-11.16023469,-11.72674423,-12.74891226,-14.18474831,-15.90386164,
-17.88644186,-19.88963263,-22.04686742,-24.39218631,-25.57074662,
-25.74144741,-25.75850739],
[ -7.44396778, -7.83767871, -8.58522775, -9.69877659,-11.09329305,
-12.69453163,-14.37263964,-15.88528434,-16.82454481,-17.11125654,
-17.16422411,-17.17246115],
[ -3.72611807, -3.9314457 , -4.34103046, -4.9797592 , -5.79730588,
-6.70489524, -7.56651973, -8.18845801, -8.47794891, -8.56401365,
-8.58287248, -8.58627725],
[  0.        ,  0.        ,  0.        ,  0.        ,  0.        ,
0.        ,  0.        ,  0.        ,  0.        ,  0.        ,
0.        ,  0.        ],
[  4.34835256,  4.47319454,  4.78559384,  5.38733917,  6.22897796,
7.12477312,  7.86501325,  8.31519311,  8.50798092,  8.56864884,
8.58348737,  8.58634099],
[ 12.18808752, 12.19325722, 12.21841354, 12.3705628 , 13.08473158,
14.51890951, 15.86919665, 16.68342436, 17.02928631, 17.13951365,
17.16726996, 17.17272592],
[ 20.76636263, 20.76649415, 20.76711073, 20.77674381, 20.94855888,
22.16475049, 23.95781674, 25.08158261, 25.55845377, 25.71183225,
25.75122972, 25.75914153],
[ 29.35318195, 29.35326139, 29.35327573, 29.35385386, 29.38385732,
30.09402437, 32.10729601, 33.49967207, 34.0929297 , 34.28522305,
34.33531857, 34.34557896],
[ 37.94006761, 37.94016577, 37.94016611, 37.94020362, 37.94553479,
38.29609763, 40.30562739, 41.93238432, 42.63131024, 42.85944647,
42.91951328, 42.93203224],
[ 46.52695379, 46.52707155, 46.52707156, 46.52707421, 46.52808977,
46.69042398, 48.54615106, 50.37649474, 51.17273467, 51.43433854,
51.50380004, 51.51849737],
[ 55.11383998, 55.11397736, 55.11397736, 55.11397756, 55.11418447,
55.18873421, 56.82498026, 58.82986102, 59.71662998, 60.00978218,
60.08816898, 60.10497166],
[ 63.70072617, 63.70088316, 63.70088316, 63.70088318, 63.70092781,
63.73574042, 65.13964915, 67.29096802, 68.26259041, 68.58569114,
68.67261226, 68.69145328],
[ 72.28761237, 72.28778897, 72.28778897, 72.28778897, 72.28779906,
72.30446454, 73.48827611, 75.75869422, 76.81031513, 77.16200012,
77.25712325, 77.27794097]]
fitNessAverage
[ 18.73296111, 18.73601425, 18.73794195, 18.74043859, 18.74222271,
18.73188733, 18.7352574 , 18.74689173, 18.74355736, 18.74525842,
18.74159632, 18.74995269, 18.74551871, 18.748454  , 18.72797398,
18.71939486, 18.69636241, 18.690203  , 18.67821873, 18.68394695,
18.69967222, 18.70837062, 18.70834688, 18.71628452, 18.71849207,
18.71461484, 18.71880255, 18.71807276, 18.72733222, 18.74095075,
18.7482179 , 18.73609869, 18.72953828, 18.72309636, 18.72639228,
18.72951409, 18.72750529, 18.72153318, 18.73113153, 18.74023784,
18.74808884, 18.74577934, 18.73138089, 18.71111452, 18.70195343,
18.70197773, 18.70418639, 18.70388204, 18.7054444 , 18.71070014,
18.70739069, 18.71019319, 18.70003383]
fitNessMax
[ 18.78651309, 18.88698616, 18.88698616, 18.90767991, 18.90767991,
18.89119842, 18.85934702, 18.93705956, 18.90921157, 18.91471144,
18.93978255, 18.93978255, 18.93978255, 18.93978255, 18.92296718,
18.92296718, 18.9084072 , 18.9084072 , 18.9084072 , 18.86457647,
18.87101611, 18.96988079, 18.89562968, 18.89562968, 18.89783467,
18.96517565, 18.96517565, 18.96517565, 18.96377346, 18.96377346,
18.96377346, 19.01314997, 19.01314997, 18.91675479, 18.92871111,
18.92871111, 18.92871111, 18.92871111, 18.92871111, 18.90462758,
18.91743458, 18.91743458, 18.90995268, 18.90995268, 18.87129589,
18.88590781, 18.88590781, 18.88590781, 18.88639369, 18.92919006,
18.92919006, 18.92919006, 18.92919006]
fitNessMin
[ 18.60850687, 18.60850687, 18.60850687, 18.54560172, 18.49289672,
18.49289672, 18.49289672, 18.53502552, 18.55210384, 18.55210384,
18.56439905, 18.56439905, 18.55855565, 18.51662378, 18.49710422,
18.49710422, 18.46303543, 18.46303543, 18.46303543, 18.46303543,
18.46303543, 18.46303543, 18.45762535, 18.45762535, 18.45762535,
18.45762535, 18.45762535, 18.45762535, 18.45762535, 18.53497008,
18.54803583, 18.51124575, 18.51124575, 18.54803583, 18.54803583,
18.54803583, 18.54803583, 18.5249405 , 18.5249405 , 18.5249405 ,
18.5249405 , 18.5249405 , 18.55787821, 18.52554015, 18.52554015,
18.52554015, 18.52554015, 18.52554015, 18.52554015, 18.52554015,
18.52554015, 18.52932694, 18.53028059]


SandBox Simulated Annealing
logR
[-2.48490665,-1.79175947,-1.38629436,-1.09861229,-0.87546874,-0.69314718,
-0.5389965 ,-0.40546511,-0.28768207,-0.18232156,-0.08701138, 0.        ]
IndexZero
10
Tq
[-20.58498494,-18.97907796,-17.36813884,-15.74237931,-14.09057413,
-12.41054446,-10.70111041, -8.92566517, -7.01069116, -4.84627113,
-2.45643361,  0.        ,  2.22772675,  2.7594915 ,  2.7258287 ,
2.67689219,  2.63481523,  2.59953525,  2.56914731,  2.54219284,
2.51784999]
Dq
[ 1.87136227, 1.8979078 , 1.9297932 , 1.96779741, 2.01293916, 2.06842408,
2.14022208, 2.23141629, 2.33689705, 2.42313557, 2.45643361, 2.4534818 ,
2.22772675, 1.37974575, 0.90860957, 0.66922305, 0.52696305, 0.43325588,
0.36702104, 0.31777411, 0.27976111]
lnMrq
[[-40.8427165 ,-42.39299687,-44.42015652,-46.56746839,-48.7032228 ,
-50.8979728 ,-54.14566498,-60.91265231,-70.51314069,-80.91893251,
-90.59355055,-94.42372995],
[-37.13668006,-38.59524649,-40.55800448,-42.6718492 ,-44.79977708,
-46.94109491,-49.95036125,-56.10799766,-64.83615162,-74.29592392,
-83.04615983,-85.84620905],
[-33.42945292,-34.78927603,-36.67869302,-38.75493333,-40.87172093,
-42.97139064,-45.75154628,-51.30266448,-59.15884898,-67.67249281,
-75.42642964,-77.26579953],
[-29.72100313,-30.97426238,-32.7786697 ,-34.81101543,-36.91179804,
-38.98296606,-41.5468136 ,-46.49589089,-53.48079857,-61.0477587 ,
-67.64611946,-68.68343261],
[-26.01129804,-27.14930699,-28.85338417,-30.83194666,-32.90964922,
-34.96563789,-37.33174857,-41.6859814 ,-47.80091409,-54.41792804,
-59.60798716,-60.09974318],
[-22.30030434,-23.31343474,-24.89702924,-26.80572926,-28.84965983,
-30.90096365,-33.09754635,-36.86894158,-42.11623675,-47.76290707,
-51.3096448 ,-51.51516123],
[-18.5879881 ,-19.46559452,-20.90229631,-22.71426504,-24.70648974,
-26.75421346,-28.82424328,-32.03427493,-36.41661283,-40.97339888,
-42.84666407,-42.92997681],
[-14.87431473,-15.60466194,-16.86024675,-18.53013504,-20.43537486,
-22.45740401,-24.45786511,-27.14738208,-30.64577893,-33.66585392,
-34.30870231,-34.34438502],
[-11.15924899,-11.72944459,-12.76046759,-14.21354016,-15.95328602,
-17.87025731,-19.82131923,-22.03640222,-24.40634154,-25.57499168,
-25.74177559,-25.75851692],
[ -7.44275479, -7.83868976, -8.59170125, -9.71406993,-11.12266419,
-12.71615504,-14.36478178,-15.8762907 ,-16.82379681,-17.11152536,
-17.16427169,-17.17246054],
[ -3.72475548, -3.93104787, -4.3429505 , -4.98465782, -5.80654424,
-6.71583429, -7.57468779, -8.19271577, -8.47946077, -8.56428264,
-8.58288653, -8.58627498],
[  0.        ,  0.        ,  0.        ,  0.        ,  0.        ,
0.        ,  0.        ,  0.        ,  0.        ,  0.        ,
0.        ,  0.        ],
[  4.24304613,  4.38139243,  4.72070761,  5.35445146,  6.21797625,
7.12316884,  7.86686016,  8.31767566,  8.50944661,  8.56911944,
8.58353325,  8.58633764],
[ 11.94904603, 11.95558002, 11.98752374, 12.17643412, 12.997374  ,
14.5023205 , 15.86919609, 16.68686874, 17.03165923, 17.14044477,
17.16739399, 17.17271984],
[ 20.52498731, 20.52507997, 20.52586883, 20.53817494, 20.75272162,
22.11319279, 23.95370219, 25.08536469, 25.56139733, 25.71314833,
25.75145357, 25.75913435],
[ 29.1118079 , 29.11180907, 29.11182748, 29.11256916, 29.15087316,
29.98781863, 32.0971208 , 33.50346254, 34.09626857, 34.28684793,
34.33565365, 34.34557282],
[ 37.69871304, 37.69871305, 37.6987135 , 37.69876189, 37.70561235,
38.13428625, 40.28753716, 41.935944  , 42.63494787, 42.86131981,
42.91996352, 42.93202951],
[ 46.28561884, 46.28561884, 46.28561885, 46.28562229, 46.28693315,
46.48997945, 48.51832552, 50.37961623, 51.17661285, 51.43641601,
51.50436447, 51.51850045],
[ 54.87252464, 54.87252464, 54.87252464, 54.87252491, 54.8727932 ,
54.96719404, 56.78563041, 58.83235333, 59.72071096, 60.01203176,
60.08884367, 60.10498287],
[ 63.45943045, 63.45943045, 63.45943045, 63.45943047, 63.45948862,
63.50385977, 65.08707602, 67.29265422, 68.26684858, 68.58808953,
68.67339165, 68.6914748 ],
[ 72.04633625, 72.04633625, 72.04633625, 72.04633625, 72.04634948,
72.06766716, 73.42098901, 75.75941249, 76.81473255, 77.16453003,
77.25800104, 77.2779748 ]]


BoxCounting Genetic
logR
[-2.56494936,-1.87180218,-1.46633707,-1.178655  ,-0.95551145,-0.77318989,
-0.61903921,-0.48550782,-0.36772478,-0.26236426,-0.16705408,-0.08004271,
0.        ]
IndexZero
10
Tq
[ -3.04047192e+00, -3.04063990e+00, -3.04098066e+00, -3.04167671e+00,
-3.04311322e+00, -3.04612239e+00, -3.05255906e+00, -3.06670661e+00,
-3.09872733e+00, -3.17167326e+00, -2.93257149e+00, -8.77638027e-18,
3.41534415e+00,  6.64708858e+00,  9.75563311e+00,  1.27756044e+01,
1.57277495e+01,  1.86266239e+01,  2.14831958e+01,  2.43057852e+01,
2.71006344e+01]
Dq
[ 0.27640654, 0.30406399, 0.33788674, 0.38020959, 0.43473046, 0.50768707,
0.61051181, 0.76667665, 1.03290911, 1.58583663, 2.93257149, 3.51298843,
3.41534415, 3.32354429, 3.2518777 , 3.19390109, 3.14554989, 3.10443731,
3.06902797, 3.03822315, 3.0111816 ]
lnMrq
[[  9.25058833e+01,  9.14440431e+01,  9.09277475e+01,  9.03274068e+01,
8.98735855e+01,  8.94014557e+01,  8.89054069e+01,  8.84499757e+01,
8.79496923e+01,  8.72039486e+01,  8.63767965e+01,  8.50661192e+01,
8.34973160e+01],
[  8.39266722e+01,  8.28647044e+01,  8.23482495e+01,  8.17479367e+01,
8.12941033e+01,  8.08219950e+01,  8.03260023e+01,  7.98704602e+01,
7.93701736e+01,  7.86244769e+01,  7.77972003e+01,  7.64864274e+01,
7.49174369e+01],
[  7.53482469e+01,  7.42860238e+01,  7.37692464e+01,  7.31689884e+01,
7.27151300e+01,  7.22430658e+01,  7.17471845e+01,  7.12914203e+01,
7.07911262e+01,  7.00455235e+01,  6.92179938e+01,  6.79070276e+01,
6.63376621e+01],
[  6.67714263e+01,  6.57086936e+01,  6.51912597e+01,  6.45911081e+01,
6.41371972e+01,  6.36652249e+01,  6.31695631e+01,  6.27133545e+01,
6.22130423e+01,  6.14676261e+01,  6.06395772e+01,  5.93282190e+01,
5.77581028e+01],
[  5.81979146e+01,  5.71341720e+01,  5.66153902e+01,  5.60154404e+01,
5.55614171e+01,  5.50896379e+01,  5.45944053e+01,  5.41373087e+01,
5.36369499e+01,  5.28919020e+01,  5.20627738e+01,  5.07506152e+01,
4.91789943e+01],
[  4.96313129e+01,  4.85656131e+01,  4.80440284e+01,  4.74444456e+01,
4.69901712e+01,  4.65188015e+01,  4.60243968e+01,  4.55655333e+01,
4.50650474e+01,  4.43207147e+01,  4.34892961e+01,  4.21754901e+01,
4.06008471e+01],
[  4.10793714e+01,  4.00101200e+01,  3.94826002e+01,  3.88836222e+01,
3.84287516e+01,  3.79582462e+01,  3.74653980e+01,  3.70030583e+01,
3.65022051e+01,  3.57592097e+01,  3.49227698e+01,  3.36055394e+01,
3.20248022e+01],
[  3.25589951e+01,  3.14846653e+01,  3.09443013e+01,  3.03460508e+01,
2.98896273e+01,  2.94208610e+01,  2.89307914e+01,  2.84617960e+01,
2.79598240e+01,  2.72190656e+01,  2.63710613e+01,  2.50466375e+01,
2.34535277e+01],
[  2.41066275e+01,  2.30330974e+01,  2.24649005e+01,  2.18662008e+01,
2.14051381e+01,  2.09391899e+01,  2.04534788e+01,  1.99725298e+01,
1.94669409e+01,  1.87283967e+01,  1.78518802e+01,  1.65122272e+01,
1.48938147e+01],
[  1.57941586e+01,  1.47753676e+01,  1.41581864e+01,  1.35526641e+01,
1.30750744e+01,  1.26086425e+01,  1.21267411e+01,  1.16267821e+01,
1.11076728e+01,  1.03599013e+01,  9.40863292e+00,  8.03678535e+00,
6.36834277e+00],
[  7.73006055e+00,  6.99467582e+00,  6.42158975e+00,  5.85185759e+00,
5.34534407e+00,  4.85242081e+00,  4.35516918e+00,  3.81859106e+00,
3.22922212e+00,  2.41769790e+00,  1.45395301e+00,  5.70979547e-01,
1.22217633e-01],
[  0.00000000e+00,  0.00000000e+00,  0.00000000e+00,  0.00000000e+00,
0.00000000e+00,  0.00000000e+00, -1.11022302e-16, -1.11022302e-16,
0.00000000e+00,  0.00000000e+00,  0.00000000e+00,  0.00000000e+00,
0.00000000e+00],
[ -7.40791449e+00, -6.30045649e+00, -5.24395503e+00, -4.16949620e+00,
-3.09303079e+00, -1.99769063e+00, -1.07790244e+00, -4.30681680e-01,
-1.36394157e-01, -3.50532037e-02, -6.72210040e-03, -9.77179470e-04,
-9.38270247e-05],
[ -1.45694023e+01, -1.21788836e+01, -9.92669484e+00, -7.69953555e+00,
-5.50574504e+00, -3.37975744e+00, -1.72373864e+00, -6.56828069e-01,
-2.03981585e-01, -5.22876696e-02, -1.00445113e-02, -1.46465316e-03,
-1.40736435e-04],
[ -2.15529056e+01, -1.77948733e+01, -1.43104274e+01, -1.09074407e+01,
-7.59273143e+00, -4.53172696e+00, -2.24922483e+00, -8.43098220e-01,
-2.59763716e-01, -6.70933689e-02, -1.31623072e-02, -1.94504908e-03,
-1.87556592e-04],
[ -2.84027381e+01, -2.32279846e+01, -1.84977176e+01, -1.38889187e+01,
-9.45125146e+00, -5.54328540e+00, -2.71026324e+00, -1.00912132e+00,
-3.09486176e-01, -8.06798171e-02, -1.61684043e-02, -2.42154353e-03,
-2.34330753e-04],
[ -3.51472462e+01, -2.85250843e+01, -2.25426254e+01, -1.66916555e+01,
-1.11361896e+01, -6.45033358e+00, -3.12797088e+00, -1.16159307e+00,
-3.55293315e-01, -9.34007884e-02, -1.90767344e-02, -2.89423616e-03,
-2.81059058e-04],
[ -4.18057842e+01, -3.37177930e+01, -2.64796628e+01, -1.93536164e+01,
-1.26936844e+01, -7.27244767e+00, -3.51307150e+00, -1.30385610e+00,
-3.98283146e-01, -1.05432471e-01, -2.18949654e-02, -3.36317961e-03,
-3.27741574e-04],
[ -4.83922931e+01, -3.88286849e+01, -3.03328961e+01, -2.19103499e+01,
-1.41629358e+01, -8.02402441e+00, -3.87178954e+00, -1.43791961e+00,
-4.39104246e-01, -1.16889433e-01, -2.46296631e-02, -3.82842495e-03,
-3.74378370e-04],
[ -5.49172268e+01, -4.38741004e+01, -3.41198270e+01, -2.43926949e+01,
-1.55736773e+01, -8.71794569e+00, -4.20801337e+00, -1.56513801e+00,
-4.78175894e-01, -1.27855393e-01, -2.72867766e-02, -4.29002249e-03,
-4.20969514e-04],
[ -6.13887131e+01, -4.88658975e+01, -3.78535664e+01, -2.68243922e+01,
-1.69463269e+01, -9.36616742e+00, -4.52431260e+00, -1.68649804e+00,
-5.15787395e-01, -1.38394928e-01, -2.98717281e-02, -4.74802176e-03,
-4.67515075e-04]]
fitNessAverage
[ 17.30007946, 17.31300829, 17.32450304, 17.33884574, 17.35151153,
17.35716706, 17.36000368, 17.35985338, 17.36285049, 17.36168055,
17.36355348, 17.36858119, 17.370069  , 17.37199176, 17.3791782 ,
17.38005772, 17.38546182, 17.38368523, 17.38251251, 17.38506269,
17.38411491, 17.38490384, 17.37928879, 17.37750197, 17.36800221,
17.3630215 , 17.35329656, 17.35107659, 17.35450778, 17.3566478 ,
17.35736714, 17.3615259 , 17.36270794, 17.36526123, 17.36894867,
17.36823647, 17.3729794 , 17.37445126, 17.37594751, 17.37190793,
17.37480145, 17.37282467]
fitNessMax
[ 17.37246295, 17.42783686, 17.48860118, 17.48860118, 17.48860118,
17.48860118, 17.48860118, 17.48860118, 17.48860118, 17.48860118,
17.48860118, 17.48860118, 17.50239231, 17.4842794 , 17.51027414,
17.51027414, 17.51027414, 17.51027414, 17.4842794 , 17.51088647,
17.51270906, 17.51088647, 17.51088647, 17.51088647, 17.51088647,
17.51088647, 17.51088647, 17.48120358, 17.48120358, 17.49679446,
17.47619923, 17.48917356, 17.48544628, 17.49039515, 17.49039515,
17.49039515, 17.48998374, 17.49934782, 17.49934782, 17.49357032,
17.49591801, 17.49811657]
fitNessMin
[ 17.22343318, 17.22343318, 17.20109748, 17.20109748, 17.22184483,
17.24440891, 17.24440891, 17.25218355, 17.25773155, 17.2568077 ,
17.2568077 , 17.2568077 , 17.23687901, 17.23687901, 17.23687901,
17.23687901, 17.26707639, 17.28970221, 17.28590754, 17.28590754,
17.28590754, 17.28590754, 17.24840452, 17.24840452, 17.25010599,
17.24472779, 17.20999186, 17.20999186, 17.20999186, 17.20999186,
17.22562177, 17.22562177, 17.22562177, 17.23228465, 17.23228465,
17.23228465, 17.24608329, 17.24293589, 17.24608329, 17.23475134,
17.25380167, 17.25095599]


BoxCounting Simulated Annealing
logR
[-2.56494936,-1.87180218,-1.46633707,-1.178655  ,-0.95551145,-0.77318989,
-0.61903921,-0.48550782,-0.36772478,-0.26236426,-0.16705408,-0.08004271,
0.        ]
IndexZero
10
Tq
[ -3.04047192e+00, -3.04063990e+00, -3.04098066e+00, -3.04167671e+00,
-3.04311322e+00, -3.04612239e+00, -3.05255906e+00, -3.06670661e+00,
-3.09872733e+00, -3.17167326e+00, -2.93257149e+00, -8.77638027e-18,
3.41534415e+00,  6.64708858e+00,  9.75563311e+00,  1.27756044e+01,
1.57277495e+01,  1.86266239e+01,  2.14831958e+01,  2.43057852e+01,
2.71006344e+01]
Dq
[ 0.27640654, 0.30406399, 0.33788674, 0.38020959, 0.43473046, 0.50768707,
0.61051181, 0.76667665, 1.03290911, 1.58583663, 2.93257149, 3.51298843,
3.41534415, 3.32354429, 3.2518777 , 3.19390109, 3.14554989, 3.10443731,
3.06902797, 3.03822315, 3.0111816 ]
lnMrq
[[  9.25058833e+01,  9.14440431e+01,  9.09277475e+01,  9.03274068e+01,
8.98735855e+01,  8.94014557e+01,  8.89054069e+01,  8.84499757e+01,
8.79496923e+01,  8.72039486e+01,  8.63767965e+01,  8.50661192e+01,
8.34973160e+01],
[  8.39266722e+01,  8.28647044e+01,  8.23482495e+01,  8.17479367e+01,
8.12941033e+01,  8.08219950e+01,  8.03260023e+01,  7.98704602e+01,
7.93701736e+01,  7.86244769e+01,  7.77972003e+01,  7.64864274e+01,
7.49174369e+01],
[  7.53482469e+01,  7.42860238e+01,  7.37692464e+01,  7.31689884e+01,
7.27151300e+01,  7.22430658e+01,  7.17471845e+01,  7.12914203e+01,
7.07911262e+01,  7.00455235e+01,  6.92179938e+01,  6.79070276e+01,
6.63376621e+01],
[  6.67714263e+01,  6.57086936e+01,  6.51912597e+01,  6.45911081e+01,
6.41371972e+01,  6.36652249e+01,  6.31695631e+01,  6.27133545e+01,
6.22130423e+01,  6.14676261e+01,  6.06395772e+01,  5.93282190e+01,
5.77581028e+01],
[  5.81979146e+01,  5.71341720e+01,  5.66153902e+01,  5.60154404e+01,
5.55614171e+01,  5.50896379e+01,  5.45944053e+01,  5.41373087e+01,
5.36369499e+01,  5.28919020e+01,  5.20627738e+01,  5.07506152e+01,
4.91789943e+01],
[  4.96313129e+01,  4.85656131e+01,  4.80440284e+01,  4.74444456e+01,
4.69901712e+01,  4.65188015e+01,  4.60243968e+01,  4.55655333e+01,
4.50650474e+01,  4.43207147e+01,  4.34892961e+01,  4.21754901e+01,
4.06008471e+01],
[  4.10793714e+01,  4.00101200e+01,  3.94826002e+01,  3.88836222e+01,
3.84287516e+01,  3.79582462e+01,  3.74653980e+01,  3.70030583e+01,
3.65022051e+01,  3.57592097e+01,  3.49227698e+01,  3.36055394e+01,
3.20248022e+01],
[  3.25589951e+01,  3.14846653e+01,  3.09443013e+01,  3.03460508e+01,
2.98896273e+01,  2.94208610e+01,  2.89307914e+01,  2.84617960e+01,
2.79598240e+01,  2.72190656e+01,  2.63710613e+01,  2.50466375e+01,
2.34535277e+01],
[  2.41066275e+01,  2.30330974e+01,  2.24649005e+01,  2.18662008e+01,
2.14051381e+01,  2.09391899e+01,  2.04534788e+01,  1.99725298e+01,
1.94669409e+01,  1.87283967e+01,  1.78518802e+01,  1.65122272e+01,
1.48938147e+01],
[  1.57941586e+01,  1.47753676e+01,  1.41581864e+01,  1.35526641e+01,
1.30750744e+01,  1.26086425e+01,  1.21267411e+01,  1.16267821e+01,
1.11076728e+01,  1.03599013e+01,  9.40863292e+00,  8.03678535e+00,
6.36834277e+00],
[  7.73006055e+00,  6.99467582e+00,  6.42158975e+00,  5.85185759e+00,
5.34534407e+00,  4.85242081e+00,  4.35516918e+00,  3.81859106e+00,
3.22922212e+00,  2.41769790e+00,  1.45395301e+00,  5.70979547e-01,
1.22217633e-01],
[  0.00000000e+00,  0.00000000e+00,  0.00000000e+00,  0.00000000e+00,
0.00000000e+00,  0.00000000e+00, -1.11022302e-16, -1.11022302e-16,
0.00000000e+00,  0.00000000e+00,  0.00000000e+00,  0.00000000e+00,
0.00000000e+00],
[ -7.40791449e+00, -6.30045649e+00, -5.24395503e+00, -4.16949620e+00,
-3.09303079e+00, -1.99769063e+00, -1.07790244e+00, -4.30681680e-01,
-1.36394157e-01, -3.50532037e-02, -6.72210040e-03, -9.77179470e-04,
-9.38270247e-05],
[ -1.45694023e+01, -1.21788836e+01, -9.92669484e+00, -7.69953555e+00,
-5.50574504e+00, -3.37975744e+00, -1.72373864e+00, -6.56828069e-01,
-2.03981585e-01, -5.22876696e-02, -1.00445113e-02, -1.46465316e-03,
-1.40736435e-04],
[ -2.15529056e+01, -1.77948733e+01, -1.43104274e+01, -1.09074407e+01,
-7.59273143e+00, -4.53172696e+00, -2.24922483e+00, -8.43098220e-01,
-2.59763716e-01, -6.70933689e-02, -1.31623072e-02, -1.94504908e-03,
-1.87556592e-04],
[ -2.84027381e+01, -2.32279846e+01, -1.84977176e+01, -1.38889187e+01,
-9.45125146e+00, -5.54328540e+00, -2.71026324e+00, -1.00912132e+00,
-3.09486176e-01, -8.06798171e-02, -1.61684043e-02, -2.42154353e-03,
-2.34330753e-04],
[ -3.51472462e+01, -2.85250843e+01, -2.25426254e+01, -1.66916555e+01,
-1.11361896e+01, -6.45033358e+00, -3.12797088e+00, -1.16159307e+00,
-3.55293315e-01, -9.34007884e-02, -1.90767344e-02, -2.89423616e-03,
-2.81059058e-04],
[ -4.18057842e+01, -3.37177930e+01, -2.64796628e+01, -1.93536164e+01,
-1.26936844e+01, -7.27244767e+00, -3.51307150e+00, -1.30385610e+00,
-3.98283146e-01, -1.05432471e-01, -2.18949654e-02, -3.36317961e-03,
-3.27741574e-04],
[ -4.83922931e+01, -3.88286849e+01, -3.03328961e+01, -2.19103499e+01,
-1.41629358e+01, -8.02402441e+00, -3.87178954e+00, -1.43791961e+00,
-4.39104246e-01, -1.16889433e-01, -2.46296631e-02, -3.82842495e-03,
-3.74378370e-04],
[ -5.49172268e+01, -4.38741004e+01, -3.41198270e+01, -2.43926949e+01,
-1.55736773e+01, -8.71794569e+00, -4.20801337e+00, -1.56513801e+00,
-4.78175894e-01, -1.27855393e-01, -2.72867766e-02, -4.29002249e-03,
-4.20969514e-04],
[ -6.13887131e+01, -4.88658975e+01, -3.78535664e+01, -2.68243922e+01,
-1.69463269e+01, -9.36616742e+00, -4.52431260e+00, -1.68649804e+00,
-5.15787395e-01, -1.38394928e-01, -2.98717281e-02, -4.74802176e-03,
-4.67515075e-04]]


Execution time

Box Counting	Box Counting Fixed	SandBox	Genetic SandBox	Simulated SandBox	Genetic BCFS	Simulated BCFS
[ 147814.07020712, 148436.68308401,  21920.68683815,  93281.24607801,
58046.125844  , 121948.70646095,  68078.84431911,  78828.94236803,
62539.27792501]
Fractal dimension
2.90818689276
