BCAlgorithm
logR
[-2.63905733,-1.94591015,-1.54044504,-1.25276297,-1.02961942,-0.84729786,
 -0.69314718,-0.55961579,-0.44183275,-0.33647224,-0.24116206,-0.15415068,
 -0.07410797, 0.        ]
IndexZero
10
Tq
[ -3.59962610e+01, -3.26863896e+01, -2.93767884e+01, -2.60677361e+01,
  -2.27598061e+01, -1.94541960e+01, -1.61534547e+01, -1.28631475e+01,
  -9.59576873e+00, -6.37943116e+00, -3.22978787e+00, -1.89131072e-17,
   1.90763697e+00,  3.02611092e+00,  4.05237808e+00,  5.06950780e+00,
   6.08457497e+00,  7.09902923e+00,  8.11328956e+00,  9.12748719e+00,
   1.01416643e+01]
Dq
[ 3.27238736, 3.26863896, 3.2640876 , 3.25846701, 3.25140087, 3.242366  ,
  3.23069095, 3.21578688, 3.19858958, 3.18971558, 3.22978787, 2.69952952,
  1.90763697, 1.51305546, 1.35079269, 1.26737695, 1.21691499, 1.18317154,
  1.15904137, 1.1409359 , 1.12685159]
lnMrq
[[  8.26175153e+01,  8.11215783e+01,  8.08613255e+01,  7.96986193e+01,
    7.93416849e+01,  7.83119063e+01,  7.78009470e+01,  7.71076369e+01,
    7.60090246e+01,  0.00000000e+00,  0.00000000e+00,  0.00000000e+00,
    0.00000000e+00,  0.00000000e+00],
 [  7.50171040e+01,  7.35212489e+01,  7.32606973e+01,  7.20984394e+01,
    7.17412406e+01,  7.07113043e+01,  7.02002077e+01,  6.95067344e+01,
    6.84081221e+01,  0.00000000e+00,  0.00000000e+00,  0.00000000e+00,
    0.00000000e+00,  0.00000000e+00],
 [  6.74171858e+01,  6.59215069e+01,  6.56603513e+01,  6.44989966e+01,
    6.41412592e+01,  6.31110110e+01,  6.25996326e+01,  6.19058320e+01,
    6.08072197e+01,  0.00000000e+00,  0.00000000e+00,  0.00000000e+00,
    0.00000000e+00,  0.00000000e+00],
 [  5.98182569e+01,  5.83229698e+01,  5.80605860e+01,  5.69010576e+01,
    5.65422130e+01,  5.55113530e+01,  5.49993887e+01,  5.43049295e+01,
    5.32063172e+01,  0.00000000e+00,  0.00000000e+00,  0.00000000e+00,
    0.00000000e+00,  0.00000000e+00],
 [  5.22213145e+01,  5.07269336e+01,  5.04620353e+01,  4.93062153e+01,
    4.89450658e+01,  4.79130235e+01,  4.73998195e+01,  4.67040272e+01,
    4.56054148e+01,  0.00000000e+00,  0.00000000e+00,  0.00000000e+00,
    0.00000000e+00,  0.00000000e+00],
 [  4.46283611e+01,  4.31361835e+01,  4.28660879e+01,  4.17178337e+01,
    4.13518046e+01,  4.03175430e+01,  3.98016534e+01,  3.91031261e+01,
    3.80045123e+01,  0.00000000e+00,  0.00000000e+00,  0.00000000e+00,
    0.00000000e+00,  0.00000000e+00],
 [  3.70434050e+01,  3.55568957e+01,  3.52759407e+01,  3.41431731e+01,
    3.37665996e+01,  3.27284121e+01,  3.22065407e+01,  3.15022425e+01,
    3.04036098e+01,  0.00000000e+00,  0.00000000e+00,  0.00000000e+00,
    0.00000000e+00,  0.00000000e+00],
 [  2.94743918e+01,  2.80033297e+01,  2.76995102e+01,  2.65983040e+01,
    2.61985068e+01,  2.51542912e+01,  2.46187722e+01,  2.39015928e+01,
    2.28027074e+01,  0.00000000e+00,  0.00000000e+00,  0.00000000e+00,
    0.00000000e+00,  0.00000000e+00],
 [  2.19367290e+01,  2.05098100e+01,  2.01585567e+01,  1.91197500e+01,
    1.86687639e+01,  1.76190555e+01,  1.70526789e+01,  1.63040836e+01,
    1.52018052e+01,  0.00000000e+00,  0.00000000e+00,  0.00000000e+00,
    0.00000000e+00,  0.00000000e+00],
 [  1.44591511e+01,  1.31601947e+01,  1.27210282e+01,  1.17932024e+01,
    1.12372574e+01,  1.02008728e+01,  9.57340009e+00,  8.74794271e+00,
    7.60140258e+00,  0.00000000e+00,  0.00000000e+00,  0.00000000e+00,
    0.00000000e+00,  0.00000000e+00],
 [  7.09423485e+00,  6.14418563e+00,  5.61677110e+00,  4.84418709e+00,
    4.15888308e+00,  3.25809654e+00,  2.56494936e+00,  1.79175947e+00,
    6.93147181e-01,  0.00000000e+00,  0.00000000e+00,  0.00000000e+00,
    0.00000000e+00,  0.00000000e+00],
 [  0.00000000e+00,  2.22044605e-16,  2.22044605e-16, -7.77156117e-16,
   -2.22044605e-16, -2.22044605e-16, -3.33066907e-16, -2.22044605e-16,
    0.00000000e+00,  0.00000000e+00,  0.00000000e+00,  0.00000000e+00,
    0.00000000e+00,  0.00000000e+00],
 [ -5.58214023e+00, -3.02924769e+00, -1.56153624e+00, -7.57585440e-01,
   -3.85082502e-01, -1.94481389e-01, -5.25672634e-02, -3.01324567e-02,
   -9.99999833e-04,  0.00000000e+00,  0.00000000e+00,  0.00000000e+00,
    0.00000000e+00,  0.00000000e+00],
 [ -9.00986379e+00, -4.64352793e+00, -2.37142134e+00, -1.14988428e+00,
   -5.82490666e-01, -2.94439037e-01, -7.90312445e-02, -4.53402668e-02,
   -1.50037500e-03,  0.00000000e+00,  0.00000000e+00,  0.00000000e+00,
    0.00000000e+00,  0.00000000e+00],
 [ -1.20863378e+01, -6.19506572e+00, -3.16298814e+00, -1.53380279e+00,
   -7.76764480e-01, -3.92655220e-01, -1.05375897e-01, -6.04545468e-02,
   -2.00050017e-03,  0.00000000e+00,  0.00000000e+00,  0.00000000e+00,
    0.00000000e+00,  0.00000000e+00],
 [ -1.51252239e+01, -7.74405155e+00, -3.95379657e+00, -1.91729273e+00,
   -9.70958574e-01, -4.90821183e-01, -1.31719877e-01, -7.55681890e-02,
   -2.50062521e-03,  0.00000000e+00,  0.00000000e+00,  0.00000000e+00,
    0.00000000e+00,  0.00000000e+00],
 [ -1.81553027e+01, -9.29287843e+00, -4.74455982e+00, -2.30075399e+00,
   -1.16515037e+00, -5.88985491e-01, -1.58063852e-01, -9.06818269e-02,
   -3.00075025e-03,  0.00000000e+00,  0.00000000e+00,  0.00000000e+00,
    0.00000000e+00,  0.00000000e+00],
 [ -2.11827372e+01, -1.08416929e+01, -5.53532005e+00, -2.68421318e+00,
   -1.35934211e+00, -6.87149741e-01, -1.84407827e-01, -1.05795465e-01,
   -3.50087529e-03,  0.00000000e+00,  0.00000000e+00,  0.00000000e+00,
    0.00000000e+00,  0.00000000e+00],
 [ -2.42093329e+01, -1.23905063e+01, -6.32608007e+00, -3.06767222e+00,
   -1.55353383e+00, -7.85313990e-01, -2.10751803e-01, -1.20909102e-01,
   -4.00100033e-03,  0.00000000e+00,  0.00000000e+00,  0.00000000e+00,
    0.00000000e+00,  0.00000000e+00],
 [ -2.72356573e+01, -1.39393196e+01, -7.11684008e+00, -3.45113125e+00,
   -1.74772556e+00, -8.83478239e-01, -2.37095778e-01, -1.36022740e-01,
   -4.50112538e-03,  0.00000000e+00,  0.00000000e+00,  0.00000000e+00,
    0.00000000e+00,  0.00000000e+00],
 [ -3.02618927e+01, -1.54881329e+01, -7.90760009e+00, -3.83459028e+00,
   -1.94191729e+00, -9.81642488e-01, -2.63439753e-01, -1.51136378e-01,
   -5.00125042e-03,  0.00000000e+00,  0.00000000e+00,  0.00000000e+00,
    0.00000000e+00,  0.00000000e+00]]FSBCAlgorithm
logR
[-2.7080502 ,-2.01490302,-1.60943791,-1.32175584,-1.09861229,-0.91629073,
 -0.76214005,-0.62860866,-0.51082562,-0.40546511,-0.31015493,-0.22314355,
 -0.14310084,-0.06899287, 0.        ]
IndexZero
10
Tq
[ -3.16140531e+00, -3.16163730e+00, -3.16210374e+00, -3.16304318e+00,
  -3.16493802e+00, -3.16875732e+00, -3.17639273e+00, -3.19117391e+00,
  -3.21665201e+00, -3.23979863e+00, -2.75479189e+00, -1.11477904e-18,
   2.59107547e+00,  4.53357710e+00,  5.93941909e+00,  7.11913969e+00,
   8.20084207e+00,  9.23101807e+00,  1.02324750e+01,  1.12166065e+01,
   1.21898724e+01]
Dq
[ 0.28740048, 0.31616373, 0.35134486, 0.3953804 , 0.452134  , 0.52812622,
  0.63527855, 0.79779348, 1.07221734, 1.61989932, 2.75479189, 2.92620623,
  2.59107547, 2.26678855, 1.97980636, 1.77978492, 1.64016841, 1.53850301,
  1.46178214, 1.40207581, 1.35443027]
lnMrq
[[  8.26939597e+01,  8.11943161e+01,  8.08233131e+01,  7.99700411e+01,
    7.96422169e+01,  7.90536994e+01,  7.87602938e+01,  7.81038906e+01,
    7.76465484e+01,  7.67070290e+01,  7.63647360e+01,  7.59278172e+01,
    7.53278063e+01,  7.45005628e+01,  7.36938608e+01],
 [  7.50935220e+01,  7.35940239e+01,  7.32228155e+01,  7.23696716e+01,
    7.20417996e+01,  7.14532503e+01,  7.11597774e+01,  7.05031568e+01,
    7.00457778e+01,  6.91063716e+01,  6.87639734e+01,  6.83269201e+01,
    6.77269050e+01,  6.68996611e+01,  6.60929587e+01],
 [  6.74935515e+01,  6.59943555e+01,  6.56227324e+01,  6.47698466e+01,
    6.44418782e+01,  6.38532616e+01,  6.35596535e+01,  6.29025969e+01,
    6.24451426e+01,  6.15059637e+01,  6.11633568e+01,  6.07260346e+01,
    6.01260070e+01,  5.92987617e+01,  5.84920579e+01],
 [  5.98945198e+01,  5.83959630e+01,  5.80234981e+01,  5.71711350e+01,
    5.68429711e+01,  5.62542094e+01,  5.59603291e+01,  5.53023968e+01,
    5.48447864e+01,  5.39060640e+01,  5.35630446e+01,  5.31251854e+01,
    5.25251231e+01,  5.16978731e+01,  5.08911639e+01],
 [  5.22973779e+01,  5.08002081e+01,  5.04260251e+01,  4.95747258e+01,
    4.92461627e+01,  4.86570834e+01,  4.83626521e+01,  4.77029593e+01,
    4.72450182e+01,  4.63072123e+01,  4.59633814e+01,  4.55244542e+01,
    4.49242973e+01,  4.40970328e+01,  4.32903047e+01],
 [  4.47040453e+01,  4.32099959e+01,  4.28322818e+01,  4.19831632e+01,
    4.16537756e+01,  4.10639910e+01,  4.07684370e+01,  4.01052069e+01,
    3.96465397e+01,  3.87105688e+01,  3.83651533e+01,  3.79241162e+01,
    3.73237155e+01,  3.64964153e+01,  3.56896245e+01],
 [  3.71183959e+01,  3.56317056e+01,  3.52466962e+01,  3.44020893e+01,
    3.40709663e+01,  3.34796096e+01,  3.31817412e+01,  3.25114471e+01,
    3.20511038e+01,  3.11187861e+01,  3.07703016e+01,  3.03251458e+01,
    2.97241735e+01,  2.88968444e+01,  2.80898699e+01],
 [  2.95482087e+01,  2.80798966e+01,  2.76799014e+01,  2.68447400e+01,
    2.65098610e+01,  2.59150466e+01,  2.56123077e+01,  2.49282617e+01,
    2.44637982e+01,  2.35387242e+01,  2.31842980e+01,  2.27312094e+01,
    2.21291618e+01,  2.13022938e+01,  2.04949145e+01],
 [  2.20088562e+01,  2.05892494e+01,  2.01600563e+01,  1.93451054e+01,
    1.90018406e+01,  1.83997485e+01,  1.80863213e+01,  1.73778731e+01,
    1.69027173e+01,  1.59924165e+01,  1.56260070e+01,  1.51574459e+01,
    1.45546270e+01,  1.37323480e+01,  1.29247688e+01],
 [  1.45296270e+01,  1.32444251e+01,  1.27717877e+01,  1.20039101e+01,
    1.16425287e+01,  1.10271409e+01,  1.06878953e+01,  9.95010983e+00,
    9.44841725e+00,  8.57458619e+00,  8.17964025e+00,  7.67740274e+00,
    7.07991832e+00,  6.28579280e+00,  5.48206372e+00],
 [  7.16298492e+00,  6.24307747e+00,  5.79164758e+00,  5.17269745e+00,
    4.79851617e+00,  4.19852438e+00,  3.80372485e+00,  3.12594880e+00,
    2.62063874e+00,  1.96020041e+00,  1.56402205e+00,  1.13430113e+00,
    7.64187954e-01,  4.35509229e-01,  2.11273379e-01],
 [  0.00000000e+00,  0.00000000e+00,  0.00000000e+00,  0.00000000e+00,
    0.00000000e+00,  0.00000000e+00, -1.11022302e-16,  0.00000000e+00,
    0.00000000e+00,  0.00000000e+00,  0.00000000e+00,  0.00000000e+00,
    0.00000000e+00,  0.00000000e+00,  0.00000000e+00],
 [ -6.74520922e+00, -4.81943816e+00, -3.59853553e+00, -2.52536828e+00,
   -1.75789283e+00, -1.15204616e+00, -7.46962246e-01, -4.73064665e-01,
   -2.92707270e-01, -1.72797508e-01, -9.37977279e-02, -4.52699216e-02,
   -1.89263385e-02, -6.78947743e-03, -2.05599361e-03],
 [ -1.22599325e+01, -8.29009504e+00, -5.74624771e+00, -3.90173255e+00,
   -2.65111829e+00, -1.74355457e+00, -1.13059882e+00, -7.19679517e-01,
   -4.45563223e-01, -2.62383803e-01, -1.41725468e-01, -6.81537880e-02,
   -2.84155018e-02, -1.01833399e-02, -3.08248212e-03],
 [ -1.60082193e+01, -1.10700854e+01, -7.44986434e+00, -4.96237641e+00,
   -3.33977466e+00, -2.20381447e+00, -1.43555670e+00, -9.16616465e-01,
   -5.67796511e-01, -3.33787220e-01, -1.80137492e-01, -8.69303162e-02,
   -3.65393289e-02, -1.32412326e-02, -4.05213768e-03],
 [ -1.91488513e+01, -1.33401940e+01, -8.96454792e+00, -5.89350449e+00,
   -3.93440919e+00, -2.60215861e+00, -1.70236437e+00, -1.08934728e+00,
   -6.74726515e-01, -3.96002638e-01, -2.13742107e-01, -1.03641525e-01,
   -4.39763010e-02, -1.61298901e-02, -4.99286974e-03],
 [ -2.21619357e+01, -1.52247273e+01, -1.03268174e+01, -6.75344150e+00,
   -4.47119520e+00, -2.96154459e+00, -1.94429828e+00, -1.24606344e+00,
   -7.71414026e-01, -4.52070330e-01, -2.44135669e-01, -1.18936152e-01,
   -5.09109862e-02, -1.88840513e-02, -5.90828672e-03],
 [ -2.51372598e+01, -1.69122797e+01, -1.15348068e+01, -7.56498527e+00,
   -4.96806627e+00, -3.29306069e+00, -2.16786123e+00, -1.39073677e+00,
   -8.60372045e-01, -5.03527987e-01, -2.72121282e-01, -1.33139479e-01,
   -5.74358167e-02, -2.15210808e-02, -6.80020077e-03],
 [ -2.80982858e+01, -1.85206069e+01, -1.26005475e+01, -8.33686645e+00,
   -5.43582434e+00, -3.60321145e+00, -2.37695883e+00, -1.52576790e+00,
   -9.43128062e-01, -5.51313949e-01, -2.98183243e-01, -1.46453382e-01,
   -6.36119880e-02, -2.40534588e-02, -7.67008400e-03],
 [ -3.10531067e+01, -2.00974002e+01, -1.35572707e+01, -9.07117550e+00,
   -5.88155352e+00, -3.89624672e+00, -2.57420605e+00, -1.65278728e+00,
   -1.02071736e+00, -5.96061837e-01, -3.22645598e-01, -1.59017862e-01,
   -6.94851084e-02, -2.64912363e-02, -8.51923935e-03],
 [ -3.40049370e+01, -2.16602450e+01, -1.44430531e+01, -9.76686495e+00,
   -6.31006871e+00, -4.17514237e+00, -2.76147388e+00, -1.77298039e+00,
   -1.09389106e+00, -6.38228188e-01, -3.45740987e-01, -1.70936538e-01,
   -7.50911467e-02, -2.88428557e-02, -9.34883933e-03]]

\SBAlgorithm
logR
[-2.48490665,-1.79175947,-1.38629436,-1.09861229,-0.87546874,-0.69314718,
 -0.5389965 ,-0.40546511,-0.28768207,-0.18232156,-0.08701138, 0.        ]
IndexZero
10
Tq
[-29.74966806,-27.28450668,-24.81296576,-22.3309734 ,-19.83140692,
 -17.29957176,-14.70921626,-12.02460985, -9.20136505, -6.21019536,
  -3.08467651,  0.        ,  2.74642762,  4.95083777,  6.59032379,
   7.97600911,  9.26648908, 10.51131979, 11.73088314, 12.93546423,
  14.13095284]
Dq
[ 2.70451528, 2.72845067, 2.7569962 , 2.79137168, 2.83305813, 2.88326196,
  2.94184325, 3.00615246, 3.06712168, 3.10509768, 3.08467651, 2.96244176,
  2.74642762, 2.47541888, 2.1967746 , 1.99400228, 1.85329782, 1.75188663,
  1.67584045, 1.61693303, 1.57010587]
lnMrq
[[ -8.02043554,-14.03441047,-19.14628657,-24.24599331,-31.27013705,
  -39.27100428,-46.53774764,-55.67200638,-61.7550201 ,-66.82014893,
  -72.27113153,-78.09882591],
 [ -7.32580856,-12.92238737,-17.72005147,-22.50916112,-28.95715663,
  -36.22999005,-42.91203885,-51.18346311,-56.72469946,-61.34688884,
  -66.30783723,-71.54627386],
 [ -6.63041854,-11.80547981,-16.28160454,-20.75393073,-26.62821082,
  -33.17759497,-39.27716343,-46.68458621,-51.6839165 ,-55.86531945,
  -60.33719188,-64.95155112],
 [ -5.9338602 ,-10.68174798,-14.82674466,-18.97521878,-24.27686624,
  -30.11010381,-35.62859503,-42.16969509,-46.62744283,-50.37117822,
  -54.35187902,-58.29345422],
 [ -5.2355006 , -9.54834684,-13.34958726,-17.16570285,-21.89348134,
  -27.02181378,-31.95883839,-37.62929907,-41.54661459,-44.85669956,
  -48.33473442,-51.54069503],
 [ -4.5343374 , -8.40097848,-11.84172616,-15.31423893,-19.46379348,
  -23.90333668,-28.25473731,-33.04749473,-36.42638973,-39.30574015,
  -42.24470262,-44.63581757],
 [ -3.82875232, -7.23288732,-10.29078361,-13.40291676,-16.96705105,
  -20.7378586 ,-24.49130728,-28.3974742 ,-31.23864371,-33.67815708,
  -35.99022175,-37.50604078],
 [ -3.11605932, -6.03288665, -8.67759486,-11.40155465,-14.37256632,
  -17.4921233 ,-20.61684926,-23.63208223,-25.92279632,-27.86105177,
  -29.4054381 ,-30.15486362],
 [ -2.39161168, -4.78118498, -6.96985556, -9.25674733,-11.6280818 ,
  -14.09239239,-16.51899346,-18.65382494,-20.32492995,-21.60015616,
  -22.36634465,-22.67218658],
 [ -1.64683359, -3.43963793, -5.10480405, -6.86407425, -8.61066624,
  -10.3544225 ,-11.95638486,-13.21821186,-14.13865845,-14.71683866,
  -15.00973002,-15.13307563],
 [ -0.86412917, -1.92397621, -2.92966653, -3.97351689, -4.95544296,
   -5.8185386 , -6.495336  , -6.95980591, -7.25843583, -7.43371645,
   -7.52688668, -7.57147443],
 [  0.        ,  0.        ,  0.        ,  0.        ,  0.        ,
    0.        ,  0.        ,  0.        ,  0.        ,  0.        ,
    0.        ,  0.        ],
 [  1.09949961,  2.91539142,  4.3500685 ,  5.39812051,  6.15158056,
    6.67393019,  7.02319217,  7.24961413,  7.39526396,  7.48830957,
    7.54520922,  7.57661317],
 [  3.1192403 ,  7.05638272,  9.78598673, 11.59657912, 12.82723491,
   13.66602428, 14.23017979, 14.60105734, 14.84333514, 15.00107366,
   15.10006107, 15.15638376],
 [  6.69548647, 11.91359421, 15.65698232, 18.10907936, 19.71431819,
   20.78809595, 21.51385021, 21.99757815, 22.31729187, 22.52742848,
   22.66096689, 22.73834907],
 [ 10.89920675, 17.22450095, 21.7253167 , 24.76653409, 26.70811264,
   27.9797104 , 28.8399592 , 29.41991564, 29.80689792, 30.06260376,
   30.22612392, 30.32196831],
 [ 15.25021391, 22.82575588, 27.93148892, 31.50572526, 33.76645735,
   35.21562474, 36.19422214, 36.8597941 , 37.30738475, 37.60412696,
   37.79448753, 37.90690042],
 [ 19.64819158, 28.57739201, 34.26183831, 38.29848909, 40.86835721,
   42.48268464, 43.56913216, 44.3128493 , 44.81613031, 45.15054399,
   45.36539043, 45.49291166],
 [ 24.06573536, 34.40172448, 40.70250854, 45.13168944, 48.00161342,
   49.77305466, 50.96010356, 51.77641221, 52.33150619, 52.70091426,
   52.93837592, 53.0798323 ],
 [ 28.49267154, 40.26166274, 47.23023079, 51.99964613, 55.15840382,
   57.08166565, 58.36405803, 59.24867669, 59.85240785, 60.25458398,
   60.51311492, 60.66753385],
 [ 32.92451427, 46.13962395, 53.82000747, 58.90034723, 62.33342621,
   64.40503862, 65.77879678, 66.72833331, 67.3780358 , 67.81107331,
   68.08936048, 68.25591598]]


 SandBox Genetic
logR
[-2.7080502 ,-2.01490302,-1.60943791,-1.32175584,-1.09861229,-0.91629073,
 -0.76214005,-0.62860866,-0.51082562,-0.40546511,-0.31015493,-0.22314355,
 -0.14310084,-0.06899287, 0.        ]
IndexZero
10
Tq
[-32.30876161,-29.46041166,-26.60321104,-23.73503712,-20.85465433,
 -17.95777409,-15.03309751,-12.06495581, -9.03571021, -5.95005245,
  -2.88019172,  0.        ,  2.46922161,  4.37980502,  5.74003243,
   6.87337126,  7.92212533,  8.93036685,  9.91578799, 10.88710413,
  11.84939591]
Dq
[ 2.93716015, 2.94604117, 2.95591234, 2.96687964, 2.97923633, 2.99296235,
  3.0066195 , 3.01623895, 3.0119034 , 2.97502623, 2.88019172, 2.7066172 ,
  2.46922161, 2.18990251, 1.91334414, 1.71834282, 1.58442507, 1.48839447,
  1.41654114, 1.36088802, 1.31659955]
lnMrq
[[ -8.02825653,-14.0913171 ,-19.18608293,-24.31856562,-30.59575196,
  -38.80207992,-49.31488577,-55.23888499,-60.59026702,-65.43046925,
  -70.12919024,-75.93949795,-81.57654282,-83.48653428,-83.59429966],
 [ -7.33369694,-12.97892916,-17.7603746 ,-22.62204388,-28.33667605,
  -35.81210578,-45.3543864 ,-50.78101025,-55.64722025,-60.07391341,
  -64.38007446,-69.66186816,-74.60219362,-75.91620247,-75.99538082],
 [ -6.63840401,-11.86151163,-16.32247248,-20.90158154,-26.06618797,
  -32.81263825,-41.37984162,-46.31321232,-50.69948795,-54.71076069,
  -58.62697939,-63.37600652,-67.50666897,-68.33766292,-68.3963012 ],
 [ -5.94198311,-10.73706062,-14.86813591,-19.14996044,-23.77949277,
  -29.79970457,-37.38648172,-41.83017803,-45.74383547,-49.33861109,
  -52.86681866,-57.06766419,-60.26589398,-60.75333704,-60.79708185],
 [ -5.24381266, -9.60263515,-13.39140469,-17.35744615,-21.46870032,
  -26.76700037,-33.36734877,-37.32311517,-40.77416327,-43.95305199,
  -47.09255253,-50.69518967,-52.89159707,-53.16495966,-53.19774078],
 [ -4.54289794, -8.45379152,-11.88371323,-15.51041498,-19.12071939,
  -23.70410061,-29.31201594,-32.77745633,-35.7784962 ,-38.54432925,
  -41.2834633 ,-44.15527639,-45.4213392 ,-45.5737507 ,-45.59829342],
 [ -3.83761258, -7.2835488 ,-10.33232468,-13.58877217,-16.71396523,
  -20.59279731,-25.20375582,-28.1688356 ,-30.73185279,-33.0851085 ,
  -35.36656385,-37.29598316,-37.89355624,-37.98055784,-37.998753  ],
 [ -3.12521793, -6.0803636 , -8.71727426,-11.5610782 ,-14.21297902,
  -17.39856432,-21.01175273,-23.45390462,-25.57544322,-27.48084077,
  -29.12305281,-30.08267252,-30.33477103,-30.38596607,-30.39913083],
 [ -2.40090441, -4.82385448, -7.00464086, -9.37464925,-11.55512006,
  -14.04671438,-16.66621813,-18.53825428,-20.14665715,-21.44627592,
  -22.28742822,-22.65045026,-22.76002185,-22.79037782,-22.79943667],
 [ -1.65567166, -3.47478648, -5.12906967, -6.92898307, -8.59804517,
  -10.34551839,-11.97396093,-13.16764461,-14.08623415,-14.68288694,
  -14.99328567,-15.12685929,-15.17706656,-15.19406991,-15.19967885],
 [ -0.87086147, -1.94639082, -2.93696081, -3.98542738, -4.9509915 ,
   -5.81287889, -6.48531756, -6.945908  , -7.24831358, -7.42765292,
   -7.52367281, -7.56989357, -7.58975796, -7.59723321, -7.59986457],
 [  0.        ,  0.        ,  0.        ,  0.        ,  0.        ,
    0.        ,  0.        ,  0.        ,  0.        ,  0.        ,
    0.        ,  0.        ,  0.        ,  0.        ,  0.        ],
 [  1.12835426,  2.93886239,  4.3417327 ,  5.3757369 ,  6.12551909,
    6.65181074,  7.00771672,  7.24005711,  7.38953424,  7.48496577,
    7.54357311,  7.57584345,  7.59124941,  7.59753737,  7.59990951],
 [  3.33999083,  7.12055114,  9.79202729, 11.57754449, 12.7944614 ,
   13.63183306, 14.2036331 , 14.58400011, 14.83286811, 14.99474981,
   15.09696806, 15.15504636, 15.18349005, 15.19531379, 15.19985937],
 [  7.29165749, 12.1152438 , 15.69524629, 18.10460411, 19.68640007,
   20.75038271, 21.4807526 , 21.97483748, 22.30286191, 22.51836518,
   22.65642165, 22.73648653, 22.77644588, 22.79328275, 22.79984558],
 [ 11.81192737, 17.65710511, 21.81924993, 24.77738991, 26.68795012,
   27.94252718, 28.80332437, 29.39292613, 29.78914612, 30.05106634,
   30.2201362 , 30.31958323, 30.36995359, 30.39141054, 30.3998647 ],
 [ 16.43595162, 23.50642385, 28.1143703 , 31.53312579, 33.75387677,
   35.18075202, 36.15595052, 36.82967897, 37.28681986, 37.59037555,
   37.78708796, 37.90398642, 37.96390892, 37.98967229, 37.99991372],
 [ 21.08876391, 29.48099528, 34.56660246, 38.34644386, 40.86238081,
   42.450832  , 43.53043317, 44.28050203, 44.79316411, 45.13481436,
   45.35662526, 45.48946116, 45.5582402 , 45.58804925, 45.59999002],
 [ 25.75245901, 35.50137811, 41.15052733, 45.20691438, 48.00128385,
   49.74438419, 50.92176041, 51.74254786, 52.30648542, 52.68341262,
   52.92830132, 53.07583844, 53.1528949 , 53.18652701, 53.20009134],
 [ 30.42090824, 41.53995632, 47.82840161, 52.1109384 , 55.16307929,
   57.05604098, 58.32658323, 59.21386706, 59.82563415, 60.2354884 ,
   60.50179272, 60.66299101, 60.74783262, 60.78509423, 60.80021565],
 [ 35.09158512, 47.58702134, 54.56494345, 59.05772342, 62.34286727,
   64.38215787, 65.74252365, 66.69303471, 67.3497766 , 67.7905375 ,
   68.0768551 , 68.25081997, 68.34302104, 68.38374181, 68.40036122]]
fitNessAverage
[ 0.83213128, 0.83041617, 0.83144363, 0.83218883, 0.8314815 , 0.84390245,
  0.84957108, 0.84923409, 0.84672259, 0.84325012, 0.84204653, 0.84090708,
  0.83951336, 0.83757171, 0.83605246, 0.83440285, 0.84089542, 0.84385792,
  0.84779599, 0.84863758, 0.85005283, 0.85051631, 0.85138761, 0.84902145,
  0.84961847, 0.85017426, 0.8522818 ]
fitNessMax
[ 0.8632885 , 0.88729167, 0.89002753, 0.88539773, 0.88490648, 0.91338802,
  0.91338802, 0.91338802, 0.91338802, 0.91338802, 0.91338802, 0.91338802,
  0.91338802, 0.89360032, 0.89360032, 0.88563084, 0.88563084, 0.89574203,
  0.88612462, 0.88557128, 0.88328028, 0.88328028, 0.88377959, 0.88108064,
  0.88810361, 0.89502364, 0.89502364]
fitNessMin
[ 0.79933747, 0.78479508, 0.77880042, 0.78479508, 0.78479508, 0.79055748,
  0.79055748, 0.79055748, 0.79055748, 0.79055748, 0.79055748, 0.79588588,
  0.79588588, 0.78859151, 0.77121562, 0.77121562, 0.77121562, 0.78439999,
  0.78439999, 0.78439999, 0.78439999, 0.78463224, 0.78463224, 0.78463224,
  0.78463224, 0.78463224, 0.78463224]


 SandBox Simulated Annealing
logR
[-2.63905733,-1.94591015,-1.54044504,-1.25276297,-1.02961942,-0.84729786,
 -0.69314718,-0.55961579,-0.44183275,-0.33647224,-0.24116206,-0.15415068,
 -0.07410797, 0.        ]
IndexZero
10
Tq
[-31.61589503,-28.88564031,-26.14292238,-23.38489396,-20.60924467,
 -17.80946059,-14.97140974,-12.07691005, -9.10328475, -6.04056824,
  -2.94400167,  0.        ,  2.53082897,  4.4919469 ,  5.92838682,
   7.13006707,  8.23590203,  9.29454896, 10.32693731, 11.34332247,
  12.34957134]
Dq
[ 2.87417228, 2.88856403, 2.90476915, 2.92311174, 2.94417781, 2.96824343,
  2.99428195, 3.01922751, 3.03442825, 3.02028412, 2.94400167, 2.77585911,
  2.53082897, 2.24597345, 1.97612894, 1.78251677, 1.64718041, 1.54909149,
  1.47527676, 1.41791531, 1.37217459]
lnMrq
[[ -8.07298456,-14.04255414,-19.34874719,-24.34273535,-31.56644822,
  -39.4776614 ,-47.99037695,-54.63779862,-60.6759812 ,-65.53489901,
  -70.24717621,-76.05753475,-81.66132837,-83.4915718 ],
 [ -7.37823765,-12.93061112,-17.91811093,-22.63681018,-29.21895083,
  -36.4015475 ,-44.20837443,-50.2199105 ,-55.72126396,-60.16943647,
  -64.49393168,-69.77562968,-74.66704059,-75.91929041],
 [ -6.68266281,-11.81386652,-16.47389779,-20.90959758,-26.85642357,
  -33.31273772,-40.4140602 ,-45.79576467,-50.75847245,-54.79365028,
  -58.73396986,-63.48232686,-67.54858991,-68.33951145],
 [ -5.98581759,-10.69043887,-15.01144295,-19.15570863,-24.47263188,
  -30.20816635,-36.6020833 ,-41.36171555,-45.78367257,-49.40386894,
  -52.96250894,-57.16090662,-60.28761397,-60.75442505],
 [ -5.28700866, -9.55757273,-13.52424049,-17.36734072,-22.05833042,
  -27.08321095,-32.7637766 ,-36.91116683,-40.79033824,-43.99429534,
  -47.16998079,-50.76604827,-52.90010611,-53.16559779],
 [ -4.58513404, -8.4110982 ,-12.00308552,-15.53215358,-19.59986208,
  -23.93028241,-28.88477463,-32.43200477,-35.76706469,-38.55423943,
  -41.33251842,-44.19369573,-45.42338182,-45.57413252],
 [ -3.87840716, -7.24441982,-10.43467494,-13.62920001,-17.07716579,
  -20.73560483,-24.94069822,-27.90162162,-30.69216642,-33.05802247,
  -35.37690204,-37.30483287,-37.89328507,-37.98079826],
 [ -3.1638474 , -6.04649015, -8.79903881,-11.62191829,-14.45998937,
  -17.47098213,-20.8883435 ,-23.27597309,-25.51666659,-27.4233426 ,
  -29.10214998,-30.07985092,-30.33407454,-30.38612863],
 [ -2.43625613, -4.79744568, -7.0638339 , -9.44725667,-11.69564866,
  -14.06983678,-16.64271314,-18.45552079,-20.09862505,-21.39807567,
  -22.26974066,-22.64765939,-22.75952831,-22.79049352],
 [ -1.68587782, -3.45827217, -5.16801759, -6.99412572, -8.65865427,
  -10.35043595,-12.00010719,-13.16613397,-14.08057176,-14.67323524,
  -14.98932395,-15.12603352,-15.17685633,-15.19414978],
 [ -0.8919768 , -1.9412041 , -2.96172365, -4.02512418, -4.97826775,
   -5.82818709, -6.51115007, -6.96428444, -7.25797613, -7.43110887,
   -7.52450476, -7.5700031 , -7.58972396, -7.59727662],
 [  0.        ,  0.        ,  0.        ,  0.        ,  0.        ,
    0.        ,  0.        ,  0.        ,  0.        ,  0.        ,
    0.        ,  0.        ,  0.        ,  0.        ],
 [  1.19240617,  2.9713115 ,  4.38178702,  5.41770652,  6.16312707,
    6.68097596,  7.02888604,  7.2554047 ,  7.40034514,  7.49135913,
    7.54624826,  7.57656067,  7.59133896,  7.59759073],
 [  3.46620454,  7.20456618,  9.85052045, 11.63247356, 12.84893377,
   13.67851895, 14.23851938, 14.60948676, 14.8517913 , 15.00705823,
   15.1026906 , 15.1567694 , 15.18376123, 15.19543139],
 [  7.30479163, 12.19465846, 15.76166367, 18.16059231, 19.74512111,
   20.80646847, 21.52500817, 22.00787925, 22.32798716, 22.53570547,
   22.66511762, 22.73932945, 22.77696149, 22.79347522],
 [ 11.7456258 , 17.6769984 , 21.88387046, 24.83417896, 26.74672117,
   28.00382795, 28.85443141, 29.43212313, 29.81934769, 30.07268717,
   30.23162102, 30.32357542, 30.37075352, 30.39168759],
 [ 16.33624455, 23.46657058, 28.16280165, 31.59149918, 33.81213462,
   35.24497168, 36.21230232, 36.87409217, 37.32140524, 37.61569671,
   37.8011639 , 37.90911951, 37.96501651, 37.99004239],
 [ 20.97520887, 29.40328561, 34.5856032 , 38.40571953, 40.92087343,
   42.51671972, 43.5909117 , 44.32941116, 44.83165948, 45.16339073,
   45.37310657, 45.49571162, 45.55966749, 45.58851955],
 [ 25.63301792, 35.40266061, 41.13488282, 45.26484877, 48.06105584,
   49.81136195, 50.9855408 , 51.795369  , 52.34852871, 52.71489745,
   52.94701884, 53.08317777, 53.15464657, 53.18710334],
 [ 30.29890863, 41.4298435 , 47.7813136 , 52.16411455, 55.22506635,
   57.12397976, 58.39303863, 59.27011596, 59.87092511, 60.26960548,
   60.52259323, 60.67139013, 60.7499087 , 60.7857812 ],
 [ 34.96845488, 47.47069515, 54.49348926, 59.10212062, 62.40776346,
   64.45122285, 65.81117562, 66.752304  , 67.39805418, 67.82706149,
   68.0995996 , 68.26025082, 68.34541883, 68.3845429 ]]


 BoxCounting Genetic
logR
[-2.89037176,-2.19722458,-1.79175947,-1.5040774 ,-1.28093385,-1.09861229,
 -0.94446161,-0.81093022,-0.69314718,-0.58778666,-0.49247649,-0.40546511,
 -0.3254224 ,-0.25131443,-0.18232156,-0.11778304,-0.05715841, 0.        ]
IndexZero
10
Tq
[ -3.72738517e+00, -3.72762169e+00, -3.72809806e+00, -3.72906019e+00,
  -3.73100979e+00, -3.73497090e+00, -3.74300698e+00, -3.75904777e+00,
  -3.78905533e+00, -3.82658621e+00, -2.85466281e+00,  1.75456733e-18,
   2.33552740e+00,  3.91957043e+00,  5.01574492e+00,  5.96184932e+00,
   6.86127371e+00,  7.74268176e+00,  8.61595668e+00,  9.48500715e+00,
   1.03515704e+01]
Dq
[ 0.3388532 , 0.37276217, 0.41423312, 0.46613252, 0.5330014 , 0.62249515,
  0.7486014 , 0.93976194, 1.26301844, 1.91329311, 2.85466281, 2.7288447 ,
  2.3355274 , 1.95978522, 1.67191497, 1.49046233, 1.37225474, 1.29044696,
  1.23085095, 1.18562589, 1.15017449]
lnMrq
[[  8.26843480e+01,  8.11874513e+01,  8.08082874e+01,  7.99856544e+01,
    7.96750973e+01,  7.90007098e+01,  7.87832409e+01,  7.81230540e+01,
    7.77247485e+01,  7.68202516e+01,  7.65099445e+01,  7.58465075e+01,
    7.53550985e+01,  7.45393489e+01,  7.36010791e+01,  7.33497646e+01,
    7.25024667e+01,  7.14038544e+01],
 [  7.50839060e+01,  7.35871393e+01,  7.32078087e+01,  7.23852633e+01,
    7.20746618e+01,  7.14002742e+01,  7.11827198e+01,  7.05223406e+01,
    7.01239732e+01,  6.92196475e+01,  6.89091892e+01,  6.82456089e+01,
    6.77541972e+01,  6.69384471e+01,  6.60001772e+01,  6.57488623e+01,
    6.49015644e+01,  6.38029519e+01],
 [  6.74839270e+01,  6.59874319e+01,  6.56077629e+01,  6.47853951e+01,
    6.44747039e+01,  6.38003136e+01,  6.35825867e+01,  6.29218223e+01,
    6.25233278e+01,  6.16193452e+01,  6.13085865e+01,  6.06447189e+01,
    6.01532996e+01,  5.93375480e+01,  5.83992777e+01,  5.81479607e+01,
    5.73006626e+01,  5.62020495e+01],
 [  5.98848788e+01,  5.83889625e+01,  5.80086029e+01,  5.71865962e+01,
    5.68757229e+01,  5.62013209e+01,  5.59832444e+01,  5.53217079e+01,
    5.49229497e+01,  5.40196536e+01,  5.37082997e+01,  5.30438570e+01,
    5.25524169e+01,  5.17366602e+01,  5.07983899e+01,  5.05470627e+01,
    4.96997636e+01,  4.86011470e+01],
 [  5.22877049e+01,  5.07930578e+01,  5.04112768e+01,  4.95900107e+01,
    4.92787645e+01,  4.86043237e+01,  4.83855336e+01,  4.77224492e+01,
    4.73231327e+01,  4.64212070e+01,  4.61086798e+01,  4.54430915e+01,
    4.49515962e+01,  4.41358240e+01,  4.31975616e+01,  4.29461822e+01,
    4.20988782e+01,  4.10002446e+01],
 [  4.46943119e+01,  4.32025587e+01,  4.28178206e+01,  4.19980920e+01,
    4.16860695e+01,  4.10115198e+01,  4.07912568e+01,  4.01250744e+01,
    3.97245412e+01,  3.88253362e+01,  3.85105119e+01,  3.78426671e+01,
    3.73510345e+01,  3.65352264e+01,  3.55970362e+01,  3.53453903e+01,
    3.44980611e+01,  3.33993421e+01],
 [  3.71085537e+01,  3.56237378e+01,  3.52327857e+01,  3.44163019e+01,
    3.41026192e+01,  3.34278120e+01,  3.32044572e+01,  3.25321213e+01,
    3.21288333e+01,  3.12349629e+01,  3.09156764e+01,  3.02435129e+01,
    2.97515722e+01,  2.89357559e+01,  2.79980534e+01,  2.77450455e+01,
    2.68975851e+01,  2.57984397e+01],
 [  2.95381880e+01,  2.80710196e+01,  2.76670087e+01,  2.68575347e+01,
    2.65401493e+01,  2.58648936e+01,  2.56348852e+01,  2.49506593e+01,
    2.45408556e+01,  2.36571882e+01,  2.33292616e+01,  2.26493907e+01,
    2.21568750e+01,  2.13417276e+01,  2.04069330e+01,  2.01469887e+01,
    1.92988126e+01,  1.81975372e+01],
 [  2.19986049e+01,  2.05791152e+01,  2.01489336e+01,  1.93552199e+01,
    1.90291537e+01,  1.83537585e+01,  1.81088367e+01,  1.74038289e+01,
    1.69781585e+01,  1.61132040e+01,  1.57681116e+01,  1.50769822e+01,
    1.45836187e+01,  1.37746567e+01,  1.28553681e+01,  1.25609712e+01,
    1.17085005e+01,  1.05966597e+01],
 [  1.45193155e+01,  1.32337534e+01,  1.27636230e+01,  1.20097946e+01,
    1.16635904e+01,  1.09919325e+01,  1.07107060e+01,  9.98264877e+00,
    9.52098026e+00,  8.69022949e+00,  8.30701119e+00,  7.61201982e+00,
    7.11533797e+00,  6.34550262e+00,  5.49191301e+00,  5.04785419e+00,
    4.17438789e+00,  3.04452268e+00],
 [  7.15386508e+00,  6.23588023e+00,  5.78947075e+00,  5.17851980e+00,
    4.81315949e+00,  4.19524515e+00,  3.83016198e+00,  3.17094529e+00,
    2.69395128e+00,  2.03731662e+00,  1.64093658e+00,  1.16315081e+00,
    8.15364813e-01,  4.94696242e-01,  2.54642218e-01,  1.13328685e-01,
    3.92207132e-02,  9.95033085e-03],
 [  0.00000000e+00,  0.00000000e+00,  0.00000000e+00,  0.00000000e+00,
    0.00000000e+00, -1.11022302e-16,  0.00000000e+00, -1.11022302e-16,
    0.00000000e+00,  0.00000000e+00,  0.00000000e+00,  0.00000000e+00,
    0.00000000e+00,  0.00000000e+00,  0.00000000e+00,  0.00000000e+00,
    0.00000000e+00,  0.00000000e+00],
 [ -6.65265580e+00, -4.72878689e+00, -3.53406168e+00, -2.62000608e+00,
   -1.82758254e+00, -1.24022462e+00, -8.23682939e-01, -5.32537965e-01,
   -3.41225278e-01, -2.07478885e-01, -1.15402350e-01, -5.63558560e-02,
   -2.34350584e-02, -8.49988691e-03, -2.48140614e-03, -5.56494815e-04,
   -7.98631890e-05, -9.99504995e-06],
 [ -1.17158590e+01, -7.75274414e+00, -5.38519077e+00, -4.05225083e+00,
   -2.74963600e+00, -1.88099671e+00, -1.25469861e+00, -8.14196255e-01,
   -5.20452100e-01, -3.14335556e-01, -1.73368139e-01, -8.43584106e-02,
   -3.52326789e-02, -1.27570467e-02, -3.72025228e-03, -8.34858397e-04,
   -1.19797175e-04, -1.49926124e-05],
 [ -1.51906788e+01, -9.83687529e+00, -6.64285729e+00, -5.14165908e+00,
   -3.45410749e+00, -2.37459103e+00, -1.59400904e+00, -1.03778941e+00,
   -6.60684534e-01, -3.96721415e-01, -2.19228730e-01, -1.07859470e-01,
   -4.57334428e-02, -1.67475226e-02, -4.92109977e-03, -1.10970452e-03,
   -1.59593374e-04, -1.99852047e-05],
 [ -1.82745584e+01, -1.15498771e+01, -7.65422408e+00, -6.09982687e+00,
   -4.06451076e+00, -2.79961401e+00, -1.88886191e+00, -1.23329669e+00,
   -7.81409233e-01, -4.66899117e-01, -2.59146583e-01, -1.29142244e-01,
   -5.55896496e-02, -2.06057110e-02, -6.10239596e-03, -1.38282824e-03,
   -1.99321461e-04, -2.49753244e-05],
 [ -2.12707672e+01, -1.31459113e+01, -8.54597015e+00, -6.99453466e+00,
   -4.61951928e+00, -3.18203658e+00, -2.15506482e+00, -1.41037631e+00,
   -8.89619667e-01, -5.29238501e-01, -2.95054526e-01, -1.48755770e-01,
   -6.49148226e-02, -2.43454040e-02, -7.26514546e-03, -1.65426177e-03,
   -2.38981748e-04, -2.99629739e-05],
 [ -2.42379626e+01, -1.47076348e+01, -9.38074413e+00, -7.85429281e+00,
   -5.13711390e+00, -3.53448339e+00, -2.40032169e+00, -1.57364631e+00,
   -9.88850238e-01, -5.85956112e-01, -3.27895530e-01, -1.66972414e-01,
   -7.37633506e-02, -2.79732555e-02, -8.40986858e-03, -1.92402055e-03,
   -2.78574385e-04, -3.49481544e-05],
 [ -2.71930523e+01, -1.62586337e+01, -1.01893062e+01, -8.69317120e+00,
   -5.62773544e+00, -3.86444658e+00, -2.62923578e+00, -1.72590192e+00,
   -1.08118064e+00, -6.38378355e-01, -3.58251272e-01, -1.83984661e-01,
   -8.21778284e-02, -3.14950770e-02, -9.53705390e-03, -2.19211969e-03,
   -3.18099521e-04, -3.99308672e-05],
 [ -3.01420051e+01, -1.78058244e+01, -1.09860052e+01, -9.51882431e+00,
   -6.09822262e+00, -4.17681710e+00, -2.84490242e+00, -1.86906891e+00,
   -1.16794163e+00, -6.87372344e-01, -3.86528342e-01, -1.99944598e-01,
   -9.01954363e-02, -3.49162876e-02, -1.06471736e-02, -2.45857414e-03,
   -3.57557307e-04, -4.49111134e-05],
 [ -3.30872173e+01, -1.93514548e+01, -1.17773540e+01, -1.03357020e+01,
   -6.55335201e+00, -4.47496220e+00, -3.04956400e+00, -2.00457078e+00,
   -1.25003888e+00, -7.33538265e-01, -4.13031810e-01, -2.14976857e-01,
   -9.78492585e-02, -3.82419682e-02, -1.17406843e-02, -2.72339870e-03,
   -3.96947891e-04, -4.98888943e-05]]
fitNessAverage
[ 1.13502576, 1.13467355, 1.13384784, 1.13552331, 1.135008  , 1.13445645,
  1.13789755, 1.13874201, 1.14009863, 1.13770698, 1.13680951, 1.1379134 ,
  1.14168479, 1.14592524, 1.14673711, 1.14018481, 1.13608805, 1.13377055,
  1.13282501, 1.13341187, 1.13175856, 1.1311497 , 1.13199165, 1.13370831,
  1.13575118, 1.13686311]
fitNessMax
[ 1.15388771, 1.1693051 , 1.19044831, 1.19044831, 1.20749282, 1.19044831,
  1.18424072, 1.19035292, 1.19035292, 1.19060419, 1.19107916, 1.19938914,
  1.19938914, 1.2021879 , 1.20628884, 1.20628884, 1.20628884, 1.20628884,
  1.20628884, 1.20628884, 1.19821644, 1.19099749, 1.18132378, 1.2019722 ,
  1.2011308 , 1.19975663]
fitNessMin
[ 1.12221988, 1.05544404, 1.05544404, 1.05544404, 1.05544404, 1.06156477,
  1.06156477, 1.06156477, 1.05041748, 1.05041748, 1.05041748, 1.05041748,
  1.05041748, 1.05041748, 1.05041748, 1.05041748, 1.05041748, 1.05041748,
  1.03859683, 1.03859683, 1.03249209, 1.03249209, 1.04837535, 1.04837535,
  1.05875127, 1.05875127]


 BoxCounting Simulated Annealing
logR
[-2.89037176,-2.19722458,-1.79175947,-1.5040774 ,-1.28093385,-1.09861229,
 -0.94446161,-0.81093022,-0.69314718,-0.58778666,-0.49247649,-0.40546511,
 -0.3254224 ,-0.25131443,-0.18232156,-0.11778304,-0.05715841, 0.        ]
IndexZero
10
Tq
[ -3.72738517e+00, -3.72762169e+00, -3.72809806e+00, -3.72906019e+00,
  -3.73100979e+00, -3.73497090e+00, -3.74300698e+00, -3.75904777e+00,
  -3.78905533e+00, -3.82658621e+00, -2.85466281e+00,  1.75456733e-18,
   2.33552740e+00,  3.91957043e+00,  5.01574492e+00,  5.96184932e+00,
   6.86127371e+00,  7.74268176e+00,  8.61595668e+00,  9.48500715e+00,
   1.03515704e+01]
Dq
[ 0.3388532 , 0.37276217, 0.41423312, 0.46613252, 0.5330014 , 0.62249515,
  0.7486014 , 0.93976194, 1.26301844, 1.91329311, 2.85466281, 2.7288447 ,
  2.3355274 , 1.95978522, 1.67191497, 1.49046233, 1.37225474, 1.29044696,
  1.23085095, 1.18562589, 1.15017449]
lnMrq
[[  8.26843480e+01,  8.11874513e+01,  8.08082874e+01,  7.99856544e+01,
    7.96750973e+01,  7.90007098e+01,  7.87832409e+01,  7.81230540e+01,
    7.77247485e+01,  7.68202516e+01,  7.65099445e+01,  7.58465075e+01,
    7.53550985e+01,  7.45393489e+01,  7.36010791e+01,  7.33497646e+01,
    7.25024667e+01,  7.14038544e+01],
 [  7.50839060e+01,  7.35871393e+01,  7.32078087e+01,  7.23852633e+01,
    7.20746618e+01,  7.14002742e+01,  7.11827198e+01,  7.05223406e+01,
    7.01239732e+01,  6.92196475e+01,  6.89091892e+01,  6.82456089e+01,
    6.77541972e+01,  6.69384471e+01,  6.60001772e+01,  6.57488623e+01,
    6.49015644e+01,  6.38029519e+01],
 [  6.74839270e+01,  6.59874319e+01,  6.56077629e+01,  6.47853951e+01,
    6.44747039e+01,  6.38003136e+01,  6.35825867e+01,  6.29218223e+01,
    6.25233278e+01,  6.16193452e+01,  6.13085865e+01,  6.06447189e+01,
    6.01532996e+01,  5.93375480e+01,  5.83992777e+01,  5.81479607e+01,
    5.73006626e+01,  5.62020495e+01],
 [  5.98848788e+01,  5.83889625e+01,  5.80086029e+01,  5.71865962e+01,
    5.68757229e+01,  5.62013209e+01,  5.59832444e+01,  5.53217079e+01,
    5.49229497e+01,  5.40196536e+01,  5.37082997e+01,  5.30438570e+01,
    5.25524169e+01,  5.17366602e+01,  5.07983899e+01,  5.05470627e+01,
    4.96997636e+01,  4.86011470e+01],
 [  5.22877049e+01,  5.07930578e+01,  5.04112768e+01,  4.95900107e+01,
    4.92787645e+01,  4.86043237e+01,  4.83855336e+01,  4.77224492e+01,
    4.73231327e+01,  4.64212070e+01,  4.61086798e+01,  4.54430915e+01,
    4.49515962e+01,  4.41358240e+01,  4.31975616e+01,  4.29461822e+01,
    4.20988782e+01,  4.10002446e+01],
 [  4.46943119e+01,  4.32025587e+01,  4.28178206e+01,  4.19980920e+01,
    4.16860695e+01,  4.10115198e+01,  4.07912568e+01,  4.01250744e+01,
    3.97245412e+01,  3.88253362e+01,  3.85105119e+01,  3.78426671e+01,
    3.73510345e+01,  3.65352264e+01,  3.55970362e+01,  3.53453903e+01,
    3.44980611e+01,  3.33993421e+01],
 [  3.71085537e+01,  3.56237378e+01,  3.52327857e+01,  3.44163019e+01,
    3.41026192e+01,  3.34278120e+01,  3.32044572e+01,  3.25321213e+01,
    3.21288333e+01,  3.12349629e+01,  3.09156764e+01,  3.02435129e+01,
    2.97515722e+01,  2.89357559e+01,  2.79980534e+01,  2.77450455e+01,
    2.68975851e+01,  2.57984397e+01],
 [  2.95381880e+01,  2.80710196e+01,  2.76670087e+01,  2.68575347e+01,
    2.65401493e+01,  2.58648936e+01,  2.56348852e+01,  2.49506593e+01,
    2.45408556e+01,  2.36571882e+01,  2.33292616e+01,  2.26493907e+01,
    2.21568750e+01,  2.13417276e+01,  2.04069330e+01,  2.01469887e+01,
    1.92988126e+01,  1.81975372e+01],
 [  2.19986049e+01,  2.05791152e+01,  2.01489336e+01,  1.93552199e+01,
    1.90291537e+01,  1.83537585e+01,  1.81088367e+01,  1.74038289e+01,
    1.69781585e+01,  1.61132040e+01,  1.57681116e+01,  1.50769822e+01,
    1.45836187e+01,  1.37746567e+01,  1.28553681e+01,  1.25609712e+01,
    1.17085005e+01,  1.05966597e+01],
 [  1.45193155e+01,  1.32337534e+01,  1.27636230e+01,  1.20097946e+01,
    1.16635904e+01,  1.09919325e+01,  1.07107060e+01,  9.98264877e+00,
    9.52098026e+00,  8.69022949e+00,  8.30701119e+00,  7.61201982e+00,
    7.11533797e+00,  6.34550262e+00,  5.49191301e+00,  5.04785419e+00,
    4.17438789e+00,  3.04452268e+00],
 [  7.15386508e+00,  6.23588023e+00,  5.78947075e+00,  5.17851980e+00,
    4.81315949e+00,  4.19524515e+00,  3.83016198e+00,  3.17094529e+00,
    2.69395128e+00,  2.03731662e+00,  1.64093658e+00,  1.16315081e+00,
    8.15364813e-01,  4.94696242e-01,  2.54642218e-01,  1.13328685e-01,
    3.92207132e-02,  9.95033085e-03],
 [  0.00000000e+00,  0.00000000e+00,  0.00000000e+00,  0.00000000e+00,
    0.00000000e+00, -1.11022302e-16,  0.00000000e+00, -1.11022302e-16,
    0.00000000e+00,  0.00000000e+00,  0.00000000e+00,  0.00000000e+00,
    0.00000000e+00,  0.00000000e+00,  0.00000000e+00,  0.00000000e+00,
    0.00000000e+00,  0.00000000e+00],
 [ -6.65265580e+00, -4.72878689e+00, -3.53406168e+00, -2.62000608e+00,
   -1.82758254e+00, -1.24022462e+00, -8.23682939e-01, -5.32537965e-01,
   -3.41225278e-01, -2.07478885e-01, -1.15402350e-01, -5.63558560e-02,
   -2.34350584e-02, -8.49988691e-03, -2.48140614e-03, -5.56494815e-04,
   -7.98631890e-05, -9.99504995e-06],
 [ -1.17158590e+01, -7.75274414e+00, -5.38519077e+00, -4.05225083e+00,
   -2.74963600e+00, -1.88099671e+00, -1.25469861e+00, -8.14196255e-01,
   -5.20452100e-01, -3.14335556e-01, -1.73368139e-01, -8.43584106e-02,
   -3.52326789e-02, -1.27570467e-02, -3.72025228e-03, -8.34858397e-04,
   -1.19797175e-04, -1.49926124e-05],
 [ -1.51906788e+01, -9.83687529e+00, -6.64285729e+00, -5.14165908e+00,
   -3.45410749e+00, -2.37459103e+00, -1.59400904e+00, -1.03778941e+00,
   -6.60684534e-01, -3.96721415e-01, -2.19228730e-01, -1.07859470e-01,
   -4.57334428e-02, -1.67475226e-02, -4.92109977e-03, -1.10970452e-03,
   -1.59593374e-04, -1.99852047e-05],
 [ -1.82745584e+01, -1.15498771e+01, -7.65422408e+00, -6.09982687e+00,
   -4.06451076e+00, -2.79961401e+00, -1.88886191e+00, -1.23329669e+00,
   -7.81409233e-01, -4.66899117e-01, -2.59146583e-01, -1.29142244e-01,
   -5.55896496e-02, -2.06057110e-02, -6.10239596e-03, -1.38282824e-03,
   -1.99321461e-04, -2.49753244e-05],
 [ -2.12707672e+01, -1.31459113e+01, -8.54597015e+00, -6.99453466e+00,
   -4.61951928e+00, -3.18203658e+00, -2.15506482e+00, -1.41037631e+00,
   -8.89619667e-01, -5.29238501e-01, -2.95054526e-01, -1.48755770e-01,
   -6.49148226e-02, -2.43454040e-02, -7.26514546e-03, -1.65426177e-03,
   -2.38981748e-04, -2.99629739e-05],
 [ -2.42379626e+01, -1.47076348e+01, -9.38074413e+00, -7.85429281e+00,
   -5.13711390e+00, -3.53448339e+00, -2.40032169e+00, -1.57364631e+00,
   -9.88850238e-01, -5.85956112e-01, -3.27895530e-01, -1.66972414e-01,
   -7.37633506e-02, -2.79732555e-02, -8.40986858e-03, -1.92402055e-03,
   -2.78574385e-04, -3.49481544e-05],
 [ -2.71930523e+01, -1.62586337e+01, -1.01893062e+01, -8.69317120e+00,
   -5.62773544e+00, -3.86444658e+00, -2.62923578e+00, -1.72590192e+00,
   -1.08118064e+00, -6.38378355e-01, -3.58251272e-01, -1.83984661e-01,
   -8.21778284e-02, -3.14950770e-02, -9.53705390e-03, -2.19211969e-03,
   -3.18099521e-04, -3.99308672e-05],
 [ -3.01420051e+01, -1.78058244e+01, -1.09860052e+01, -9.51882431e+00,
   -6.09822262e+00, -4.17681710e+00, -2.84490242e+00, -1.86906891e+00,
   -1.16794163e+00, -6.87372344e-01, -3.86528342e-01, -1.99944598e-01,
   -9.01954363e-02, -3.49162876e-02, -1.06471736e-02, -2.45857414e-03,
   -3.57557307e-04, -4.49111134e-05],
 [ -3.30872173e+01, -1.93514548e+01, -1.17773540e+01, -1.03357020e+01,
   -6.55335201e+00, -4.47496220e+00, -3.04956400e+00, -2.00457078e+00,
   -1.25003888e+00, -7.33538265e-01, -4.13031810e-01, -2.14976857e-01,
   -9.78492585e-02, -3.82419682e-02, -1.17406843e-02, -2.72339870e-03,
   -3.96947891e-04, -4.98888943e-05]]


Execution time

Box Counting	Box Counting Fixed	SandBox	Genetic SandBox	Simulated SandBox	Genetic BCFS	Simulated BCFS
[ 10715.4421041 , 10788.23034215,  1193.07546496,  6653.85819316,
   4644.57977009,  6324.84645796,  4995.68548489,  7097.02490091,
   5092.54276204]
Fractal dimension
2.42110239731