BCAlgorithm
logR
[-2.63905733,-1.94591015,-1.54044504,-1.25276297,-1.02961942,-0.84729786,
 -0.69314718,-0.55961579,-0.44183275,-0.33647224,-0.24116206,-0.15415068,
 -0.07410797, 0.        ]
IndexZero
10
Tq
[ -3.14727151e+01, -2.86726016e+01, -2.58721075e+01, -2.30713297e+01,
  -2.02705990e+01, -1.74707562e+01, -1.46737516e+01, -1.18840109e+01,
  -9.11172453e+00, -6.38068038e+00, -3.66969659e+00, -2.67601721e-17,
   2.29553359e+00,  3.53425896e+00,  4.71599173e+00,  5.89545392e+00,
   7.07462678e+00,  8.25374692e+00,  9.43285670e+00,  1.06119644e+01,
   1.17910717e+01]
Dq
[ 2.86115592, 2.86726016, 2.87467861, 2.88391622, 2.89579986, 2.9117927 ,
  2.93475032, 2.97100274, 3.03724151, 3.19034019, 3.66969659, 3.4405564 ,
  2.29553359, 1.76712948, 1.57199724, 1.47386348, 1.41492536, 1.37562449,
  1.34755096, 1.32649555, 1.31011908]
lnMrq
[[  9.79034702e+01,  9.63278026e+01,  9.59477457e+01,  9.48493223e+01,
    9.45358632e+01,  9.38235951e+01,  9.32396369e+01,  9.21748482e+01,
    9.09712426e+01,  7.89925745e+01,  7.88858453e+01,  0.00000000e+00,
    0.00000000e+00,  0.00000000e+00],
 [  8.89167164e+01,  8.73412495e+01,  8.69609854e+01,  8.58627534e+01,
    8.55491268e+01,  8.48367893e+01,  8.42528156e+01,  8.31879485e+01,
    8.19847188e+01,  7.11371871e+01,  7.09972608e+01,  0.00000000e+00,
    0.00000000e+00,  0.00000000e+00],
 [  7.99304080e+01,  7.83553562e+01,  7.79746719e+01,  7.68768281e+01,
    7.65628603e+01,  7.58503902e+01,  7.52663753e+01,  7.42013510e+01,
    7.29988892e+01,  6.32912406e+01,  6.31086763e+01,  0.00000000e+00,
    0.00000000e+00,  0.00000000e+00],
 [  7.09449945e+01,  6.93708148e+01,  6.89892731e+01,  6.78922216e+01,
    6.75775537e+01,  6.68648372e+01,  6.62807093e+01,  6.52153694e+01,
    6.40144893e+01,  5.54568908e+01,  5.52200917e+01,  0.00000000e+00,
    0.00000000e+00,  0.00000000e+00],
 [  6.19613824e+01,  6.03890765e+01,  6.00057697e+01,  5.89103525e+01,
    5.85942320e+01,  5.78810773e+01,  5.72966332e+01,  5.62306606e+01,
    5.50330679e+01,  4.76365522e+01,  4.73315072e+01,  0.00000000e+00,
    0.00000000e+00,  0.00000000e+00],
 [  5.29814021e+01,  5.14132485e+01,  5.10262658e+01,  4.99342710e+01,
    4.96150963e+01,  4.89012199e+01,  4.83158795e+01,  4.72486436e+01,
    4.60579442e+01,  3.98329623e+01,  3.94429227e+01,  0.00000000e+00,
    0.00000000e+00,  0.00000000e+00],
 [  4.40087521e+01,  4.24501776e+01,  4.20554408e+01,  4.09707756e+01,
    4.06450883e+01,  3.99301777e+01,  3.93422898e+01,  3.82725520e+01,
    3.70963697e+01,  3.20495906e+01,  3.15543381e+01,  0.00000000e+00,
    0.00000000e+00,  0.00000000e+00],
 [  3.50508823e+01,  3.35154932e+01,  3.31042945e+01,  3.20358346e+01,
    3.16961433e+01,  3.09800667e+01,  3.03850091e+01,  2.93103910e+01,
    2.81645648e+01,  2.42920930e+01,  2.36657536e+01,  0.00000000e+00,
    0.00000000e+00,  0.00000000e+00],
 [  2.61226344e+01,  2.46461023e+01,  2.42009979e+01,  2.31698803e+01,
    2.28004561e+01,  2.20829348e+01,  2.14682485e+01,  2.03844759e+01,
    1.93005820e+01,  1.65724215e+01,  1.57771692e+01,  0.00000000e+00,
    0.00000000e+00,  0.00000000e+00],
 [  1.72528763e+01,  1.59295444e+01,  1.54269756e+01,  1.44845362e+01,
    1.40564308e+01,  1.33306673e+01,  1.26645363e+01,  1.15674484e+01,
    1.06071310e+01,  8.91833822e+00,  7.88895960e+00,  0.00000000e+00,
    0.00000000e+00,  0.00000000e+00],
 [  8.49637805e+00,  7.55590509e+00,  7.03702761e+00,  6.28785856e+00,
    5.76832100e+00,  5.00394631e+00,  4.21950771e+00,  3.17805383e+00,
    2.48490665e+00,  1.60943791e+00,  6.93147181e-01,  0.00000000e+00,
    0.00000000e+00,  0.00000000e+00],
 [  0.00000000e+00,  0.00000000e+00,  0.00000000e+00,  4.44089210e-16,
    0.00000000e+00,  2.22044605e-16,  2.22044605e-16,  0.00000000e+00,
    0.00000000e+00, -1.11022302e-16,  0.00000000e+00,  0.00000000e+00,
    0.00000000e+00,  0.00000000e+00],
 [ -6.39926363e+00, -3.88148319e+00, -2.18376843e+00, -1.15147217e+00,
   -5.05363123e-01, -1.96672681e-01, -7.42719039e-02, -3.32238180e-02,
   -1.55490435e-02, -5.25468797e-03, -7.49999930e-04,  0.00000000e+00,
    0.00000000e+00,  0.00000000e+00],
 [ -9.92979495e+00, -5.90960371e+00, -3.29413211e+00, -1.73532619e+00,
   -7.59353207e-01, -2.95319503e-01, -1.11547827e-01, -4.99126500e-02,
   -2.33405408e-02, -7.88535179e-03, -1.12521094e-03,  0.00000000e+00,
    0.00000000e+00,  0.00000000e+00],
 [ -1.32536929e+01, -7.88220630e+00, -4.39244403e+00, -2.31391701e+00,
   -1.01247846e+00, -3.93760288e-01, -1.48731160e-01, -6.65505630e-02,
   -3.11207492e-02, -1.05138054e-02, -1.50028132e-03,  0.00000000e+00,
    0.00000000e+00,  0.00000000e+00],
 [ -1.65690202e+01, -9.85292421e+00, -5.49056188e+00, -2.89240041e+00,
   -1.26559814e+00, -4.92200364e-01, -1.85913956e-01, -8.31882058e-02,
   -3.89009366e-02, -1.31422568e-02, -1.87535165e-03,  0.00000000e+00,
    0.00000000e+00,  0.00000000e+00],
 [ -1.98831716e+01, -1.18235218e+01, -6.58867447e+00, -3.47088063e+00,
   -1.51871777e+00, -5.90640437e-01, -2.23096747e-01, -9.98258469e-02,
   -4.66811239e-02, -1.57707081e-02, -2.25042198e-03,  0.00000000e+00,
    0.00000000e+00,  0.00000000e+00],
 [ -2.31971008e+01, -1.37941099e+01, -7.68678690e+00, -4.04936074e+00,
   -1.77183740e+00, -6.89080510e-01, -2.60279538e-01, -1.16463488e-01,
   -5.44613112e-02, -1.83991595e-02, -2.62549231e-03,  0.00000000e+00,
    0.00000000e+00,  0.00000000e+00],
 [ -2.65109856e+01, -1.57646971e+01, -8.78489931e+00, -4.62784084e+00,
   -2.02495702e+00, -7.87520583e-01, -2.97462329e-01, -1.33101129e-01,
   -6.22414986e-02, -2.10276108e-02, -3.00056264e-03,  0.00000000e+00,
    0.00000000e+00,  0.00000000e+00],
 [ -2.98248614e+01, -1.77352842e+01, -9.88301172e+00, -5.20632095e+00,
   -2.27807665e+00, -8.85960655e-01, -3.34645120e-01, -1.49738770e-01,
   -7.00216859e-02, -2.36560622e-02, -3.37563297e-03,  0.00000000e+00,
    0.00000000e+00,  0.00000000e+00],
 [ -3.31387354e+01, -1.97058714e+01, -1.09811241e+01, -5.78480106e+00,
   -2.53119628e+00, -9.84400728e-01, -3.71827911e-01, -1.66376412e-01,
   -7.78018732e-02, -2.62845135e-02, -3.75070330e-03,  0.00000000e+00,
    0.00000000e+00,  0.00000000e+00]]FSBCAlgorithm
logR
[-2.83321334,-2.14006616,-1.73460106,-1.44691898,-1.22377543,-1.04145387,
 -0.8873032 ,-0.7537718 ,-0.63598877,-0.53062825,-0.43531807,-0.34830669,
 -0.26826399,-0.19415601,-0.12516314,-0.06062462, 0.        ]
IndexZero
10
Tq
[ -3.76982712, -3.76898182, -3.76727056, -3.76379631, -3.75673473,
  -3.74243985, -3.71395826, -3.65931269, -3.56154628, -3.40167076,
  -2.93477645,  0.        ,  2.99844661,  5.1306893 ,  6.60590426,
   7.90092549,  9.12373378, 10.29172975, 11.42544708, 12.53535173,
  13.62640742]
Dq
[ 0.34271156, 0.37689818, 0.41858562, 0.47047454, 0.53667639, 0.62373998,
  0.74279165, 0.91482817, 1.18718209, 1.70083538, 2.93477645, 3.44253405,
  2.99844661, 2.56534465, 2.20196809, 1.97523137, 1.82474676, 1.71528829,
  1.63220673, 1.56691897, 1.51404527]
lnMrq
[[  9.79412639e+01,  9.63803603e+01,  9.60042061e+01,  9.50205513e+01,
    9.47067002e+01,  9.40156747e+01,  9.37265641e+01,  9.31824819e+01,
    9.30405785e+01,  9.26553785e+01,  9.22696796e+01,  9.12193480e+01,
    9.06409380e+01,  8.93655798e+01,  8.82789960e+01,  8.70448503e+01,
    8.59012964e+01],
 [  8.89545286e+01,  8.73938030e+01,  8.70174654e+01,  8.60339475e+01,
    8.57200485e+01,  8.50290257e+01,  8.47399041e+01,  8.41959868e+01,
    8.40539076e+01,  8.36685968e+01,  8.32828770e+01,  8.22327780e+01,
    8.16544043e+01,  8.03796195e+01,  7.92940279e+01,  7.80608130e+01,
    7.69200425e+01],
 [  7.99682574e+01,  7.84079008e+01,  7.80311913e+01,  7.70479524e+01,
    7.67339552e+01,  7.60429384e+01,  7.57537941e+01,  7.52102093e+01,
    7.50677751e+01,  7.46822387e+01,  7.42964771e+01,  7.32468437e+01,
    7.26685460e+01,  7.13949428e+01,  7.03113580e+01,  6.90800486e+01,
    6.79448053e+01],
 [  7.09829186e+01,  6.94233411e+01,  6.90458716e+01,  6.80632068e+01,
    6.77490064e+01,  6.70580044e+01,  6.67688125e+01,  6.62258988e+01,
    6.60827454e+01,  6.56967468e+01,  6.53109011e+01,  6.42622013e+01,
    6.36840646e+01,  6.24129282e+01,  6.13334170e+01,  6.01060361e+01,
    5.89816502e+01],
 [  6.19994566e+01,  6.04415642e+01,  6.00625287e+01,  5.90810606e+01,
    5.87664327e+01,  5.80754721e+01,  5.77861778e+01,  5.72446205e+01,
    5.71000030e+01,  5.67130479e+01,  5.63270319e+01,  5.52802096e+01,
    5.47024218e+01,  5.34365239e+01,  5.23653065e+01,  5.11460742e+01,
    5.00425146e+01],
 [  5.30197782e+01,  5.14656561e+01,  5.10833588e+01,  5.01044329e+01,
    4.97888841e+01,  4.90980563e+01,  4.88085346e+01,  4.82697124e+01,
    4.81220986e+01,  4.77331403e+01,  4.73467729e+01,  4.63037519e+01,
    4.57267370e+01,  4.44721909e+01,  4.34178448e+01,  4.22155053e+01,
    4.11499314e+01],
 [  4.40477334e+01,  4.25024262e+01,  4.21132677e+01,  4.11398849e+01,
    4.08222905e+01,  4.01319468e+01,  3.98418938e+01,  3.93085174e+01,
    3.91547394e+01,  3.87615260e+01,  3.83744044e+01,  3.73392019e+01,
    3.67639313e+01,  3.55344393e+01,  3.45139414e+01,  3.33458996e+01,
    3.23428238e+01],
 [  3.50910625e+01,  3.35674694e+01,  3.31639086e+01,  3.22030492e+01,
    3.18807437e+01,  3.11923160e+01,  3.09009260e+01,  3.03779648e+01,
    3.02114594e+01,  2.98090871e+01,  2.94202166e+01,  2.84016533e+01,
    2.78303167e+01,  2.66561651e+01,  2.57003351e+01,  2.45972170e+01,
    2.36781947e+01],
 [  2.61651031e+01,  2.46978462e+01,  2.42656642e+01,  2.33344738e+01,
    2.30010547e+01,  2.23204609e+01,  2.20252896e+01,  2.15200218e+01,
    2.13272459e+01,  2.09051705e+01,  2.05117010e+01,  1.95308267e+01,
    1.89678298e+01,  1.79093759e+01,  1.70620488e+01,  1.60631286e+01,
    1.52211224e+01],
 [  1.72992375e+01,  1.59825424e+01,  1.55079352e+01,  1.46516146e+01,
    1.42940945e+01,  1.36443815e+01,  1.33367432e+01,  1.28520707e+01,
    1.26056992e+01,  1.21446137e+01,  1.17372256e+01,  1.08478674e+01,
    1.02988148e+01,  9.43952706e+00,  8.72774342e+00,  7.85208944e+00,
    7.03813285e+00],
 [  8.54658944e+00,  7.62022651e+00,  7.17205733e+00,  6.52055688e+00,
    6.15078266e+00,  5.61117570e+00,  5.27386361e+00,  4.80353322e+00,
    4.46404143e+00,  3.96472100e+00,  3.52623184e+00,  2.85520144e+00,
    2.34897357e+00,  1.76234139e+00,  1.26147491e+00,  7.59870813e-01,
    3.97012821e-01],
 [  0.00000000e+00,  0.00000000e+00,  0.00000000e+00,  0.00000000e+00,
    0.00000000e+00,  0.00000000e+00,  0.00000000e+00,  0.00000000e+00,
    0.00000000e+00,  0.00000000e+00,  0.00000000e+00,  0.00000000e+00,
    0.00000000e+00,  0.00000000e+00,  0.00000000e+00,  0.00000000e+00,
    0.00000000e+00],
 [ -8.12898443e+00, -5.91522747e+00, -4.60883080e+00, -3.38496204e+00,
   -2.52157255e+00, -1.78349232e+00, -1.23994415e+00, -8.10764021e-01,
   -5.06725460e-01, -2.93740306e-01, -1.60141093e-01, -8.25206254e-02,
   -4.13366487e-02, -2.03695548e-02, -9.64959708e-03, -4.20716942e-03,
   -1.62495543e-03],
 [ -1.47698384e+01, -9.78303506e+00, -7.13097677e+00, -5.10502886e+00,
   -3.67656479e+00, -2.59199159e+00, -1.77475580e+00, -1.16469462e+00,
   -7.27376722e-01, -4.26150751e-01, -2.33854593e-01, -1.21741968e-01,
   -6.13729299e-02, -3.04014973e-02, -1.44312592e-02, -6.29917573e-03,
   -2.43436878e-03],
 [ -1.87945150e+01, -1.30458027e+01, -9.20737871e+00, -6.42352203e+00,
   -4.54421157e+00, -3.18567076e+00, -2.17370532e+00, -1.43015781e+00,
   -8.98130893e-01, -5.31024635e-01, -2.94505623e-01, -1.54986486e-01,
   -7.87412964e-02, -3.91588568e-02, -1.86344370e-02, -8.16293370e-03,
   -3.17804406e-03],
 [ -2.21885939e+01, -1.60134049e+01, -1.11863877e+01, -7.60525897e+00,
   -5.29182231e+00, -3.67696820e+00, -2.50266301e+00, -1.64948420e+00,
   -1.04145507e+00, -6.20830360e-01, -3.47821021e-01, -1.84950021e-01,
   -9.46564982e-02, -4.72435794e-02, -2.25372348e-02, -9.90923146e-03,
   -3.88800029e-03],
 [ -2.55218103e+01, -1.85840928e+01, -1.31089615e+01, -8.73052691e+00,
   -5.96963860e+00, -4.10515906e+00, -2.78499109e+00, -1.83836015e+00,
   -1.16618710e+00, -7.00365426e-01, -3.96055604e-01, -2.12613946e-01,
   -1.09572462e-01, -5.48763036e-02, -2.62387036e-02, -1.15754505e-02,
   -4.57204198e-03],
 [ -2.88464007e+01, -2.08089967e+01, -1.49535154e+01, -9.82917707e+00,
   -6.60389082e+00, -4.49020933e+00, -3.03380155e+00, -2.00519717e+00,
   -1.27731818e+00, -7.72268652e-01, -4.40454717e-01, -2.38507130e-01,
   -1.23727436e-01, -6.21703353e-02, -2.97891331e-02, -1.31804707e-02,
   -5.23410379e-03],
 [ -3.21693600e+01, -2.28652924e+01, -1.66697609e+01, -1.09115395e+01,
   -7.21080204e+00, -4.84405241e+00, -3.25747559e+00, -2.15521895e+00,
   -1.37800917e+00, -8.38212743e-01, -4.81807289e-01, -2.62966624e-01,
   -1.37267326e-01, -6.91939189e-02, -3.32187594e-02, -1.47357481e-02,
   -5.87701548e-03],
 [ -3.54919123e+01, -2.48635564e+01, -1.82093612e+01, -1.19792349e+01,
   -7.80063203e+00, -5.17459442e+00, -3.46168119e+00, -2.29195333e+00,
   -1.47040313e+00, -8.99345801e-01, -5.20656857e-01, -2.86228038e-01,
   -1.50290549e-01, -7.59924172e-02, -3.65477111e-02, -1.62490098e-02,
   -6.50305176e-03],
 [ -3.88143009e+01, -2.68442153e+01, -1.95698805e+01, -1.30289960e+01,
   -8.37979745e+00, -5.48745192e+00, -3.65040507e+00, -2.41791550e+00,
   -1.55602796e+00, -9.56498116e-01, -5.57399522e-01, -3.08465804e-01,
   -1.62868057e-01, -8.25980479e-02, -3.97903282e-02, -1.77258331e-02,
   -7.11409656e-03]]

\SBAlgorithm
logR
[-2.77258872,-2.07944154,-1.67397643,-1.38629436,-1.16315081,-0.98082925,
 -0.82667857,-0.69314718,-0.57536414,-0.47000363,-0.37469345,-0.28768207,
 -0.20763936,-0.13353139,-0.06453852, 0.        ]
IndexZero
10
Tq
[-33.78987486,-30.89471064,-27.99211293,-25.07821466,-22.15022594,
 -19.20703381,-16.24218413,-13.23782896,-10.16761389, -6.95897824,
  -3.48570627,  0.        ,  2.97409938,  5.25431589,  6.97727473,
   8.50733949,  9.96283156, 11.37614286, 12.76455941, 14.13714378,
  15.49896433]
Dq
[ 3.07180681, 3.08947106, 3.11023477, 3.13477683, 3.16431799, 3.2011723 ,
  3.24843683, 3.30945724, 3.38920463, 3.47948912, 3.48570627, 3.30051495,
  2.97409938, 2.62715794, 2.32575824, 2.12683487, 1.99256631, 1.89602381,
  1.82350849, 1.76714297, 1.72210715]
lnMrq
[[ -8.01840423,-14.1095161 ,-19.17806689,-23.72088182,-27.64819514,
  -31.73486767,-36.07823016,-45.65351596,-51.78249926,-57.80130106,
  -62.36980335,-67.27519429,-79.2989676 ,-88.54014053,-95.8775175 ,
  -98.68311285],
 [ -7.32385469,-12.99620114,-17.75238218,-22.03026496,-25.69004894,
  -29.49081643,-33.52145575,-42.1821358 ,-47.77353432,-53.19779163,
  -57.40308774,-61.88106122,-72.74334323,-81.13556406,-87.70939188,
  -89.75078718],
 [ -6.62857959,-11.87746611,-16.31466676,-20.31886837,-23.71349646,
  -27.23352869,-30.96087017,-38.70512308,-43.75629918,-48.58832105,
  -52.42665925,-56.48052062,-66.18553831,-73.7286056 ,-79.4482946 ,
  -80.80089881],
 [ -5.9321908 ,-10.75113656,-14.86064175,-18.58062245,-21.71322537,
  -24.95763255,-28.39411728,-35.21924366,-39.72623998,-43.97022266,
  -47.43710409,-51.07108449,-59.62492686,-66.31546491,-71.03833333,
  -71.83900769],
 [ -5.23407878, -9.61403437,-13.3841708 ,-16.80725281,-19.68125449,
  -22.65476514,-25.81652311,-31.7185164 ,-35.67581949,-39.33883932,
  -42.4295087 ,-45.64934565,-53.06002859,-58.88268487,-62.4447991 ,
  -62.86910015],
 [ -4.53327094, -8.46140652,-11.87627079,-14.98706542,-17.6050515 ,
  -20.31127551,-23.21782331,-28.19153446,-31.59222385,-34.68592506,
  -37.39647441,-40.2103904 ,-46.48691204,-51.38033798,-53.68580494,
  -53.89391024],
 [ -3.82818086, -7.2859246 ,-10.32346441,-13.10265831,-15.46401313,
  -17.90350616,-20.57323722,-24.61586929,-27.45316424,-29.99674445,
  -32.32616333,-34.74604215,-39.89151595,-43.65480502,-44.81600299,
  -44.91526098],
 [ -3.11614029, -6.07580321, -8.70481482,-11.12636159,-13.22258343,
  -15.38771362,-17.81993277,-20.94642107,-23.21947057,-25.24464233,
  -27.19749147,-29.23778147,-33.19764731,-35.46304648,-35.88645723,
  -35.93434733],
 [ -2.39246141, -4.81090396, -6.98578938, -9.01060664,-10.816012  ,
  -12.67941782,-14.81097605,-17.09200791,-18.82108203,-20.37668105,
  -21.95760204,-23.60046453,-26.01285836,-26.80231977,-26.92834526,
  -26.95194512],
 [ -1.64836263, -3.4535985 , -5.10289448, -6.6650817 , -8.11712838,
   -9.61139825,-11.28158167,-12.84851343,-14.08044283,-15.18801807,
  -16.26353841,-17.1505896 ,-17.7680622 ,-17.91920152,-17.95717718,
  -17.96855598],
 [ -0.86567128, -1.92363409, -2.91584462, -3.88150133, -4.81661556,
   -5.75413127, -6.68494451, -7.47184202, -8.05377167, -8.46492505,
   -8.72845289, -8.87085442, -8.94103584, -8.96885673, -8.98001737,
   -8.98450419],
 [  0.        ,  0.        ,  0.        ,  0.        ,  0.        ,
    0.        ,  0.        ,  0.        ,  0.        ,  0.        ,
    0.        ,  0.        ,  0.        ,  0.        ,  0.        ,  0.        ],
 [  1.09660509,  3.1772413 ,  4.73465026,  5.91514949,  6.81251775,
    7.49557199,  8.00584307,  8.37363562,  8.62543557,  8.78656051,
    8.88198999,  8.934201  ,  8.96112647,  8.97464822,  8.98147261,
    8.98481944],
 [  3.21204034,  8.25494526, 11.07731334, 13.0815688 , 14.53132768,
   15.6064197 , 16.4011161 , 16.97489135, 17.37303511, 17.6336091 ,
   17.79220641, 17.88119565, 17.92788572, 17.95160091, 17.96375265,
   17.9698639 ],
 [  7.25719047, 13.97071166, 17.92861702, 20.68872623, 22.586775  ,
   23.95387135, 24.95198808, 25.67154453, 26.17422787, 26.50787654,
   26.71501467, 26.83378814, 26.89720354, 26.92973219, 26.94652514,
   26.95507334],
 [ 11.95348532, 19.92441164, 24.95021577, 28.47224549, 30.80005269,
   32.42346383, 33.58751135, 34.4222882 , 35.00720109, 35.39894685,
   35.64575153, 35.78984508, 35.86806431, 35.90859127, 35.92962631,
   35.94040726],
 [ 16.79787393, 26.10343682, 32.07082531, 36.33722238, 39.09997992,
   40.96763515, 42.27716531, 43.20839886, 43.86154906, 44.301696  ,
   44.58215482, 44.74838756, 44.84000477, 44.88795756, 44.91296426,
   44.92583784],
 [ 21.69433266, 32.43390985, 39.28952017, 44.24609164, 47.45222745,
   49.56170658, 51.00472063, 52.01962965, 52.73134849, 53.2131121 ,
   53.52287684, 53.70885245, 53.81276842, 53.86770569, 53.89648325,
   53.91134562],
 [ 26.61587805, 38.83307275, 46.6092026 , 52.1854046 , 55.83790115,
   58.19103085, 59.7603292 , 60.84970457, 61.61287223, 62.1312466 ,
   62.46702781, 62.67087242, 62.78619482, 62.84775676, 62.880147  ,
   62.89691669],
 [ 31.55189391, 45.26363457, 54.01083393, 60.15302473, 64.24581263,
   66.84618136, 68.53749081, 69.69447814, 70.50361366, 71.05475705,
   71.41398219, 71.63418871, 71.7601749 , 71.82805749, 71.86393045,
   71.88254088],
 [ 36.49715395, 51.71458574, 61.46463852, 68.15174901, 72.66924335,
   75.52074039, 77.33166809, 78.55105758, 79.40180319, 79.98267556,
   80.36328051, 80.5986095 , 80.73462987, 80.80857   , 80.84781543,
   80.86821056]]


 SandBox Genetic
logR
[-2.83321334,-2.14006616,-1.73460106,-1.44691898,-1.22377543,-1.04145387,
 -0.8873032 ,-0.7537718 ,-0.63598877,-0.53062825,-0.43531807,-0.34830669,
 -0.26826399,-0.19415601,-0.12516314,-0.06062462, 0.        ]
IndexZero
10
Tq
[-35.23338857,-32.15026293,-29.06157094,-25.96398356,-22.85544972,
 -19.73625792,-16.60252632,-13.44072479,-10.23311515, -6.92389121,
  -3.42554419,  0.        ,  2.88714831,  4.98744634,  6.41426489,
   7.66415207,  8.83370417,  9.95219216, 11.04020395, 12.10970626,
  13.16767476]
Dq
[ 3.20303532, 3.21502629, 3.22906344, 3.24549794, 3.26506425, 3.28937632,
  3.32050526, 3.3601812 , 3.41103838, 3.4619456 , 3.42554419, 3.22002464,
  2.88714831, 2.49372317, 2.1380883 , 1.91603802, 1.76674083, 1.65869869,
  1.57717199, 1.51371328, 1.46307497]
lnMrq
[[ -8.01969765,-14.12057922,-19.19781095,-23.66171794,-28.52322411,
  -32.04835085,-34.57452445,-45.90120647,-52.04658751,-57.85238111,
  -62.24192872,-67.08704146,-79.28468423,-88.54006167,-95.88509679,
  -98.69212947,-98.84276314],
 [ -7.32510459,-13.00659709,-17.77289475,-21.98370884,-26.4958477 ,
  -29.78171171,-32.17610004,-42.41004137,-48.04133495,-53.25046198,
  -57.29642851,-61.71578719,-72.73193033,-81.13608312,-87.72311816,
  -89.75720691,-89.85805967],
 [ -6.62976593,-11.88704198,-16.33609772,-20.28748702,-24.44751123,
  -27.49898398,-29.77694752,-38.91435627,-44.02674215,-48.64169383,
  -52.34229436,-56.33830039,-66.17681732,-73.73000035,-79.46881479,
  -80.80536803,-80.87303316],
 [ -5.93328511,-10.75972936,-14.88311284,-18.56702832,-22.37133086,
  -25.19505504,-27.37596976,-35.41089621,-39.9970007 ,-44.02331896,
  -47.37634025,-50.95208806,-59.61882328,-66.31844108,-71.06161199,
  -71.84207662,-71.88774096],
 [ -5.23504143, -9.62148721,-13.40769421,-16.81355589,-20.25748541,
  -22.86190615,-24.97022738,-31.8933539 ,-35.94247368,-39.39057826,
  -42.39381134,-45.55371944,-53.0567146 ,-58.88912959,-62.46399639,
  -62.87118819,-62.90222991],
 [ -4.53404833, -8.46759388,-11.90058027,-15.01378404,-18.09161296,
  -20.48614414,-22.55146973,-28.34931876,-31.84725232,-34.73523148,
  -37.38723283,-40.13830579,-46.48715873,-51.39465903,-53.6979655 ,
  -53.89531808,-53.91653827],
 [ -3.82870353, -7.2907819 ,-10.34770972,-13.14688243,-15.85201428,
  -18.04399131,-20.09558196,-24.75415896,-27.68554205,-30.0430938 ,
  -32.34416833,-34.69801218,-39.89771259,-43.6794623 ,-44.82260659,
  -44.91619721,-44.93069731],
 [ -3.11632477, -6.07934147, -8.72712982,-11.17943113,-13.50423528,
  -15.49096087,-17.53217262,-21.05922775,-23.41659108,-25.28971977,
  -27.24212538,-29.21587182,-33.21632069,-35.48367711,-35.88981059,
  -35.93495437,-35.94473255],
 [ -2.39222368, -4.81316235, -7.00303893, -9.0572343 ,-10.98913881,
  -12.74164549,-14.68266583,-17.16995989,-18.97366068,-20.4271684 ,
  -22.02575255,-23.61209273,-26.0418976 ,-26.81100588,-26.92998762,
  -26.95231985,-26.95866488],
 [ -1.64767231, -3.45447576, -5.11162212, -6.68883545, -8.19224439,
   -9.6302943 ,-11.23831969,-12.88145826,-14.1769208 ,-15.24606201,
  -16.33094673,-17.1814923 ,-17.77885515,-17.92199634,-17.95792674,
  -17.9687646 ,-17.97251134],
 [ -0.86476593, -1.92286678, -2.91569317, -3.88085629, -4.82619286,
   -5.74302748, -6.66808541, -7.46615622, -8.06671224, -8.477406  ,
   -8.73816821, -8.87539527, -8.94284359, -8.96958755, -8.98028601,
   -8.98459244, -8.98628591],
 [  0.        ,  0.        ,  0.        ,  0.        ,  0.        ,
    0.        ,  0.        ,  0.        ,  0.        ,  0.        ,
    0.        ,  0.        ,  0.        ,  0.        ,  0.        ,
    0.        ,  0.        ],
 [  1.11073807,  3.17206224,  4.71428369,  5.89666084,  6.79910924,
    7.48619614,  7.9993266 ,  8.36854154,  8.62166367,  8.78403925,
    8.88069205,  8.93388417,  8.96129455,  8.97489837,  8.98162485,
    8.98488468,  8.986337  ],
 [  3.72521589,  8.29408025, 11.0651917 , 13.05573801, 14.50646124,
   15.58885642, 16.39036692, 16.96792672, 17.36782715, 17.62952962,
   17.78950864, 17.88006058, 17.92780907, 17.95189635, 17.96398819,
   17.96997752, 17.97271739],
 [  8.88378958, 14.15349296, 17.95791232, 20.67131068, 22.55783589,
   23.92919348, 24.93630148, 25.66272466, 26.16841075, 26.50304894,
   26.71135438, 26.83190469, 26.89677553, 26.92997259, 26.94679998,
   26.95522269, 26.95913484],
 [ 14.50617308, 20.42653178, 25.06058706, 28.47301737, 30.77345842,
   32.39441023, 33.56702281, 34.41118981, 35.00091164, 35.39376642,
   35.64142882, 35.78734309, 35.86727334, 35.90872382, 35.9299106 ,
   35.9405826 , 35.94558414],
 [ 20.17086354, 27.09349434, 32.32836659, 36.36516566, 39.07971529,
   40.93683363, 42.25260542, 43.19477521, 43.85469676, 44.29636162,
   44.57736237, 44.74537703, 44.83887094, 44.88795417, 44.91323678,
   44.9260315 , 44.93206097],
 [ 25.84238017, 33.98969195, 39.78035647, 44.31403923, 47.44095484,
   49.53117199, 50.97698958, 52.00344239, 52.72378789, 53.20771801,
   53.51774628, 53.70541685, 53.81132103, 53.86755219, 53.89672842,
   53.91155145, 53.91856176],
 [ 31.5152971 , 40.97275883, 47.41112662, 52.31228971, 55.83800393,
   58.16219094, 59.73029581, 60.8310517 , 61.60446929, 62.1258256 ,
   62.46165462, 62.66707438, 62.7844639 , 62.84744717, 62.88035316,
   62.89712964, 62.90508354],
 [ 37.18852609, 47.98302724, 55.17292432, 60.36442011, 64.26005188,
   66.82002983, 68.50591883, 69.67353077, 70.49426646, 71.04930544,
   71.40843816, 71.63007617, 71.75818809, 71.82759077, 71.86408875,
   71.88275672, 71.89162386],
 [ 42.86182712, 55.00141765, 63.01025238, 68.47832736, 72.70116414,
   75.4979906 , 77.29919802, 78.52801987, 79.39144363, 79.97716908,
   80.35762035, 80.59422024, 80.73241156, 80.80794807, 80.84791914,
   80.86842574, 80.87818065]]
fitNessAverage
[ 0.36323875, 0.36089231, 0.35957047, 0.3585263 , 0.35758569, 0.35713621,
  0.35687288, 0.35702485, 0.35708527, 0.35716446, 0.35702604, 0.35693476,
  0.35702043, 0.35694143, 0.35642273, 0.3566416 , 0.35655586, 0.35647372,
  0.35652412, 0.35632498, 0.35585096, 0.35592154]
fitNessMax
[ 0.36842076, 0.36826456, 0.36812406, 0.36812406, 0.36812406, 0.36812406,
  0.36812406, 0.36812406, 0.36812406, 0.36510546, 0.36510546, 0.36247812,
  0.36236011, 0.36236011, 0.36236011, 0.36236011, 0.36236011, 0.36236011,
  0.36225453, 0.36225453, 0.36225453, 0.36308707]
fitNessMin
[ 0.35733276, 0.34253062, 0.34571027, 0.34571027, 0.3434586 , 0.3434586 ,
  0.34475062, 0.34527247, 0.34597163, 0.34597163, 0.34597163, 0.34745064,
  0.3479473 , 0.34766685, 0.34730578, 0.34730578, 0.34283426, 0.34283426,
  0.34621792, 0.34621792, 0.34513012, 0.34513012]


 SandBox Simulated Annealing
logR
[-3.04452244,-2.35137526,-1.94591015,-1.65822808,-1.43508453,-1.25276297,
 -1.09861229,-0.9650809 ,-0.84729786,-0.74193734,-0.64662716,-0.55961579,
 -0.47957308,-0.40546511,-0.33647224,-0.27193372,-0.21130909,-0.15415068,
 -0.10008346,-0.04879016, 0.        ]
IndexZero
10
Tq
[-37.78688114,-34.32236735,-30.85712585,-27.39016041,-23.92207347,
 -20.45541983,-16.99071243,-13.52533216,-10.05846557, -6.58520813,
  -3.14878389,  0.        ,  2.54967967,  4.41341072,  5.7216017 ,
   6.84976102,  7.9004931 ,  8.89888926,  9.86427033, 10.80859698,
  11.73930045]
Dq
[ 3.43517101, 3.43223674, 3.42856954, 3.42377005, 3.41743907, 3.40923664,
  3.39814249, 3.38133304, 3.35282186, 3.29260407, 3.14878389, 2.88887968,
  2.54967967, 2.20670536, 1.90720057, 1.71244026, 1.58009862, 1.48314821,
  1.40918148, 1.35107462, 1.30436672]
lnMrq
[[ -8.05000901,-14.08429192,-19.25563959,-23.60034679,-27.45441034,
  -32.37823009,-42.01898134,-45.87438583,-52.11380013,-58.74372623,
  -64.66715976,-70.37288668,-80.00588469,-88.70240662,-96.03464074,
  -98.72049518,-98.84504235,-98.85591078,-98.85830366,-98.85894683,
  -98.85911369],
 [ -7.35542098,-12.97191637,-17.83021444,-21.92382828,-25.54204789,
  -30.1099913 ,-38.81907135,-42.46200626,-48.12406131,-54.05707533,
  -59.43797191,-64.64578216,-73.40288625,-81.30776748,-87.86909268,
  -89.77621104,-89.85988255,-89.86904872,-89.87118846,-89.87177017,
  -89.87192156],
 [ -6.66008709,-11.85444124,-16.39260264,-20.22849178,-23.60792444,
  -27.82056662,-35.60486123,-39.04104662,-44.12337072,-49.36409048,
  -54.20476457,-58.91834155,-66.79938859,-73.91122138,-79.5980242 ,
  -80.81789695,-80.87448232,-80.88217745,-80.88407257,-80.88459345,
  -80.88472943],
 [ -5.96360775,-10.72979752,-14.93835072,-18.50800536,-21.64609443,
  -25.50268402,-32.37079281,-35.60469365,-40.10526888,-44.66138533,
  -48.96575935,-53.19011964,-60.19476551,-66.50889695,-71.15914494,
  -71.85023432,-71.88888355,-71.89529752,-71.89695599,-71.89741666,
  -71.89753729],
 [ -5.2653545 , -9.59493964,-13.46102979,-16.75349474,-19.64759654,
  -23.1460276 ,-29.10857697,-32.14069856,-36.05926994,-39.94347458,
  -43.71812899,-47.46006463,-53.58750815,-59.08606132,-62.52470732,
  -62.87643989,-62.90312054,-62.90840942,-62.90983873,-62.9102398 ,
  -62.91034515],
 [ -4.56432194, -8.44527006,-11.95119172,-14.95228955,-17.59842774,
  -20.7352552 ,-25.80543457,-28.62742721,-31.96818956,-35.20126382,
  -38.45713749,-41.72562383,-46.97335584,-51.58510226,-53.72995226,
  -53.89865547,-53.91722135,-53.92151364,-53.92272082,-53.92306288,
  -53.923153  ],
 [ -3.85886255, -7.2736156 ,-10.39466962,-13.08576589,-15.47608679,
  -18.24579943,-22.44080446,-25.02813168,-27.80369993,-30.41930155,
  -33.17403526,-35.9801667 ,-40.33518421,-43.8251311 ,-44.83768414,
  -44.91827997,-44.93120893,-44.9346106 ,-44.93560225,-44.93588589,
  -44.93596085],
 [ -3.14618244, -6.06828003, -8.76960343,-11.1251841 ,-13.24352415,
  -15.63490945,-18.97989238,-21.28437945,-23.51958739,-25.57053471,
  -27.8495841 ,-30.20220476,-33.57281157,-35.55142924,-35.8964209 ,
  -35.93621694,-35.9451021 ,-35.94770072,-35.94848304,-35.94870884,
  -35.94876869],
 [ -2.42130054, -4.80899729, -7.04042248, -9.02244009,-10.83727353,
  -12.82445467,-15.35970216,-17.3087324 ,-19.04135279,-20.60162557,
  -22.42175293,-24.26568311,-26.21142699,-26.83043108,-26.93269727,
  -26.9530468 ,-26.95891625,-26.96078438,-26.9613632 ,-26.96153173,
  -26.96157652],
 [ -1.67464207, -3.45746386, -5.14289044, -6.68602347, -8.13651824,
   -9.66680279,-11.44061278,-12.93660521,-14.19513386,-15.3006569 ,
  -16.47758789,-17.35151804,-17.80555722,-17.92619908,-17.95892497,
  -17.96914189,-17.97266402,-17.97386192,-17.97424274,-17.97435455,
  -17.97438435],
 [ -0.88551493, -1.93116406, -2.93725422, -3.90110907, -4.83428677,
   -5.7649358 , -6.70328672, -7.4855894 , -8.07147401, -8.47786806,
   -8.7442406 , -8.88183952, -8.94485848, -8.9702435 , -8.98056687,
   -8.98474147, -8.98635576, -8.98693369, -8.98712167, -8.9871773 ,
   -8.98719218],
 [  0.        ,  0.        ,  0.        ,  0.        ,  0.        ,
    0.        ,  0.        ,  0.        ,  0.        ,  0.        ,
    0.        ,  0.        ,  0.        ,  0.        ,  0.        ,
    0.        ,  0.        ,  0.        ,  0.        ,  0.        ,  0.        ],
 [  1.17634464,  3.21940069,  4.76293219,  5.93630799,  6.82861827,
    7.50762113,  8.01437542,  8.37917929,  8.62879695,  8.78840954,
    8.88292599,  8.93472246,  8.9615184 ,  8.97497654,  8.98172223,
    8.98498205,  8.98639627,  8.98693887,  8.98712226,  8.98717737,
    8.98719219],
 [  3.69543086,  8.34916988, 11.13049728, 13.11757141, 14.55704401,
   15.62550441, 16.41510717, 16.98443554, 17.37893385, 17.63684265,
   17.79380833, 17.88200012, 17.92838009, 17.95200751, 17.96411304,
   17.97013869, 17.97282726, 17.97388265, 17.9742451 , 17.9743548 ,
   17.97438438],
 [  8.64204209, 14.15881462, 18.01101453, 20.73686963, 22.61981018,
   23.97770464, 24.96950232, 25.68396183, 26.18220333, 26.51229694,
   26.71719963, 26.83487933, 26.89781461, 26.93017172, 26.94693276,
   26.95542597, 26.95928821, 26.96083108, 26.96136852, 26.96153229,
   26.96157657],
 [ 14.23264305, 20.32837987, 25.08309612, 28.53362634, 30.83952737,
   32.45117471, 33.60762288, 34.43681729, 35.01688473, 35.40442915,
   35.64845444, 35.79119897, 35.86881041, 35.9090675 , 35.93005342,
   35.94081418, 35.94577518, 35.94778392, 35.94849249, 35.94870984,
   35.94876877],
 [ 19.89327385, 26.89485176, 32.29701301, 36.41617231, 39.14579916,
   40.99881571, 42.29940608, 43.22455005, 43.87263829, 44.3081411 ,
   44.58533408, 44.74997739, 44.8408896 , 44.88848257, 44.91340031,
   44.92628281, 44.93228489, 44.93474097, 44.93561702, 44.93588746,
   44.93596098],
 [ 25.56420582, 33.73941208, 39.67637517, 44.35034808, 47.50485776,
   49.59612561, 51.02882627, 52.03708886, 52.74360142, 53.2204314 ,
   53.52650466, 53.71065675, 53.81378775, 53.86828986, 53.89692593,
   53.91181739, 53.91881462, 53.921702  , 53.92274209, 53.92306513,
   53.92315319],
 [ 31.23703249, 40.70357715, 47.23708603, 52.32689357, 55.8983399 ,
   58.22854681, 59.78613395, 60.86826479, 61.6260997 , 62.13935887,
   62.4710833 , 62.67287533, 62.78734155, 62.84840701, 62.88059779,
   62.89740747, 62.90536209, 62.90866683, 62.90986771, 62.91024287,
   62.91034541],
 [ 36.91024699, 47.70767707, 54.94943121, 60.34877045, 64.31562036,
   66.88672083, 68.56488023, 69.71399752, 70.51766926, 71.06358807,
   71.41844783, 71.63637872, 71.76144141, 71.82877778, 71.86439243,
   71.88304529, 71.89192541, 71.89563527, 71.89699384, 71.89742066,
   71.89753763],
 [ 42.58354565, 54.72409385, 62.75872781, 68.42425376, 72.75060557,
   75.56429625, 77.36055554, 78.57143526, 79.41657367, 79.9921582 ,
   80.36814048, 80.6009782 , 80.73600898, 80.8093621 , 80.84829217,
   80.86872495, 80.87850297, 80.88260716, 80.8841205 , 80.88459852,
   80.88472985]]


 BoxCounting Genetic
logR
[-2.89037176,-2.19722458,-1.79175947,-1.5040774 ,-1.28093385,-1.09861229,
 -0.94446161,-0.81093022,-0.69314718,-0.58778666,-0.49247649,-0.40546511,
 -0.3254224 ,-0.25131443,-0.18232156,-0.11778304,-0.05715841, 0.        ]
IndexZero
10
Tq
[ -4.81947067, -4.71118842, -4.60190379, -4.49097692, -4.37727684,
  -4.25872536, -4.13142141, -3.98829251, -3.81829969, -3.60747986,
  -3.03104344,  0.        ,  2.90658654,  4.89138515,  6.29233178,
   7.59084694,  8.86828361, 10.13599164, 11.39703896, 12.65261236,
  13.90338326]
Dq
[ 0.4381337 , 0.47111884, 0.51132264, 0.56137211, 0.62532526, 0.70978756,
  0.82628428, 0.99707313, 1.27276656, 1.80373993, 3.03104344, 3.37136631,
  2.90658654, 2.44569257, 2.09744393, 1.89771173, 1.77365672, 1.68933194,
  1.62814842, 1.58157654, 1.54482036]
lnMrq
[[  9.79172571e+01,  9.63670891e+01,  9.60057490e+01,  9.49933830e+01,
    9.47074420e+01,  9.40210155e+01,  9.37309021e+01,  9.31904445e+01,
    9.30641555e+01,  9.25890753e+01,  9.22417195e+01,  9.11782663e+01,
    9.06380723e+01,  8.94574619e+01,  8.86692895e+01,  8.70618854e+01,
    8.04472533e+01,  8.04236412e+01],
 [  8.89305033e+01,  8.73805412e+01,  8.70190049e+01,  8.60068045e+01,
    8.57207936e+01,  8.50343551e+01,  8.47442342e+01,  8.42039166e+01,
    8.40774416e+01,  8.36023098e+01,  8.32549696e+01,  8.21917462e+01,
    8.16515169e+01,  8.04712923e+01,  7.96834115e+01,  7.80780858e+01,
    7.21693675e+01,  7.21341787e+01],
 [  7.99441955e+01,  7.83946580e+01,  7.80327237e+01,  7.70208598e+01,
    7.67347069e+01,  7.60482444e+01,  7.57581082e+01,  7.52180748e+01,
    7.50912223e+01,  7.46159836e+01,  7.42686754e+01,  7.32059131e+01,
    7.26656136e+01,  7.14861870e+01,  7.06989026e+01,  6.90978145e+01,
    6.38994549e+01,  6.38472099e+01],
 [  7.09587857e+01,  6.94101364e+01,  6.90473893e+01,  6.80362155e+01,
    6.77497707e+01,  6.70632608e+01,  6.67730939e+01,  6.62336399e+01,
    6.61060172e+01,  6.56305539e+01,  6.52833120e+01,  6.42214771e+01,
    6.36810380e+01,  6.25032862e+01,  6.17172337e+01,  6.01248375e+01,
    5.56413735e+01,  5.55642539e+01],
 [  6.19751883e+01,  6.04284364e+01,  6.00640156e+01,  5.90542730e+01,
    5.87672209e+01,  5.80806221e+01,  5.77903926e+01,  5.72521258e+01,
    5.71229190e+01,  5.66469760e+01,  5.62998712e+01,  5.52399094e+01,
    5.46991948e+01,  5.35250291e+01,  5.27415539e+01,  5.11670742e+01,
    4.74007773e+01,  4.72879580e+01],
 [  5.29952596e+01,  5.14526829e+01,  5.10847795e+01,  5.00780566e+01,
    4.97897155e+01,  4.91029754e+01,  4.88126152e+01,  4.82767851e+01,
    4.81442885e+01,  4.76673032e+01,  4.73204761e+01,  4.62643284e+01,
    4.57230783e+01,  4.45567818e+01,  4.37787793e+01,  4.22411839e+01,
    3.91858917e+01,  3.90231353e+01],
 [  4.40227796e+01,  4.24897592e+01,  4.21145443e+01,  4.11143451e+01,
    4.08231930e+01,  4.01363621e+01,  3.98457170e+01,  3.93148427e+01,
    3.91754380e+01,  3.86961550e+01,  3.83498477e+01,  3.73015929e+01,
    3.67593454e+01,  3.56107482e+01,  3.48444989e+01,  3.33812980e+01,
    3.10085707e+01,  3.07788278e+01],
 [  3.50654441e+01,  3.35553869e+01,  3.31648676e+01,  3.21792252e+01,
    3.18817318e+01,  3.11956583e+01,  3.09043329e+01,  3.03831244e+01,
    3.02290721e+01,  2.97447184e+01,  2.93991259e+01,  2.83677211e+01,
    2.78238343e+01,  2.67154711e+01,  2.59742316e+01,  2.46511550e+01,
    2.28858027e+01,  2.25721423e+01],
 [  2.61387911e+01,  2.46867810e+01,  2.42659338e+01,  2.33141540e+01,
    2.30019887e+01,  2.23217550e+01,  2.20284437e+01,  2.15235861e+01,
    2.13384363e+01,  2.08433363e+01,  2.04971826e+01,  1.95037067e+01,
    1.89581548e+01,  1.79376644e+01,  1.72458963e+01,  1.61461234e+01,
    1.48431297e+01,  1.44344214e+01],
 [  1.72733869e+01,  1.59729605e+01,  1.55068856e+01,  1.46379020e+01,
    1.42940874e+01,  1.36430630e+01,  1.33416249e+01,  1.28526862e+01,
    1.26035696e+01,  1.20900078e+01,  1.17325366e+01,  1.08301501e+01,
    1.02872539e+01,  9.42834217e+00,  8.81358976e+00,  7.96702760e+00,
    6.93238813e+00,  6.42277165e+00],
 [  8.52631942e+00,  7.61280633e+00,  7.17005800e+00,  6.51628183e+00,
    6.14748491e+00,  5.60646361e+00,  5.27602063e+00,  4.78790832e+00,
    4.43663318e+00,  3.92671455e+00,  3.51957283e+00,  2.84954976e+00,
    2.35422833e+00,  1.75958057e+00,  1.30562646e+00,  8.32909123e-01,
    4.12109651e-01,  2.31111721e-01],
 [  0.00000000e+00,  0.00000000e+00,  0.00000000e+00,  0.00000000e+00,
    0.00000000e+00,  0.00000000e+00,  0.00000000e+00,  0.00000000e+00,
    0.00000000e+00,  0.00000000e+00,  0.00000000e+00,  0.00000000e+00,
    0.00000000e+00,  0.00000000e+00,  0.00000000e+00,  0.00000000e+00,
    0.00000000e+00,  0.00000000e+00],
 [ -8.05275875e+00, -5.89000705e+00, -4.69409973e+00, -3.50213751e+00,
   -2.45524826e+00, -1.63151489e+00, -1.11044231e+00, -7.48593995e-01,
   -4.86873277e-01, -3.03551445e-01, -1.73769918e-01, -9.39565688e-02,
   -4.65794267e-02, -2.23341871e-02, -1.03479370e-02, -4.25576701e-03,
   -1.41050367e-03, -4.06416013e-04],
 [ -1.41935593e+01, -9.75815379e+00, -7.31742167e+00, -5.39784815e+00,
   -3.59362288e+00, -2.37353000e+00, -1.58714188e+00, -1.05886354e+00,
   -6.90172013e-01, -4.37357866e-01, -2.54114380e-01, -1.37744970e-01,
   -6.91791714e-02, -3.33671918e-02, -1.54921733e-02, -6.38003126e-03,
   -2.11484729e-03, -6.09310982e-04],
 [ -1.79497778e+01, -1.31031271e+01, -9.43602374e+00, -6.83685790e+00,
   -4.48467574e+00, -2.96693818e+00, -1.96204368e+00, -1.28964434e+00,
   -8.43803503e-01, -5.38445058e-01, -3.16609713e-01, -1.74154887e-01,
   -8.88174010e-02, -4.29940640e-02, -2.01230626e-02, -8.40604862e-03,
   -2.80713413e-03, -8.11091497e-04],
 [ -2.13404150e+01, -1.63621470e+01, -1.14509211e+01, -8.07829737e+00,
   -5.26731195e+00, -3.49371050e+00, -2.28902504e+00, -1.48257689e+00,
   -9.70994320e-01, -6.22091675e-01, -3.69399298e-01, -2.06422970e-01,
   -1.06776350e-01, -5.18613857e-02, -2.44874107e-02, -1.03816453e-02,
   -3.49310482e-03, -1.01221323e-03],
 [ -2.46963074e+01, -1.95865691e+01, -1.34373629e+01, -9.22751863e+00,
   -5.97904210e+00, -3.97637938e+00, -2.58545532e+00, -1.65213859e+00,
   -1.08068142e+00, -6.94496088e-01, -4.15931631e-01, -2.35667287e-01,
   -1.23510650e-01, -6.02393015e-02, -2.86549323e-02, -1.23123763e-02,
   -4.17297083e-03, -1.21268163e-03],
 [ -2.80466226e+01, -2.27818031e+01, -1.54136429e+01, -1.03358506e+01,
   -6.64146893e+00, -4.42471326e+00, -2.86011270e+00, -1.80556817e+00,
   -1.17788127e+00, -7.58967528e-01, -4.58049732e-01, -2.62522964e-01,
   -1.39267573e-01, -6.82666347e-02, -3.26607392e-02, -1.42010122e-02,
   -4.84684216e-03, -1.41250024e-03],
 [ -3.13958010e+01, -2.59471944e+01, -1.73848755e+01, -1.14264698e+01,
   -7.27027815e+00, -4.84408407e+00, -3.11808155e+00, -1.94711401e+00,
   -1.26576517e+00, -8.17491117e-01, -4.96849758e-01, -2.87427670e-01,
   -1.54206463e-01, -7.60208891e-02, -3.65295421e-02, -1.60499717e-02,
   -5.51482452e-03, -1.61167256e-03],
 [ -3.47447234e+01, -2.90820725e+01, -1.93525500e+01, -1.25093556e+01,
   -7.87684227e+00, -5.23817602e+00, -3.36248814e+00, -2.07951436e+00,
   -1.34646621e+00, -8.71358468e-01, -5.33035524e-01, -3.10708398e-01,
   -1.68440419e-01, -8.35485858e-02, -4.02808433e-02, -1.78615014e-02,
   -6.17702143e-03, -1.81020208e-03],
 [ -3.80935852e+01, -3.21870211e+01, -2.13170547e+01, -1.35887580e+01,
   -8.46902986e+00, -5.61005918e+00, -3.59533367e+00, -2.20464259e+00,
   -1.42148176e+00, -9.21464934e-01, -5.67086310e-01, -3.32618981e-01,
   -1.82055038e-01, -9.08795509e-02, -4.39304985e-02, -1.96376974e-02,
   -6.83353428e-03, -2.00809227e-03]]
fitNessAverage
[ 0.32896452, 0.32816889, 0.3276075 , 0.32742925, 0.32700043, 0.32677385,
  0.32638106, 0.32593268, 0.32573388, 0.32577336, 0.32539163, 0.32538032,
  0.32531903, 0.32528308, 0.32539927, 0.32540716, 0.32567604, 0.32558232,
  0.32535167, 0.32533764, 0.3254647 , 0.32524318]
fitNessMax
[ 0.34209933, 0.34209933, 0.34209933, 0.3419102 , 0.3419102 , 0.3419102 ,
  0.34188125, 0.34188125, 0.34188125, 0.34188125, 0.33144754, 0.33047273,
  0.33047273, 0.33047273, 0.33047273, 0.33047273, 0.33047273, 0.33047273,
  0.33047273, 0.33047273, 0.33008683, 0.33008683]
fitNessMin
[ 0.32313883, 0.31504228, 0.31588748, 0.31393989, 0.31393989, 0.31393989,
  0.31393989, 0.31393989, 0.31467653, 0.31632515, 0.31632515, 0.31664246,
  0.31673465, 0.31376545, 0.31376545, 0.31376545, 0.31376545, 0.31376545,
  0.31376545, 0.31376545, 0.31376545, 0.31430992]


 BoxCounting Simulated Annealing
logR
[-2.89037176,-2.19722458,-1.79175947,-1.5040774 ,-1.28093385,-1.09861229,
 -0.94446161,-0.81093022,-0.69314718,-0.58778666,-0.49247649,-0.40546511,
 -0.3254224 ,-0.25131443,-0.18232156,-0.11778304,-0.05715841, 0.        ]
IndexZero
10
Tq
[ -4.81947067, -4.71118842, -4.60190379, -4.49097692, -4.37727684,
  -4.25872536, -4.13142141, -3.98829251, -3.81829969, -3.60747986,
  -3.03104344,  0.        ,  2.90658654,  4.89138515,  6.29233178,
   7.59084694,  8.86828361, 10.13599164, 11.39703896, 12.65261236,
  13.90338326]
Dq
[ 0.4381337 , 0.47111884, 0.51132264, 0.56137211, 0.62532526, 0.70978756,
  0.82628428, 0.99707313, 1.27276656, 1.80373993, 3.03104344, 3.37136631,
  2.90658654, 2.44569257, 2.09744393, 1.89771173, 1.77365672, 1.68933194,
  1.62814842, 1.58157654, 1.54482036]
lnMrq
[[  9.79172571e+01,  9.63670891e+01,  9.60057490e+01,  9.49933830e+01,
    9.47074420e+01,  9.40210155e+01,  9.37309021e+01,  9.31904445e+01,
    9.30641555e+01,  9.25890753e+01,  9.22417195e+01,  9.11782663e+01,
    9.06380723e+01,  8.94574619e+01,  8.86692895e+01,  8.70618854e+01,
    8.04472533e+01,  8.04236412e+01],
 [  8.89305033e+01,  8.73805412e+01,  8.70190049e+01,  8.60068045e+01,
    8.57207936e+01,  8.50343551e+01,  8.47442342e+01,  8.42039166e+01,
    8.40774416e+01,  8.36023098e+01,  8.32549696e+01,  8.21917462e+01,
    8.16515169e+01,  8.04712923e+01,  7.96834115e+01,  7.80780858e+01,
    7.21693675e+01,  7.21341787e+01],
 [  7.99441955e+01,  7.83946580e+01,  7.80327237e+01,  7.70208598e+01,
    7.67347069e+01,  7.60482444e+01,  7.57581082e+01,  7.52180748e+01,
    7.50912223e+01,  7.46159836e+01,  7.42686754e+01,  7.32059131e+01,
    7.26656136e+01,  7.14861870e+01,  7.06989026e+01,  6.90978145e+01,
    6.38994549e+01,  6.38472099e+01],
 [  7.09587857e+01,  6.94101364e+01,  6.90473893e+01,  6.80362155e+01,
    6.77497707e+01,  6.70632608e+01,  6.67730939e+01,  6.62336399e+01,
    6.61060172e+01,  6.56305539e+01,  6.52833120e+01,  6.42214771e+01,
    6.36810380e+01,  6.25032862e+01,  6.17172337e+01,  6.01248375e+01,
    5.56413735e+01,  5.55642539e+01],
 [  6.19751883e+01,  6.04284364e+01,  6.00640156e+01,  5.90542730e+01,
    5.87672209e+01,  5.80806221e+01,  5.77903926e+01,  5.72521258e+01,
    5.71229190e+01,  5.66469760e+01,  5.62998712e+01,  5.52399094e+01,
    5.46991948e+01,  5.35250291e+01,  5.27415539e+01,  5.11670742e+01,
    4.74007773e+01,  4.72879580e+01],
 [  5.29952596e+01,  5.14526829e+01,  5.10847795e+01,  5.00780566e+01,
    4.97897155e+01,  4.91029754e+01,  4.88126152e+01,  4.82767851e+01,
    4.81442885e+01,  4.76673032e+01,  4.73204761e+01,  4.62643284e+01,
    4.57230783e+01,  4.45567818e+01,  4.37787793e+01,  4.22411839e+01,
    3.91858917e+01,  3.90231353e+01],
 [  4.40227796e+01,  4.24897592e+01,  4.21145443e+01,  4.11143451e+01,
    4.08231930e+01,  4.01363621e+01,  3.98457170e+01,  3.93148427e+01,
    3.91754380e+01,  3.86961550e+01,  3.83498477e+01,  3.73015929e+01,
    3.67593454e+01,  3.56107482e+01,  3.48444989e+01,  3.33812980e+01,
    3.10085707e+01,  3.07788278e+01],
 [  3.50654441e+01,  3.35553869e+01,  3.31648676e+01,  3.21792252e+01,
    3.18817318e+01,  3.11956583e+01,  3.09043329e+01,  3.03831244e+01,
    3.02290721e+01,  2.97447184e+01,  2.93991259e+01,  2.83677211e+01,
    2.78238343e+01,  2.67154711e+01,  2.59742316e+01,  2.46511550e+01,
    2.28858027e+01,  2.25721423e+01],
 [  2.61387911e+01,  2.46867810e+01,  2.42659338e+01,  2.33141540e+01,
    2.30019887e+01,  2.23217550e+01,  2.20284437e+01,  2.15235861e+01,
    2.13384363e+01,  2.08433363e+01,  2.04971826e+01,  1.95037067e+01,
    1.89581548e+01,  1.79376644e+01,  1.72458963e+01,  1.61461234e+01,
    1.48431297e+01,  1.44344214e+01],
 [  1.72733869e+01,  1.59729605e+01,  1.55068856e+01,  1.46379020e+01,
    1.42940874e+01,  1.36430630e+01,  1.33416249e+01,  1.28526862e+01,
    1.26035696e+01,  1.20900078e+01,  1.17325366e+01,  1.08301501e+01,
    1.02872539e+01,  9.42834217e+00,  8.81358976e+00,  7.96702760e+00,
    6.93238813e+00,  6.42277165e+00],
 [  8.52631942e+00,  7.61280633e+00,  7.17005800e+00,  6.51628183e+00,
    6.14748491e+00,  5.60646361e+00,  5.27602063e+00,  4.78790832e+00,
    4.43663318e+00,  3.92671455e+00,  3.51957283e+00,  2.84954976e+00,
    2.35422833e+00,  1.75958057e+00,  1.30562646e+00,  8.32909123e-01,
    4.12109651e-01,  2.31111721e-01],
 [  0.00000000e+00,  0.00000000e+00,  0.00000000e+00,  0.00000000e+00,
    0.00000000e+00,  0.00000000e+00,  0.00000000e+00,  0.00000000e+00,
    0.00000000e+00,  0.00000000e+00,  0.00000000e+00,  0.00000000e+00,
    0.00000000e+00,  0.00000000e+00,  0.00000000e+00,  0.00000000e+00,
    0.00000000e+00,  0.00000000e+00],
 [ -8.05275875e+00, -5.89000705e+00, -4.69409973e+00, -3.50213751e+00,
   -2.45524826e+00, -1.63151489e+00, -1.11044231e+00, -7.48593995e-01,
   -4.86873277e-01, -3.03551445e-01, -1.73769918e-01, -9.39565688e-02,
   -4.65794267e-02, -2.23341871e-02, -1.03479370e-02, -4.25576701e-03,
   -1.41050367e-03, -4.06416013e-04],
 [ -1.41935593e+01, -9.75815379e+00, -7.31742167e+00, -5.39784815e+00,
   -3.59362288e+00, -2.37353000e+00, -1.58714188e+00, -1.05886354e+00,
   -6.90172013e-01, -4.37357866e-01, -2.54114380e-01, -1.37744970e-01,
   -6.91791714e-02, -3.33671918e-02, -1.54921733e-02, -6.38003126e-03,
   -2.11484729e-03, -6.09310982e-04],
 [ -1.79497778e+01, -1.31031271e+01, -9.43602374e+00, -6.83685790e+00,
   -4.48467574e+00, -2.96693818e+00, -1.96204368e+00, -1.28964434e+00,
   -8.43803503e-01, -5.38445058e-01, -3.16609713e-01, -1.74154887e-01,
   -8.88174010e-02, -4.29940640e-02, -2.01230626e-02, -8.40604862e-03,
   -2.80713413e-03, -8.11091497e-04],
 [ -2.13404150e+01, -1.63621470e+01, -1.14509211e+01, -8.07829737e+00,
   -5.26731195e+00, -3.49371050e+00, -2.28902504e+00, -1.48257689e+00,
   -9.70994320e-01, -6.22091675e-01, -3.69399298e-01, -2.06422970e-01,
   -1.06776350e-01, -5.18613857e-02, -2.44874107e-02, -1.03816453e-02,
   -3.49310482e-03, -1.01221323e-03],
 [ -2.46963074e+01, -1.95865691e+01, -1.34373629e+01, -9.22751863e+00,
   -5.97904210e+00, -3.97637938e+00, -2.58545532e+00, -1.65213859e+00,
   -1.08068142e+00, -6.94496088e-01, -4.15931631e-01, -2.35667287e-01,
   -1.23510650e-01, -6.02393015e-02, -2.86549323e-02, -1.23123763e-02,
   -4.17297083e-03, -1.21268163e-03],
 [ -2.80466226e+01, -2.27818031e+01, -1.54136429e+01, -1.03358506e+01,
   -6.64146893e+00, -4.42471326e+00, -2.86011270e+00, -1.80556817e+00,
   -1.17788127e+00, -7.58967528e-01, -4.58049732e-01, -2.62522964e-01,
   -1.39267573e-01, -6.82666347e-02, -3.26607392e-02, -1.42010122e-02,
   -4.84684216e-03, -1.41250024e-03],
 [ -3.13958010e+01, -2.59471944e+01, -1.73848755e+01, -1.14264698e+01,
   -7.27027815e+00, -4.84408407e+00, -3.11808155e+00, -1.94711401e+00,
   -1.26576517e+00, -8.17491117e-01, -4.96849758e-01, -2.87427670e-01,
   -1.54206463e-01, -7.60208891e-02, -3.65295421e-02, -1.60499717e-02,
   -5.51482452e-03, -1.61167256e-03],
 [ -3.47447234e+01, -2.90820725e+01, -1.93525500e+01, -1.25093556e+01,
   -7.87684227e+00, -5.23817602e+00, -3.36248814e+00, -2.07951436e+00,
   -1.34646621e+00, -8.71358468e-01, -5.33035524e-01, -3.10708398e-01,
   -1.68440419e-01, -8.35485858e-02, -4.02808433e-02, -1.78615014e-02,
   -6.17702143e-03, -1.81020208e-03],
 [ -3.80935852e+01, -3.21870211e+01, -2.13170547e+01, -1.35887580e+01,
   -8.46902986e+00, -5.61005918e+00, -3.59533367e+00, -2.20464259e+00,
   -1.42148176e+00, -9.21464934e-01, -5.67086310e-01, -3.32618981e-01,
   -1.82055038e-01, -9.08795509e-02, -4.39304985e-02, -1.96376974e-02,
   -6.83353428e-03, -2.00809227e-03]]


Execution time

Box Counting	Box Counting Fixed	SandBox	Genetic SandBox	Simulated SandBox	Genetic BCFS	Simulated BCFS
[ 612891.36628699, 612566.60648203,  45534.03835821, 166760.88751984,
  117568.00779104, 161035.08991718, 121045.43147898, 139993.36529303,
  121042.38656211]
Fractal dimension
2.8450853448