BCAlgorithm
logR
[-1.79175947,-1.09861229,-0.69314718,-0.40546511,-0.18232156, 0.        ]
IndexZero
10
Tq
[ -3.65939501e+01, -3.32253517e+01, -2.98571977e+01, -2.64899609e+01,
  -2.31246498e+01, -1.97634890e+01, -1.64116557e+01, -1.30822724e+01,
  -9.81255754e+00, -6.70614472e+00, -3.75421589e+00, -1.46523583e-17,
   3.91030326e+00,  7.74878034e+00,  1.15422545e+01,  1.53057421e+01,
   1.90471731e+01,  2.27712831e+01,  2.64811637e+01,  3.01789682e+01,
   3.38662770e+01]
Dq
[ 3.32672273, 3.32253517, 3.31746641, 3.31124511, 3.3035214 , 3.29391483,
  3.28233114, 3.27056809, 3.27085251, 3.35307236, 3.75421589, 3.94845286,
  3.91030326, 3.87439017, 3.84741817, 3.82643554, 3.80943462, 3.79521385,
  3.78302339, 3.77237102, 3.76291967]
lnMrq
[[  9.00704947e+01,  8.81683589e+01,  8.72516261e+01,  7.89340955e+01,
    6.03228655e+01,  0.00000000e+00],
 [  8.15540335e+01,  7.96518718e+01,  7.87346939e+01,  7.11105374e+01,
    5.42905791e+01,  0.00000000e+00],
 [  7.30383234e+01,  7.11361138e+01,  7.02180398e+01,  6.32874667e+01,
    4.82582937e+01,  0.00000000e+00],
 [  6.45241563e+01,  6.26218618e+01,  6.17019761e+01,  5.54653692e+01,
    4.22260131e+01,  0.00000000e+00],
 [  5.60132098e+01,  5.41107716e+01,  5.31871986e+01,  4.76452144e+01,
    3.61937588e+01,  0.00000000e+00],
 [  4.75091675e+01,  4.56064884e+01,  4.46753236e+01,  3.98289446e+01,
    3.01616471e+01,  0.00000000e+00],
 [  3.90206408e+01,  3.71174738e+01,  3.61703456e+01,  3.20205583e+01,
    2.41303071e+01,  0.00000000e+00],
 [  3.05699971e+01,  2.86653591e+01,  2.76831904e+01,  2.42293039e+01,
    1.81031321e+01,  0.00000000e+00],
 [  2.22236529e+01,  2.03171590e+01,  1.92504735e+01,  1.64857440e+01,
    1.20980937e+01,  0.00000000e+00],
 [  1.41788089e+01,  1.23430450e+01,  1.10599771e+01,  8.96894253e+00,
    6.20376024e+00,  0.00000000e+00],
 [  6.76964198e+00,  5.52545294e+00,  4.27666612e+00,  2.89037176e+00,
    1.09861229e+00,  0.00000000e+00],
 [  0.00000000e+00,  0.00000000e+00,  0.00000000e+00, -1.11022302e-16,
    0.00000000e+00,  0.00000000e+00],
 [ -6.44785249e+00, -4.96617449e+00, -3.29799046e+00, -1.60831175e+00,
   -3.08593700e-02,  0.00000000e+00],
 [ -1.27598670e+01, -9.69877118e+00, -6.27865283e+00, -2.95070807e+00,
   -4.65571188e-02,  0.00000000e+00],
 [ -1.90018676e+01, -1.43085077e+01, -9.08768747e+00, -4.19962526e+00,
   -6.20792162e-02,  0.00000000e+00],
 [ -2.51995316e+01, -1.88433045e+01, -1.17773730e+01, -5.40449062e+00,
   -7.75990579e-02,  0.00000000e+00],
 [ -3.13652564e+01, -2.33270136e+01, -1.43831802e+01, -6.58508570e+00,
   -9.31188699e-02,  0.00000000e+00],
 [ -3.75060246e+01, -2.77730723e+01, -1.69326146e+01, -7.75046276e+00,
   -1.08638682e-01,  0.00000000e+00],
 [ -4.36261883e+01, -3.21899889e+01, -1.94454233e+01, -8.90537188e+00,
   -1.24158493e-01,  0.00000000e+00],
 [ -4.97286714e+01, -3.65836666e+01, -2.19347936e+01, -1.00526863e+01,
   -1.39678305e-01,  0.00000000e+00],
 [ -5.58155645e+01, -4.09584622e+01, -2.44091958e+01, -1.11943471e+01,
   -1.55198117e-01,  0.00000000e+00]]FSBCAlgorithm
logR
[-1.94591015,-1.25276297,-0.84729786,-0.55961579,-0.33647224,-0.15415068,
  0.        ]
IndexZero
10
Tq
[-25.25940008,-23.0559408 ,-20.85269183,-18.64987781,-16.44798082,
 -14.24808148,-12.05278987, -9.86924944, -7.72054204, -5.68346297,
  -3.61178693,  0.        ,  3.71499318,  7.34432543, 10.91867375,
  14.45417998, 17.95927976, 21.43879044, 24.89563749, 28.33167306,
  31.74812606]
Dq
[ 2.2963091 , 2.30559408, 2.31696576, 2.33123473, 2.34971155, 2.37468025,
  2.41055797, 2.46731236, 2.57351401, 2.84173148, 3.61178693, 3.76729568,
  3.71499318, 3.67216272, 3.63955792, 3.61354499, 3.59185595, 3.57313174,
  3.55651964, 3.54145913, 3.52756956]
lnMrq
[[  9.02714615e+01,  8.82954524e+01,  8.72237821e+01,  8.59427714e+01,
    8.47539662e+01,  8.35336158e+01,  0.00000000e+00],
 [  8.17549052e+01,  7.97789850e+01,  7.87072387e+01,  7.74262252e+01,
    7.62373653e+01,  7.50169800e+01,  0.00000000e+00],
 [  7.32390037e+01,  7.12632651e+01,  7.01913634e+01,  6.89103434e+01,
    6.77213720e+01,  6.65009152e+01,  0.00000000e+00],
 [  6.47244500e+01,  6.27490869e+01,  6.16768629e+01,  6.03958266e+01,
    5.92066267e+01,  5.79860215e+01,  0.00000000e+00],
 [  5.62127164e+01,  5.42381418e+01,  5.31652348e+01,  5.18841558e+01,
    5.06944804e+01,  4.94735609e+01,  0.00000000e+00],
 [  4.77070450e+01,  4.57341622e+01,  4.46597547e+01,  4.33785547e+01,
    4.21878674e+01,  4.09662606e+01,  0.00000000e+00],
 [  3.92150264e+01,  3.72458769e+01,  3.61679567e+01,  3.48863856e+01,
    3.36934589e+01,  3.24702664e+01,  0.00000000e+00],
 [  3.07563447e+01,  2.87958229e+01,  2.77086701e+01,  2.64258308e+01,
    2.52275949e+01,  2.40003613e+01,  0.00000000e+00],
 [  2.23894937e+01,  2.04529634e+01,  1.93362718e+01,  1.80482915e+01,
    1.68357943e+01,  1.55957212e+01,  0.00000000e+00],
 [  1.42938628e+01,  1.24766021e+01,  1.12561402e+01,  9.94199533e+00,
    8.68171593e+00,  7.37337945e+00,  0.00000000e+00],
 [  6.81083141e+00,  5.59274961e+00,  4.43328043e+00,  3.19553759e+00,
    1.90088290e+00,  5.44937153e-01,  0.00000000e+00],
 [  0.00000000e+00,  0.00000000e+00,  0.00000000e+00,  0.00000000e+00,
    0.00000000e+00,  0.00000000e+00,  0.00000000e+00],
 [ -6.45723793e+00, -4.99659679e+00, -3.37910309e+00, -1.75298131e+00,
   -3.55431512e-01, -2.12018807e-03,  0.00000000e+00],
 [ -1.27666116e+01, -9.73630802e+00, -6.42968571e+00, -3.17233924e+00,
   -5.67261897e-01, -3.18181684e-03,  0.00000000e+00],
 [ -1.90005590e+01, -1.43254015e+01, -9.31527742e+00, -4.44480003e+00,
   -7.50719223e-01, -4.23197523e-03,  0.00000000e+00],
 [ -2.51862107e+01, -1.88067845e+01, -1.20910714e+01, -5.62846127e+00,
   -9.23503301e-01, -5.27688321e-03,  0.00000000e+00],
 [ -3.13361901e+01, -2.32018182e+01, -1.47825645e+01, -6.74923683e+00,
   -1.08950281e+00, -6.31670880e-03,  0.00000000e+00],
 [ -3.74574045e+01, -2.75224784e+01, -1.74038665e+01, -7.82107835e+00,
   -1.24992963e+00, -7.35152865e-03,  0.00000000e+00],
 [ -4.35540259e+01, -3.17759207e+01, -1.99637269e+01, -8.85242024e+00,
   -1.40536251e+00, -8.38141551e-03,  0.00000000e+00],
 [ -4.96287218e+01, -3.59666111e+01, -2.24680162e+01, -9.84877025e+00,
   -1.55619294e+00, -9.40644032e-03,  0.00000000e+00],
 [ -5.56832431e+01, -4.00975748e+01, -2.49209444e+01, -1.08139279e+01,
   -1.70273739e+00, -1.04266724e-02,  0.00000000e+00]]

\SBAlgorithm
logR
[-1.94591015,-1.25276297,-0.84729786,-0.55961579,-0.33647224,-0.15415068,
  0.        ]
IndexZero
10
Tq
[-39.53838737,-35.86916534,-32.21485444,-28.57539819,-24.95068914,
 -21.34068982,-17.74549247,-14.16531518,-10.60044761, -7.05116893,
  -3.51766888,  0.        ,  3.50192729,  6.98831269, 10.45941341,
  13.91548786, 17.35674922, 20.78333715, 24.1953134 , 27.59268392,
  30.97544558]
Dq
[ 3.59439885, 3.58691653, 3.57942827, 3.57192477, 3.56438416, 3.55678164,
  3.54909849, 3.5413288 , 3.53348254, 3.52558447, 3.51766888, 3.50977244,
  3.50192729, 3.49415635, 3.48647114, 3.47887197, 3.47134984, 3.46388952,
  3.45647334, 3.44908549, 3.44171618]
lnMrq
[[-25.23000872,-40.64560162,-58.43372991,-76.26475377,-90.58084422,
  -93.67701418,-93.68912511],
 [-23.03938047,-37.2024169 ,-53.49932756,-69.63106945,-82.45265962,
  -85.16095284,-85.17193191],
 [-20.82477143,-33.71173462,-48.50478891,-62.94917909,-74.29581603,
  -76.64488502,-76.65473872],
 [-18.58746925,-30.17272098,-43.43846304,-56.21094397,-66.11274671,
  -68.12881082,-68.13754553],
 [-16.32873099,-26.5850263 ,-38.29085181,-49.40955291,-57.90615716,
  -59.61273035,-59.62035234],
 [-14.04972146,-22.94801335,-33.05660264,-42.54071467,-49.67876228,
  -51.09664371,-51.10315915],
 [-11.75148481,-19.26038997,-27.73531362,-35.60329856,-41.43310475,
  -42.58055101,-42.58596596],
 [ -9.43493809,-15.52028867,-22.33069579,-28.59910807,-33.17145596,
  -34.06445235,-34.06877277],
 [ -7.10087721,-11.72564336,-16.84872757,-21.53196363,-24.89578195,
  -25.54834783,-25.55157957],
 [ -4.7499884 , -7.87465988,-11.29587395,-14.40660012,-16.60775144,
  -17.03223754,-17.03438638],
 [ -2.38286111, -3.9662044 , -5.678002  , -7.22781319, -8.30876624,
   -8.51612156, -8.51719319],
 [  0.        ,  0.        ,  0.        ,  0.        ,  0.        ,
    0.        ,  0.        ],
 [  2.39816501,  4.02339603,  5.73418592,  7.27298553,  8.31756271,
    8.51612706,  8.51719319],
 [  4.81127112,  8.10278915, 11.5213693 , 14.58780934, 16.64309137,
   17.03225954, 17.03438638],
 [  7.23901743, 12.23663484, 17.35894638, 21.94157841, 24.97587986,
   25.54839735, 25.55157957],
 [  9.68116231, 16.42333195, 23.24477051, 29.33176313, 33.31532233,
   34.06454041, 34.06877277],
 [ 12.13752314, 20.6614585 , 29.17706579, 36.75613639, 41.66089406,
   42.58068865, 42.58596596],
 [ 14.60797857, 24.94990925, 35.1543479 , 44.21272604, 50.0121364 ,
   51.09684198, 51.10315915],
 [ 17.09247305, 29.28790921, 41.17532509, 51.69977304, 58.36864502,
   59.61300032, 59.62035234],
 [ 19.59102326, 33.6748894 , 47.23876914, 59.21568991, 66.73006078,
   68.12916362, 68.13754553],
 [ 22.10372594, 38.11023294, 53.34336554, 66.75901831, 75.09606249,
   76.64533178, 76.65473872]]


 SandBox Genetic
logR
[-1.94591015,-1.25276297,-0.84729786,-0.55961579,-0.33647224,-0.15415068,
  0.        ]
IndexZero
10
Tq
[-39.46645389,-35.81534549,-32.17466027,-28.54527204,-24.92801859,
 -21.32365413,-17.73284798,-14.1562023 ,-10.59424756, -7.04740729,
  -3.51595645,  0.        ,  3.50051988,  6.9857953 , 10.45611713,
  13.91184433, 17.35338438, 20.78118521, 24.19573463, 27.59756176,
  30.98723527]
Dq
[ 3.58785944, 3.58153455, 3.57496225, 3.568159  , 3.56114551, 3.55394235,
  3.5465696 , 3.53905057, 3.53141585, 3.52370364, 3.51595645, 3.50821617,
  3.50051988, 3.49289765, 3.48537238, 3.47796108, 3.47067688, 3.46353087,
  3.45653352, 3.44969522, 3.44302614]
lnMrq
[[-25.30898149,-40.90923201,-58.37696734,-76.31753949,-90.62227385,
  -93.67740306,-93.68912511],
 [-23.10103604,-37.39709063,-53.48630313,-69.68871611,-82.48927176,
  -85.16130536,-85.17193191],
 [-20.87300963,-33.85342311,-48.52389186,-63.00767272,-74.32708183,
  -76.64520135,-76.65473872],
 [-18.62529442,-30.27520342,-43.47670077,-56.26640025,-66.13862302,
  -68.12909116,-68.13754553],
 [-16.35839218,-26.65904363,-38.33602576,-49.45873393,-57.92693653,
  -59.6129749 ,-59.62035234],
 [-14.07286705,-23.00128561,-33.09943976,-42.58146948,-49.69493339,
  -51.09685268,-51.10315915],
 [-11.76930579,-19.29818524,-27.7704651 ,-35.63474631,-41.44524385,
  -42.58072461,-42.58596596],
 [ -9.44828754,-15.54617907,-22.35632732,-28.62151307,-33.18015346,
  -34.06459079,-34.06877277],
 [ -7.11036282,-11.74219096,-16.86532991,-21.5464068 ,-24.90159899,
  -25.54845132,-25.55157957],
 [ -4.75604077, -7.88391076,-11.30506702,-14.41460427,-16.61119811,
  -17.0323063 ,-17.03438638],
 [ -2.38578268, -3.96997391, -5.68170776, -7.23103058, -8.3102936 ,
   -8.51615583, -8.51719319],
 [  0.        ,  0.        ,  0.        ,  0.        ,  0.        ,
    0.        ,  0.        ],
 [  2.40094457,  4.02550317,  5.73641795,  7.2748327 ,  8.31875334,
    8.5161611 ,  8.51719319],
 [  4.81673423,  8.10532032, 11.52465744, 14.59036997, 16.64518562,
   17.03232739, 17.03438638],
 [  7.24709412, 12.23772851, 17.36228461, 21.94393223, 24.97863456,
   25.54849877, 25.55157957],
 [  9.69178689, 16.42066222, 23.24711387, 29.33313703, 33.31853255,
   34.06467517, 34.06877277],
 [ 12.15060799, 20.65181804, 29.17707137, 36.75581124, 41.66438798,
   42.5808565 , 42.58596596],
 [ 14.62338094, 24.928701  , 35.15009926, 44.20993163, 50.01577077,
   51.09704269, 51.10315915],
 [ 17.10995268, 29.24863404, 41.16407947, 51.69358388, 58.37230115,
   59.61323366, 59.62035234],
 [ 19.61018913, 33.60875905, 47.21677033, 59.20493283, 66.73364098,
   68.12942934, 68.13754553],
 [ 22.12397099, 38.00605401, 53.30576257, 66.74220034, 75.09948703,
   76.64562965, 76.65473872]]
fitNessAverage
[ 40.42882231, 40.42790762, 40.42158286, 40.41858292, 40.42738561,
  40.43862373, 40.44434232, 40.44595912, 40.44780543, 40.45107987,
  40.45408506, 40.45822638, 40.45770297, 40.45333944, 40.45548308,
  40.45274063, 40.45344367, 40.45017665, 40.44543359, 40.44350876,
  40.44165459, 40.43469887, 40.42979208, 40.43884366, 40.44400093,
  40.44728183, 40.45171032, 40.45429663, 40.44518165, 40.44308694,
  40.43481832, 40.43153404, 40.43164381, 40.43609627, 40.43267227,
  40.43103545, 40.43330512, 40.431659  , 40.43504941, 40.43796029,
  40.42871799, 40.42380493, 40.42090534, 40.41822439, 40.41887726,
  40.41635514, 40.41447016, 40.41533864, 40.41395873, 40.41596232,
  40.4125642 ]
fitNessMax
[ 40.47600137, 40.52597971, 40.50769778, 40.56913494, 40.56913494,
  40.58399906, 40.56913494, 40.56913494, 40.55650081, 40.55650081,
  40.55650081, 40.55650081, 40.55650081, 40.55650081, 40.58425867,
  40.58425867, 40.58425867, 40.58425867, 40.5428841 , 40.54240151,
  40.547176  , 40.53442541, 40.53442541, 40.53333346, 40.56650586,
  40.58507976, 40.56232482, 40.56232482, 40.5515683 , 40.59069097,
  40.59069097, 40.59069097, 40.59069097, 40.55108275, 40.56077082,
  40.56077082, 40.56077082, 40.56077082, 40.56077082, 40.56077082,
  40.56077082, 40.56077082, 40.56077082, 40.53602855, 40.54366179,
  40.54366179, 40.54366179, 40.55133197, 40.55133197, 40.52496699,
  40.52496699]
fitNessMin
[ 40.37303599, 40.31694877, 40.30899144, 40.28979219, 40.28979219,
  40.28979219, 40.28979219, 40.35891835, 40.34511334, 40.34511334,
  40.35327398, 40.35327398, 40.35327398, 40.34663458, 40.34663458,
  40.34663458, 40.34663458, 40.35891835, 40.33797424, 40.34815952,
  40.32322467, 40.30521186, 40.31771909, 40.32322467, 40.33232924,
  40.31790051, 40.31790051, 40.31790051, 40.31790051, 40.31340936,
  40.31170184, 40.30735147, 40.31170184, 40.31180802, 40.31180802,
  40.31180802, 40.31180802, 40.31180802, 40.31180802, 40.29235216,
  40.29235216, 40.29235216, 40.29235216, 40.31628423, 40.32477589,
  40.30256748, 40.30256748, 40.30256748, 40.31861003, 40.30249416,
  40.30249416]


 SandBox Simulated Annealing
logR
[-1.94591015,-1.25276297,-0.84729786,-0.55961579,-0.33647224,-0.15415068,
  0.        ]
IndexZero
10
Tq
[-39.47572546,-35.82401589,-32.18267597,-28.55250313,-24.93428464,
 -21.32877919,-17.73672346,-14.15883399,-10.59577398, -7.04808633,
  -3.5161225 ,  0.        ,  3.50039626,  6.98537462, 10.45537718,
  13.91091878, 17.35253679, 20.78075701, 24.19607602, 27.59895711,
  30.98983626]
Dq
[ 3.58870231, 3.58240159, 3.57585289, 3.56906289, 3.56204066, 3.55479653,
  3.54734469, 3.5397085 , 3.53192466, 3.52404317, 3.5161225 , 3.5082223 ,
  3.50039626, 3.49268731, 3.48512573, 3.4777297 , 3.47050736, 3.4634595 ,
  3.45658229, 3.44986964, 3.44331514]
lnMrq
[[-25.30658824,-40.85350357,-58.32956492,-76.31128371,-90.59537895,
  -93.67716335,-93.68912511],
 [-23.09923531,-37.33913071,-53.42930491,-69.66457718,-82.46164924,
  -85.1610853 ,-85.17193191],
 [-20.87176061,-33.7962937 ,-48.45977626,-62.97063268,-74.30093487,
  -76.64500147,-76.65473872],
 [-18.62452214,-30.22174723,-43.40999679,-56.22243222,-66.11540411,
  -68.12891195,-68.13754553],
 [-16.35800141,-26.61169733,-38.27250149,-49.414002  ,-57.90742334,
  -59.61281681,-59.62035234],
 [-14.07275553,-22.96188087,-33.04449604,-42.54126503,-49.67936657,
  -51.09671613,-51.10315915],
 [-11.76937514,-19.26776064,-27.72758816,-35.60257685,-41.43348157,
  -42.58061   ,-42.58596596],
 [ -9.4484509 ,-15.52484605,-22.32642428,-28.59872714,-33.1718123 ,
  -34.06449848,-34.06877277],
 [ -7.11054923,-11.72910991,-16.84707482,-21.53244059,-24.89616662,
  -25.54838164,-25.55157957],
 [ -4.75619668, -7.87742197,-11.29580836,-14.40763002,-16.60811514,
  -17.03225957,-17.03438638],
 [ -2.38587139, -3.96788825, -5.67842181, -7.22869015, -8.30900797,
   -8.51613234, -8.51719319],
 [  0.        ,  0.        ,  0.        ,  0.        ,  0.        ,
    0.        ,  0.        ],
 [  2.40104183,  4.02544097,  5.73508086,  7.27434465,  8.31792159,
    8.51613737,  8.51719319],
 [  4.81692648,  8.10657634, 11.5230464 , 14.59062984, 16.64391107,
   17.0322797 , 17.03438638],
 [  7.24737019, 12.24083316, 17.36059637, 21.94552862, 24.97724078,
   25.54842693, 25.55157957],
 [  9.69212833, 16.42526196, 23.24479349, 29.33606767, 33.31728117,
   34.064579  , 34.06877277],
 [ 12.15099058, 20.65681076, 29.17297633, 36.75958455, 41.66348423,
   42.58073584, 42.58596596],
 [ 14.62377621, 24.93251147, 35.14268758, 44.21368648, 50.01536984,
   51.0968974 , 51.10315915],
 [ 17.11032975, 29.24958035, 41.15160645, 51.69621278, 58.37251475,
   59.61306361, 59.62035234],
 [ 19.61051683, 33.60544679, 47.19747927, 59.20520001, 66.73454358,
   68.12923442, 68.13754553],
 [ 22.12422032, 37.99772977, 53.27805247, 66.73884951, 75.10112161,
   76.64540976, 76.65473872]]


 BoxCounting Genetic
logR
[-2.07944154,-1.38629436,-0.98082925,-0.69314718,-0.47000363,-0.28768207,
 -0.13353139, 0.        ]
IndexZero
10
Tq
[-36.64559608,-33.26639887,-29.88749751,-26.5092068 ,-23.13219897,
 -19.75796682,-16.39005331,-13.03787039, -9.73083547, -6.56982134,
  -3.624326  ,  0.        ,  3.54449158,  6.98228513, 10.35817692,
  13.69124124, 16.9905859 , 20.26075596, 23.50384946, 26.72067184,
  29.91165166]
Dq
[ 3.33141783, 3.32663989, 3.32083306, 3.31365085, 3.30459985, 3.29299447,
  3.27801066, 3.2594676 , 3.24361182, 3.28491067, 3.624326  , 3.62426856,
  3.54449158, 3.49114256, 3.45272564, 3.42281031, 3.39811718, 3.37679266,
  3.35769278, 3.34008398, 3.32351685]
lnMrq
[[  9.02720966e+01,  8.83076841e+01,  8.72267166e+01,  8.59967062e+01,
    8.48713872e+01,  8.38253151e+01,  0.00000000e+00,  0.00000000e+00],
 [  8.17555152e+01,  7.97911940e+01,  7.87101934e+01,  7.74801199e+01,
    7.63547607e+01,  7.53085850e+01,  0.00000000e+00,  0.00000000e+00],
 [  7.32395637e+01,  7.12754280e+01,  7.01943584e+01,  6.89641574e+01,
    6.78387139e+01,  6.67923310e+01,  0.00000000e+00,  0.00000000e+00],
 [  6.47249102e+01,  6.27611557e+01,  6.16799391e+01,  6.04494779e+01,
    5.93238542e+01,  5.82770572e+01,  0.00000000e+00,  0.00000000e+00],
 [  5.62129782e+01,  5.42500171e+01,  5.31684741e+01,  5.19374796e+01,
    5.08114576e+01,  4.97638314e+01,  0.00000000e+00,  0.00000000e+00],
 [  4.77069149e+01,  4.57456367e+01,  4.46633201e+01,  4.34312219e+01,
    4.23042811e+01,  4.12549869e+01,  0.00000000e+00,  0.00000000e+00],
 [  3.92141360e+01,  3.72565191e+01,  3.61721596e+01,  3.49377463e+01,
    3.38085670e+01,  3.27558479e+01,  0.00000000e+00,  0.00000000e+00],
 [  3.07540490e+01,  2.88047563e+01,  2.77140243e+01,  2.64745942e+01,
    2.53396055e+01,  2.42793167e+01,  0.00000000e+00,  0.00000000e+00],
 [  2.23849928e+01,  2.04585661e+01,  1.93431850e+01,  1.80915135e+01,
    1.69402696e+01,  1.58591132e+01,  0.00000000e+00,  0.00000000e+00],
 [  1.42877176e+01,  1.24770560e+01,  1.12630815e+01,  9.96996249e+00,
    8.76557565e+00,  7.59232131e+00,  0.00000000e+00,  0.00000000e+00],
 [  6.80703952e+00,  5.59080040e+00,  4.43604122e+00,  3.19581189e+00,
    1.91250109e+00,  5.93326845e-01,  0.00000000e+00,  0.00000000e+00],
 [  0.00000000e+00,  0.00000000e+00,  0.00000000e+00,  0.00000000e+00,
    0.00000000e+00,  0.00000000e+00,  0.00000000e+00,  0.00000000e+00],
 [ -6.45533534e+00, -4.99419195e+00, -3.38265915e+00, -1.75060772e+00,
   -3.52193962e-01, -2.48168644e-03,  0.00000000e+00,  0.00000000e+00],
 [ -1.27637644e+01, -9.73197416e+00, -6.44134051e+00, -3.16808783e+00,
   -5.63159091e-01, -3.72418583e-03,  0.00000000e+00,  0.00000000e+00],
 [ -1.89968236e+01, -1.43200659e+01, -9.33934208e+00, -4.44311268e+00,
   -7.45944208e-01, -4.94748635e-03,  0.00000000e+00,  0.00000000e+00],
 [ -2.51813182e+01, -1.88007996e+01, -1.21307285e+01, -5.63352554e+00,
   -9.18154634e-01, -6.16170260e-03,  0.00000000e+00,  0.00000000e+00],
 [ -3.13297843e+01, -2.31932793e+01, -1.48396265e+01, -6.76378895e+00,
   -1.08382943e+00, -7.36715651e-03,  0.00000000e+00,  0.00000000e+00],
 [ -3.74491239e+01, -2.75052821e+01, -1.74784131e+01, -7.84638971e+00,
   -1.24429689e+00, -8.56399914e-03,  0.00000000e+00,  0.00000000e+00],
 [ -4.35435325e+01, -3.17380248e+01, -2.00539621e+01, -8.88864836e+00,
   -1.40019275e+00, -9.75237503e-03,  0.00000000e+00,  0.00000000e+00],
 [ -4.96157142e+01, -3.58893226e+01, -2.25706714e+01, -9.89543906e+00,
   -1.55192314e+00, -1.09324258e-02,  0.00000000e+00,  0.00000000e+00],
 [ -5.56674627e+01, -3.99569075e+01, -2.50322902e+01, -1.08704388e+01,
   -1.69979340e+00, -1.21042901e-02,  0.00000000e+00,  0.00000000e+00]]
fitNessAverage
[ 40.45211153, 40.44911404, 40.44830513, 40.45100878, 40.44792147,
  40.4444644 , 40.43995743, 40.43610412, 40.43760604, 40.4358747 ,
  40.43641669, 40.43730335, 40.43527866, 40.4308249 , 40.4290388 ,
  40.43078413, 40.42912896, 40.42594263, 40.42151215, 40.42041275,
  40.42281344, 40.42141066, 40.42355375, 40.4250614 , 40.42716645,
  40.42836536, 40.43233883, 40.4283194 , 40.42753119, 40.42606873,
  40.42743339, 40.42854391, 40.42678623, 40.43043024, 40.43050068,
  40.43278193, 40.43567924, 40.43831929, 40.44156653, 40.44002739,
  40.44265767, 40.44040124, 40.44081796, 40.44061851, 40.44131197,
  40.44286194, 40.44091566, 40.43999932, 40.44444676]
fitNessMax
[ 40.48415107, 40.51095302, 40.53342785, 40.511143  , 40.51412708,
  40.52442321, 40.52442321, 40.52442321, 40.51514319, 40.51514319,
  40.52528733, 40.51514319, 40.51514319, 40.52648146, 40.52648146,
  40.52858874, 40.53713112, 40.53713112, 40.52858874, 40.52858874,
  40.52858874, 40.52648146, 40.52648146, 40.52763904, 40.52763904,
  40.53880146, 40.53880146, 40.57407505, 40.57407505, 40.57407505,
  40.57407505, 40.54429852, 40.54429852, 40.54429852, 40.53450641,
  40.53450641, 40.53450641, 40.53450641, 40.57272068, 40.55688351,
  40.57286992, 40.57286992, 40.53020179, 40.53020179, 40.53020179,
  40.56110881, 40.53079575, 40.53079575, 40.53408999]
fitNessMin
[ 40.41715785, 40.38112252, 40.37633465, 40.3513373 , 40.3513373 ,
  40.34346259, 40.34346259, 40.32636573, 40.33279746, 40.33279746,
  40.33279746, 40.33279746, 40.33279746, 40.33279746, 40.33279746,
  40.33279746, 40.33279746, 40.33642982, 40.30465119, 40.3293069 ,
  40.31540547, 40.31540547, 40.31540547, 40.31540547, 40.31540547,
  40.32350884, 40.32350884, 40.34843277, 40.34342244, 40.30656653,
  40.34569859, 40.32347769, 40.32347769, 40.32347769, 40.32347769,
  40.32790219, 40.32790219, 40.32887873, 40.32887873, 40.32887873,
  40.33595676, 40.33595676, 40.33595676, 40.33595676, 40.35282336,
  40.35282336, 40.35282336, 40.36312097, 40.36312097]


 BoxCounting Simulated Annealing
logR
[-2.07944154,-1.38629436,-0.98082925,-0.69314718,-0.47000363,-0.28768207,
 -0.13353139, 0.        ]
IndexZero
10
Tq
[-36.64559608,-33.26639887,-29.88749751,-26.5092068 ,-23.13219897,
 -19.75796682,-16.39005331,-13.03787039, -9.73083547, -6.56982134,
  -3.624326  ,  0.        ,  3.54449158,  6.98228513, 10.35817692,
  13.69124124, 16.9905859 , 20.26075596, 23.50384946, 26.72067184,
  29.91165166]
Dq
[ 3.33141783, 3.32663989, 3.32083306, 3.31365085, 3.30459985, 3.29299447,
  3.27801066, 3.2594676 , 3.24361182, 3.28491067, 3.624326  , 3.62426856,
  3.54449158, 3.49114256, 3.45272564, 3.42281031, 3.39811718, 3.37679266,
  3.35769278, 3.34008398, 3.32351685]
lnMrq
[[  9.02720966e+01,  8.83076841e+01,  8.72267166e+01,  8.59967062e+01,
    8.48713872e+01,  8.38253151e+01,  0.00000000e+00,  0.00000000e+00],
 [  8.17555152e+01,  7.97911940e+01,  7.87101934e+01,  7.74801199e+01,
    7.63547607e+01,  7.53085850e+01,  0.00000000e+00,  0.00000000e+00],
 [  7.32395637e+01,  7.12754280e+01,  7.01943584e+01,  6.89641574e+01,
    6.78387139e+01,  6.67923310e+01,  0.00000000e+00,  0.00000000e+00],
 [  6.47249102e+01,  6.27611557e+01,  6.16799391e+01,  6.04494779e+01,
    5.93238542e+01,  5.82770572e+01,  0.00000000e+00,  0.00000000e+00],
 [  5.62129782e+01,  5.42500171e+01,  5.31684741e+01,  5.19374796e+01,
    5.08114576e+01,  4.97638314e+01,  0.00000000e+00,  0.00000000e+00],
 [  4.77069149e+01,  4.57456367e+01,  4.46633201e+01,  4.34312219e+01,
    4.23042811e+01,  4.12549869e+01,  0.00000000e+00,  0.00000000e+00],
 [  3.92141360e+01,  3.72565191e+01,  3.61721596e+01,  3.49377463e+01,
    3.38085670e+01,  3.27558479e+01,  0.00000000e+00,  0.00000000e+00],
 [  3.07540490e+01,  2.88047563e+01,  2.77140243e+01,  2.64745942e+01,
    2.53396055e+01,  2.42793167e+01,  0.00000000e+00,  0.00000000e+00],
 [  2.23849928e+01,  2.04585661e+01,  1.93431850e+01,  1.80915135e+01,
    1.69402696e+01,  1.58591132e+01,  0.00000000e+00,  0.00000000e+00],
 [  1.42877176e+01,  1.24770560e+01,  1.12630815e+01,  9.96996249e+00,
    8.76557565e+00,  7.59232131e+00,  0.00000000e+00,  0.00000000e+00],
 [  6.80703952e+00,  5.59080040e+00,  4.43604122e+00,  3.19581189e+00,
    1.91250109e+00,  5.93326845e-01,  0.00000000e+00,  0.00000000e+00],
 [  0.00000000e+00,  0.00000000e+00,  0.00000000e+00,  0.00000000e+00,
    0.00000000e+00,  0.00000000e+00,  0.00000000e+00,  0.00000000e+00],
 [ -6.45533534e+00, -4.99419195e+00, -3.38265915e+00, -1.75060772e+00,
   -3.52193962e-01, -2.48168644e-03,  0.00000000e+00,  0.00000000e+00],
 [ -1.27637644e+01, -9.73197416e+00, -6.44134051e+00, -3.16808783e+00,
   -5.63159091e-01, -3.72418583e-03,  0.00000000e+00,  0.00000000e+00],
 [ -1.89968236e+01, -1.43200659e+01, -9.33934208e+00, -4.44311268e+00,
   -7.45944208e-01, -4.94748635e-03,  0.00000000e+00,  0.00000000e+00],
 [ -2.51813182e+01, -1.88007996e+01, -1.21307285e+01, -5.63352554e+00,
   -9.18154634e-01, -6.16170260e-03,  0.00000000e+00,  0.00000000e+00],
 [ -3.13297843e+01, -2.31932793e+01, -1.48396265e+01, -6.76378895e+00,
   -1.08382943e+00, -7.36715651e-03,  0.00000000e+00,  0.00000000e+00],
 [ -3.74491239e+01, -2.75052821e+01, -1.74784131e+01, -7.84638971e+00,
   -1.24429689e+00, -8.56399914e-03,  0.00000000e+00,  0.00000000e+00],
 [ -4.35435325e+01, -3.17380248e+01, -2.00539621e+01, -8.88864836e+00,
   -1.40019275e+00, -9.75237503e-03,  0.00000000e+00,  0.00000000e+00],
 [ -4.96157142e+01, -3.58893226e+01, -2.25706714e+01, -9.89543906e+00,
   -1.55192314e+00, -1.09324258e-02,  0.00000000e+00,  0.00000000e+00],
 [ -5.56674627e+01, -3.99569075e+01, -2.50322902e+01, -1.08704388e+01,
   -1.69979340e+00, -1.21042901e-02,  0.00000000e+00,  0.00000000e+00]]


Execution time

Box Counting	Box Counting Fixed	SandBox	Genetic SandBox	Simulated SandBox	Genetic BCFS	Simulated BCFS
[ 42796.92835402, 44028.70166397, 14671.90909696, 82223.83060598,
  47110.97703886, 77599.37265205, 46668.63479114, 54932.48389721,
  45765.51759577]
Fractal dimension
3.72099800651