BCAlgorithm
logR
[-1.38629436,-0.69314718,-0.28768207, 0.        ]
IndexZero
10
Tq
[-26.57191325,-23.92072977,-21.27050661,-18.62196389,-15.97650898,
 -13.33687218,-10.70824757, -8.10028823, -5.53243982, -3.07321838,
  -1.08068915,  0.        ,  0.68159283,  1.29171357,  1.88027603,
   2.45483991,  3.0183652 ,  3.57312383,  4.12103458,  4.66367667,
   5.2023091 ]
Dq
[ 2.41562848, 2.39207298, 2.36338962, 2.32774549, 2.28235843, 2.22281203,
  2.14164951, 2.02507206, 1.84414661, 1.53660919, 1.08068915, 0.77888985,
  0.68159283, 0.64585679, 0.62675868, 0.61370998, 0.60367304, 0.59552064,
  0.58871923, 0.58295958, 0.57803434]
lnMrq
[[ 35.26458133,  7.8061761 ,  0.        ,  0.        ],
 [ 31.73919594,  7.08140986,  0.        ,  0.        ],
 [ 28.21478284,  6.35929422,  0.        ,  0.        ],
 [ 24.69230583,  5.63997737,  0.        ,  0.        ],
 [ 21.17366757,  4.92359928,  0.        ,  0.        ],
 [ 17.66257741,  4.21028887,  0.        ,  0.        ],
 [ 14.16610864,  3.50016113,  0.        ,  0.        ],
 [ 10.69742146,  2.79331446,  0.        ,  0.        ],
 [  7.28304165,  2.08982819,  0.        ,  0.        ],
 [  4.01646002,  1.38976057,  0.        ,  0.        ],
 [  1.38629436,  0.69314718,  0.        ,  0.        ],
 [  0.        ,  0.        ,  0.        ,  0.        ],
 [ -0.84212097, -0.68969295,  0.        ,  0.        ],
 [ -1.587146  , -1.37596725,  0.        ,  0.        ],
 [ -2.30318093, -2.05888114,  0.        ,  0.        ],
 [ -3.00053175, -2.73851398,  0.        ,  0.        ],
 [ -3.68322517, -3.41496413,  0.        ,  0.        ],
 [ -4.35434683, -4.08834661,  0.        ,  0.        ],
 [ -5.01649869, -4.75879033,  0.        ,  0.        ],
 [ -5.6718179 , -5.42643526,  0.        ,  0.        ],
 [ -6.32200364, -6.09142959,  0.        ,  0.        ]]FSBCAlgorithm
logR
[-1.60943791,-0.91629073,-0.51082562,-0.22314355, 0.        ]
IndexZero
10
Tq
[-16.0526634 ,-14.62982723,-13.20724104,-11.78516252,-10.36412276,
  -8.94523261, -7.53086374, -6.1261975 , -4.74205159, -3.37506763,
  -1.75442238,  0.        ,  1.32316515,  2.20590953,  2.84610046,
   3.38148442,  3.86868768,  4.32984783,  4.77486713,  5.20896187,
   5.63524459]
Dq
[ 1.45933304, 1.46298272, 1.46747123, 1.47314531, 1.48058897, 1.4908721 ,
  1.50617275, 1.53154938, 1.58068386, 1.68753381, 1.75442238, 1.57431497,
  1.32316515, 1.10295476, 0.94870015, 0.8453711 , 0.77373754, 0.72164131,
  0.68212388, 0.65112023, 0.62613829]
lnMrq
[[  3.76122719e+01,  3.49221644e+01,  3.39885365e+01,  3.38535002e+01,
    0.00000000e+00],
 [  3.40861513e+01,  3.13964394e+01,  3.04621760e+01,  3.03271397e+01,
    0.00000000e+00],
 [  3.05602770e+01,  2.78713502e+01,  2.69358155e+01,  2.68007792e+01,
    0.00000000e+00],
 [  2.70349084e+01,  2.43475321e+01,  2.34094555e+01,  2.32744187e+01,
    0.00000000e+00],
 [  2.35105919e+01,  2.08262537e+01,  1.98830992e+01,  1.97480586e+01,
    0.00000000e+00],
 [  1.99885085e+01,  1.73100453e+01,  1.63567740e+01,  1.62217016e+01,
    0.00000000e+00],
 [  1.64713017e+01,  1.38039886e+01,  1.28307143e+01,  1.26953713e+01,
    0.00000000e+00],
 [  1.29651742e+01,  1.03188271e+01,  9.30700623e+00,  9.16933417e+00,
    0.00000000e+00],
 [  9.48549770e+00,  6.88337436e+00,  5.80592302e+00,  5.64825130e+00,
    0.00000000e+00],
 [  6.07228095e+00,  3.62981661e+00,  2.53952558e+00,  2.24581893e+00,
    0.00000000e+00],
 [  2.83035459e+00,  1.17457428e+00,  5.82051295e-01,  2.42946179e-01,
    0.00000000e+00],
 [  0.00000000e+00,  0.00000000e+00,  0.00000000e+00,  0.00000000e+00,
    0.00000000e+00],
 [ -2.10227297e+00, -6.39734721e-01, -2.38107127e-01, -2.53699995e-02,
    0.00000000e+00],
 [ -3.48910523e+00, -1.10914729e+00, -3.82465557e-01, -3.83005179e-02,
    0.00000000e+00],
 [ -4.48653965e+00, -1.48152259e+00, -4.86792360e-01, -4.88796440e-02,
    0.00000000e+00],
 [ -5.32253048e+00, -1.78438642e+00, -5.68823905e-01, -5.83003583e-02,
    0.00000000e+00],
 [ -6.08908934e+00, -2.03492725e+00, -6.35718283e-01, -6.69253929e-02,
    0.00000000e+00],
 [ -6.82078891e+00, -2.24547733e+00, -6.91186923e-01, -7.49332470e-02,
    0.00000000e+00],
 [ -7.53220155e+00, -2.42526237e+00, -7.37677685e-01, -8.24392618e-02,
    0.00000000e+00],
 [ -8.23050627e+00, -2.58128101e+00, -7.77039583e-01, -8.95278028e-02,
    0.00000000e+00],
 [ -8.91972947e+00, -2.71885856e+00, -8.10740017e-01, -9.62634274e-02,
    0.00000000e+00]]

\SBAlgorithm
logR
[-1.38629436,-0.69314718,-0.28768207, 0.        ]
IndexZero
10
Tq
[-19.9256121 ,-18.02252985,-16.11775286,-14.21399858,-12.31525935,
 -10.42707264, -8.55686473, -6.71464379, -4.91443546, -3.17566662,
  -1.52369296,  0.        ,  1.31974035,  2.36692645,  3.1739116 ,
   3.83950872,  4.43711487,  5.00212277,  5.55000673,  6.0879414 ,
   6.61962848]
Dq
[ 1.81141928, 1.80225299, 1.79086143, 1.77674982, 1.75932276, 1.73784544,
  1.71137295, 1.67866095, 1.63814515, 1.58783331, 1.52369296, 1.43699135,
  1.31974035, 1.18346323, 1.05797053, 0.95987718, 0.88742297, 0.83368713,
  0.7928581 , 0.76099268, 0.73551428]
lnMrq
[[-11.65051123,-25.17568567,-35.26308969,-38.33933631],
 [-10.76265925,-23.12748714,-32.18550257,-34.8913136 ],
 [ -9.86383292,-21.07530238,-29.09102916,-31.43344654],
 [ -8.94959544,-19.01627293,-25.97574714,-27.96628303],
 [ -8.01422028,-16.94528997,-22.83571656,-24.4905986 ],
 [ -7.05066979,-14.85314549,-19.66743247,-21.00731382],
 [ -6.05068619,-12.72303702,-16.46828443,-17.517411  ],
 [ -5.00476728,-10.52386389,-13.23686787,-14.02186329],
 [ -3.90142036, -8.20058543, -9.97303986,-10.52158282],
 [ -2.72433742, -5.68082062, -6.67773419, -7.01738894],
 [ -1.44423998, -2.93212902, -3.3526574 , -3.50999368],
 [  0.        ,  0.        ,  0.        ,  0.        ],
 [  1.71874299,  3.04961066,  3.37776931,  3.5120917 ],
 [  3.80950841,  6.17585938,  6.77803231,  7.02587265],
 [  6.22932693,  9.35953326, 10.19811112, 10.54101299],
 [  8.84338664, 12.5908887 , 13.63534947, 14.05724897],
 [ 11.55125984, 15.86315043, 17.08719416, 17.57437128],
 [ 14.30438922, 19.17026275, 20.55126962, 21.09221461],
 [ 17.08147488, 22.50648147, 24.0254351 , 24.61064893],
 [ 19.87260703, 25.86652624, 27.5078177 , 28.12957222],
 [ 22.67265395, 29.24577178, 30.99682145, 31.64890453]]


 SandBox Genetic
logR
[-1.38629436,-0.69314718,-0.28768207, 0.        ]
IndexZero
10
Tq
[-18.82705767,-17.11117942,-15.38104585,-13.63654384,-11.8783648 ,
 -10.1085455 , -8.33150128, -6.55614407, -4.79958013, -3.09005017,
  -1.46763851,  0.        ,  1.21073543,  2.12551935,  2.83228956,
   3.4343309 ,  3.98718168,  4.51471685,  5.0275548 ,  5.53104751,
   6.02824057]
Dq
[ 1.7115507 , 1.71111794, 1.70900509, 1.70456798, 1.69690926, 1.68475758,
  1.66630026, 1.63903602, 1.59986004, 1.54502509, 1.46763851, 1.35617661,
  1.21073543, 1.06275968, 0.94409652, 0.85858273, 0.79743634, 0.75245281,
  0.71822211, 0.69138094, 0.66980451]
lnMrq
[[-13.03783527,-22.75020666,-34.60909445,-38.1098664 ],
 [-11.93472312,-20.95594082,-31.63709822,-34.70505398],
 [-10.82975101,-19.159878  ,-28.63987072,-31.28428488],
 [ -9.72203602,-17.36055264,-25.61227311,-27.84855618],
 [ -8.6102019 ,-15.55495491,-22.54956712,-24.39920618],
 [ -7.49205425,-13.73632831,-19.44802665,-20.93777769],
 [ -6.36399867,-11.88833615,-16.30541398,-17.46588592],
 [ -5.21992483, -9.97103146,-13.12115054,-13.98510969],
 [ -4.04881823, -7.89906993, -9.89614819,-10.49691446],
 [ -2.82894273, -5.55443961, -6.6324235 , -7.00260726],
 [ -1.51303128, -2.89359422, -3.33268149, -3.50331803],
 [  0.        ,  0.        ,  0.        ,  0.        ],
 [  1.86075234,  3.02390315,  3.36235755,  3.5065579 ],
 [  4.12790214,  6.12207501,  6.75104577,  7.01571242],
 [  6.68264551,  9.27205348, 10.16271503, 10.52694519],
 [  9.38360116, 12.465037  , 13.59409563, 14.0398422 ],
 [ 12.15415133, 15.69631438, 17.04208979, 17.55407509],
 [ 14.9609462 , 18.96188087, 20.50385598, 21.06938478],
 [ 17.78890856, 22.25757602, 23.97686965, 24.58556761],
 [ 20.63032978, 25.57911042, 27.45895285, 28.10246399],
 [ 23.48079127, 28.92231893, 30.94827437, 31.619949  ]]
fitNessAverage
[ 14.79165392, 14.93589019, 15.06077305, 15.18398622, 15.24187376,
  15.17468749, 15.24950077, 15.28644606, 15.19926699, 15.4414788 ,
  15.58956817, 15.77763067, 15.6289965 , 15.6653236 , 15.69503948,
  15.69072523, 15.73703479, 15.76640959, 15.71550784, 15.70424966,
  15.60052841, 15.6450729 , 15.63895719, 15.86967447, 15.93640109,
  16.0371718 , 16.06858224, 16.03455329, 16.09741821, 16.19684464,
  16.14820233, 16.05073547, 16.14402783, 16.06410869, 16.10799781]
fitNessMax
[ 16.28392428, 17.04489412, 17.43585882, 17.23162593, 17.86140452,
  17.59194349, 17.59194349, 17.59194349, 17.44983708, 18.15170513,
  17.97337976, 17.97337976, 17.97337976, 18.64555346, 18.64555346,
  18.64555346, 17.96694768, 17.79264706, 17.79264706, 17.75257353,
  17.75257353, 17.70882353, 17.71875   , 17.87316176, 17.80142878,
  17.73161765, 17.77941176, 17.83566176, 17.83566176, 17.7       ,
  18.41762219, 18.41762219, 18.41762219, 18.41762219, 18.41762219]
fitNessMin
[ 12.78481352, 12.60884069, 12.78481352, 12.78481352, 12.78481352,
  12.3275236 , 12.78676471, 12.78676471, 12.2       , 12.99630963,
  12.99630963, 12.96470588, 12.14705882, 12.14705882, 12.14705882,
  12.14705882, 12.14705882, 12.82352941, 12.82352941, 12.79705882,
  12.79705882, 12.79705882, 12.82352941, 12.82352941, 12.72008439,
  12.82352941, 13.30514706, 12.5549943 , 12.65625   , 12.65625   ,
  12.65625   , 11.97132353, 11.97132353, 11.97132353, 12.82389706]


 SandBox Simulated Annealing
logR
[-1.09861229,-0.40546511, 0.        ]
IndexZero
10
Tq
[-18.6398379 ,-17.03319923,-15.41095378,-13.76911436,-12.10400626,
 -10.41329113, -8.69702635, -6.95775395, -5.1986175 , -3.42464719,
  -1.66429023,  0.        ,  1.44053755,  2.56659192,  3.42366791,
   4.1305162 ,  4.77231209,  5.38905755,  5.99702182,  6.60260232,
   7.208256  ]
Dq
[ 1.69453072, 1.70331992, 1.7123282 , 1.7211393 , 1.72914375, 1.73554852,
  1.73940527, 1.73943849, 1.7328725 , 1.71232359, 1.66429023, 1.57492591,
  1.44053755, 1.28329596, 1.14122264, 1.03262905, 0.95446242, 0.89817626,
  0.8567174 , 0.82532529, 0.80091733]
lnMrq
[[-13.45041019,-22.7014323 ,-34.6301526 ],
 [-12.34363407,-20.9071985 ,-31.67678897],
 [-11.23325181,-19.11123238,-28.70024588],
 [-10.11745952,-17.31219754,-25.69372107],
 [ -8.99345897,-15.5074646 ,-22.64985973],
 [ -7.85690146,-13.69136223,-19.5616872 ],
 [ -6.70106633,-11.8504224 ,-16.42384401],
 [ -5.51570249, -9.95087148,-13.2337079 ],
 [ -4.28538697, -7.91365669, -9.99189661],
 [ -2.98666536, -5.60672739, -6.70191981],
 [ -1.58113913, -2.94564954, -3.36920803],
 [  0.        ,  0.        ,  0.        ],
 [  1.86408013,  3.10906096,  3.39952932],
 [  4.08849415,  6.30882677,  6.82377567],
 [  6.6170687 ,  9.56759515, 10.26791016],
 [  9.32129571, 12.87046175, 13.72790051],
 [ 12.10887291, 16.20807806, 17.20044496],
 [ 14.9350512 , 19.57317502, 20.68287567],
 [ 17.7802622 , 22.95975705, 24.17305873],
 [ 20.63569053, 26.36294849, 27.66930163],
 [ 23.49706036, 29.77890096, 31.17027178]]


 BoxCounting Genetic
logR
[-1.60943791,-0.91629073,-0.51082562,-0.22314355, 0.        ]
IndexZero
10
Tq
[-15.91146441,-14.48860902,-13.06598366,-11.64382451,-10.22261623,
  -8.80336327, -7.38815605, -5.9811543 , -4.58771979, -3.18628986,
  -1.59361316,  0.        ,  1.05416638,  1.75526179,  2.32057308,
   2.8250503 ,  3.29543304,  3.74439853,  4.17918075,  4.60429098,
   5.02265545]
Dq
[ 1.44649676, 1.4488609 , 1.45177596, 1.45547806, 1.46037375, 1.46722721,
  1.47763121, 1.49528858, 1.52923993, 1.59314493, 1.59361316, 1.33591889,
  1.05416638, 0.87763089, 0.77352436, 0.70626257, 0.65908661, 0.62406642,
  0.59702582, 0.57553637, 0.55807283]
lnMrq
[[  3.73908729e+01,  3.45908159e+01,  3.28556596e+01,  3.40596324e+01,
    0.00000000e+00],
 [  3.38647422e+01,  3.10650105e+01,  2.93292992e+01,  3.05332719e+01,
    0.00000000e+00],
 [  3.03388464e+01,  2.75397598e+01,  2.58029389e+01,  2.70069114e+01,
    0.00000000e+00],
 [  2.68134314e+01,  2.40156182e+01,  2.22765807e+01,  2.34805509e+01,
    0.00000000e+00],
 [  2.32890110e+01,  2.04936946e+01,  1.87502396e+01,  1.99541910e+01,
    0.00000000e+00],
 [  1.97666838e+01,  1.69762209e+01,  1.52240408e+01,  1.64278350e+01,
    0.00000000e+00],
 [  1.62488763e+01,  1.34677978e+01,  1.16990449e+01,  1.29015128e+01,
    0.00000000e+00],
 [  1.27412199e+01,  9.97885812e+00,  8.18446736e+00,  9.37552664e+00,
    0.00000000e+00],
 [  9.25785425e+00,  6.54180376e+00,  4.76189592e+00,  5.85437565e+00,
    0.00000000e+00],
 [  5.83916005e+00,  3.32663136e+00,  1.97044020e+00,  2.43685157e+00,
    0.00000000e+00],
 [  2.62031129e+00,  1.05431203e+00,  5.98836501e-01,  3.00104592e-01,
    0.00000000e+00],
 [  0.00000000e+00,  0.00000000e+00,  0.00000000e+00,  0.00000000e+00,
    0.00000000e+00],
 [ -1.66785908e+00, -6.37853249e-01, -3.34940538e-01, -3.57526853e-02,
    0.00000000e+00],
 [ -2.75201613e+00, -1.14365394e+00, -5.56745775e-01, -5.41200870e-02,
    0.00000000e+00],
 [ -3.62052359e+00, -1.56564076e+00, -7.23879738e-01, -6.88311951e-02,
    0.00000000e+00],
 [ -4.39963283e+00, -1.91948627e+00, -8.58689377e-01, -8.17379856e-02,
    0.00000000e+00],
 [ -5.13286964e+00, -2.21658827e+00, -9.69976608e-01, -9.34217848e-02,
    0.00000000e+00],
 [ -5.83943608e+00, -2.46765934e+00, -1.06210271e+00, -1.04168303e-01,
    0.00000000e+00],
 [ -6.52934583e+00, -2.68253638e+00, -1.13806487e+00, -1.14161934e-01,
    0.00000000e+00],
 [ -7.20833002e+00, -2.86960150e+00, -1.20039728e+00, -1.23537637e-01,
    0.00000000e+00],
 [ -7.87985814e+00, -3.03555364e+00, -1.25137662e+00, -1.32398737e-01,
    0.00000000e+00]]
fitNessAverage
[ 15.04581529, 15.19006197, 15.18192216, 15.16804347, 15.33026005,
  15.49762515, 15.70508905, 15.76476104, 15.80265692, 16.07479035,
  16.00160483, 15.95892786, 15.98830009, 15.94170418, 15.90063729,
  16.0791836 , 15.91730506, 15.89737249, 15.87657126, 16.07397747,
  16.11316692, 16.09944559, 16.12925518, 16.14585494, 16.35954156,
  16.44796185, 16.5332598 , 16.54009856, 16.76188592, 16.75059091,
  16.7500456 , 16.77971971, 16.84802883, 16.9956679 , 17.06410193,
  17.14443476, 17.13307003, 17.03001222, 17.2591496 , 17.4342849 ,
  17.53399352, 17.6277697 , 17.58604726, 17.32021158, 17.10555213,
  17.10468981, 16.98699706, 17.12152833, 16.99312873, 16.95790001,
  16.98035205, 16.76038885, 16.44405058, 16.34116947, 16.40287026,
  16.47430442, 16.45924095, 16.85021131, 16.98280813, 16.73012246,
  16.62033833, 16.39155514, 16.08081123, 16.28046846, 16.28580802]
fitNessMax
[ 17.16770048, 18.46178915, 18.64800469, 18.64800469, 19.22392004,
  19.89028033, 19.89028033, 19.62265795, 19.62265795, 19.78113511,
  19.78113511, 19.78113511, 19.78113511, 19.6671024 , 19.50899012,
  19.97931985, 19.97931985, 19.97931985, 19.97931985, 19.43933824,
  19.43933824, 19.43933824, 19.82396514, 20.24575163, 20.24575163,
  20.24575163, 21.02984051, 21.02984051, 21.08490187, 21.08490187,
  21.02984051, 21.02984051, 20.7113979 , 20.96441672, 20.77259475,
  20.77259475, 20.77259475, 20.77259475, 21.16596639, 21.22277482,
  21.22277482, 21.16596639, 20.58073229, 21.31248494, 20.41152374,
  20.41152374, 20.19057623, 20.31919911, 20.19057623, 20.46818727,
  20.46818727, 20.46818727, 20.46818727, 19.51859488, 19.51859488,
  19.51859488, 19.51859488, 19.57214383, 20.36868457, 20.36868457,
  19.79169456, 19.59891831, 19.63640258, 19.63640258, 19.67924175]
fitNessMin
[ 12.88888889, 12.74812394, 12.74812394, 11.57513787, 11.57513787,
  12.14117647, 12.11491721, 11.30457516, 11.30457516, 11.30457516,
  11.30457516, 11.45306756, 11.45306756, 11.45306756, 11.45306756,
  11.32709139, 11.78562092, 11.83703704, 11.71013327, 11.71013327,
  12.23529412, 12.23529412, 11.91372549, 11.91372549, 12.14117647,
  12.20043573, 12.23529412, 11.88261019, 11.88261019, 11.88261019,
  11.88261019, 12.13235294, 12.13235294, 12.13235294, 12.13235294,
  12.60504202, 12.60504202, 11.93941862, 11.93941862, 11.93941862,
  12.83870691, 12.83870691, 12.83870691, 12.83870691, 12.7674101 ,
  12.7674101 , 12.80891055, 12.5728863 , 10.99493962, 10.99493962,
  10.99493962, 10.99493962, 10.65624247, 10.65624247, 11.576059  ,
  11.576059  , 10.81688934, 11.576059  , 11.576059  , 11.18905459,
  10.95611663, 10.95611663, 10.38983641, 10.38983641, 10.38983641]


 BoxCounting Simulated Annealing
logR
[-1.60943791,-0.91629073,-0.51082562,-0.22314355, 0.        ]
IndexZero
10
Tq
[-15.91146441,-14.48860902,-13.06598366,-11.64382451,-10.22261623,
  -8.80336327, -7.38815605, -5.9811543 , -4.58771979, -3.18628986,
  -1.59361316,  0.        ,  1.05416638,  1.75526179,  2.32057308,
   2.8250503 ,  3.29543304,  3.74439853,  4.17918075,  4.60429098,
   5.02265545]
Dq
[ 1.44649676, 1.4488609 , 1.45177596, 1.45547806, 1.46037375, 1.46722721,
  1.47763121, 1.49528858, 1.52923993, 1.59314493, 1.59361316, 1.33591889,
  1.05416638, 0.87763089, 0.77352436, 0.70626257, 0.65908661, 0.62406642,
  0.59702582, 0.57553637, 0.55807283]
lnMrq
[[  3.73908729e+01,  3.45908159e+01,  3.28556596e+01,  3.40596324e+01,
    0.00000000e+00],
 [  3.38647422e+01,  3.10650105e+01,  2.93292992e+01,  3.05332719e+01,
    0.00000000e+00],
 [  3.03388464e+01,  2.75397598e+01,  2.58029389e+01,  2.70069114e+01,
    0.00000000e+00],
 [  2.68134314e+01,  2.40156182e+01,  2.22765807e+01,  2.34805509e+01,
    0.00000000e+00],
 [  2.32890110e+01,  2.04936946e+01,  1.87502396e+01,  1.99541910e+01,
    0.00000000e+00],
 [  1.97666838e+01,  1.69762209e+01,  1.52240408e+01,  1.64278350e+01,
    0.00000000e+00],
 [  1.62488763e+01,  1.34677978e+01,  1.16990449e+01,  1.29015128e+01,
    0.00000000e+00],
 [  1.27412199e+01,  9.97885812e+00,  8.18446736e+00,  9.37552664e+00,
    0.00000000e+00],
 [  9.25785425e+00,  6.54180376e+00,  4.76189592e+00,  5.85437565e+00,
    0.00000000e+00],
 [  5.83916005e+00,  3.32663136e+00,  1.97044020e+00,  2.43685157e+00,
    0.00000000e+00],
 [  2.62031129e+00,  1.05431203e+00,  5.98836501e-01,  3.00104592e-01,
    0.00000000e+00],
 [  0.00000000e+00,  0.00000000e+00,  0.00000000e+00,  0.00000000e+00,
    0.00000000e+00],
 [ -1.66785908e+00, -6.37853249e-01, -3.34940538e-01, -3.57526853e-02,
    0.00000000e+00],
 [ -2.75201613e+00, -1.14365394e+00, -5.56745775e-01, -5.41200870e-02,
    0.00000000e+00],
 [ -3.62052359e+00, -1.56564076e+00, -7.23879738e-01, -6.88311951e-02,
    0.00000000e+00],
 [ -4.39963283e+00, -1.91948627e+00, -8.58689377e-01, -8.17379856e-02,
    0.00000000e+00],
 [ -5.13286964e+00, -2.21658827e+00, -9.69976608e-01, -9.34217848e-02,
    0.00000000e+00],
 [ -5.83943608e+00, -2.46765934e+00, -1.06210271e+00, -1.04168303e-01,
    0.00000000e+00],
 [ -6.52934583e+00, -2.68253638e+00, -1.13806487e+00, -1.14161934e-01,
    0.00000000e+00],
 [ -7.20833002e+00, -2.86960150e+00, -1.20039728e+00, -1.23537637e-01,
    0.00000000e+00],
 [ -7.87985814e+00, -3.03555364e+00, -1.25137662e+00, -1.32398737e-01,
    0.00000000e+00]]


Execution time

Box Counting	Box Counting Fixed	SandBox	Genetic SandBox	Simulated SandBox	Genetic BCFS	Simulated BCFS
[ 1.59405303, 3.27406907, 0.30798507, 6.47315907, 2.58515596, 9.61328983,
  3.04414487, 5.01099396, 3.28985977]
Fractal dimension
1.69739240928