BCAlgorithm
logR
[-1.38629436,-0.69314718,-0.28768207, 0.        ]
IndexZero
10
Tq
[ -2.81169603e+01, -2.53949515e+01, -2.26735383e+01, -1.99532235e+01,
  -1.72350132e+01, -1.45209526e+01, -1.18152665e+01, -9.12686673e+00,
  -6.47555403e+00, -3.91332850e+00, -1.62075078e+00,  4.88146673e-18,
   9.44525609e-01,  1.63107158e+00,  2.25356284e+00,  2.85754598e+00,
   3.45445089e+00,  4.04791799e+00,  4.63939864e+00,  5.22959050e+00,
   5.81888120e+00]
Dq
[ 2.5560873 , 2.53949515, 2.51928203, 2.49415294, 2.46214474, 2.42015876,
  2.3630533 , 2.28171668, 2.15851801, 1.95666425, 1.62075078, 1.21598014,
  0.94452561, 0.81553579, 0.75118761, 0.7143865 , 0.69089018, 0.674653  ,
  0.66277123, 0.65369881, 0.64654236]
lnMrq
[[  3.63361457e+01,  1.59329353e+01,  0.00000000e+00,  0.00000000e+00],
 [  3.28232428e+01,  1.43527876e+01,  0.00000000e+00,  0.00000000e+00],
 [  2.93110054e+01,  1.27737931e+01,  0.00000000e+00,  0.00000000e+00],
 [  2.58000786e+01,  1.11962755e+01,  0.00000000e+00,  0.00000000e+00],
 [  2.22917643e+01,  9.62079034e+00,  0.00000000e+00,  0.00000000e+00],
 [  1.87887138e+01,  8.04843234e+00,  0.00000000e+00,  0.00000000e+00],
 [  1.52963801e+01,  6.48164883e+00,  0.00000000e+00,  0.00000000e+00],
 [  1.18261620e+01,  4.92641618e+00,  0.00000000e+00,  0.00000000e+00],
 [  8.40315621e+00,  3.39781156e+00,  0.00000000e+00,  0.00000000e+00],
 [  5.09330866e+00,  1.93513881e+00,  0.00000000e+00,  0.00000000e+00],
 [  2.12203074e+00,  7.02878343e-01,  0.00000000e+00,  0.00000000e+00],
 [ -6.66133815e-18,  0.00000000e+00,  0.00000000e+00,  0.00000000e+00],
 [ -1.22800274e+00, -4.77447164e-01,  0.00000000e+00,  0.00000000e+00],
 [ -2.11220824e+00, -8.90258125e-01,  0.00000000e+00,  0.00000000e+00],
 [ -2.91240719e+00, -1.27639108e+00,  0.00000000e+00,  0.00000000e+00],
 [ -3.68885412e+00, -1.65073171e+00,  0.00000000e+00,  0.00000000e+00],
 [ -4.45638123e+00, -2.01927787e+00,  0.00000000e+00,  0.00000000e+00],
 [ -5.21963761e+00, -2.38452768e+00,  0.00000000e+00,  0.00000000e+00],
 [ -5.98045836e+00, -2.74762106e+00,  0.00000000e+00,  0.00000000e+00],
 [ -6.73972022e+00, -3.10914838e+00,  0.00000000e+00,  0.00000000e+00],
 [ -7.49790763e+00, -3.46945840e+00,  0.00000000e+00,  0.00000000e+00]]FSBCAlgorithm
logR
[-1.60943791,-0.91629073,-0.51082562,-0.22314355, 0.        ]
IndexZero
10
Tq
[-16.09934725,-14.67652516,-13.25396721,-11.83194526,-10.41101885,
  -8.99235493, -7.57842984, -6.17456224, -4.79103171, -3.41410542,
  -1.76168598,  0.        ,  1.33820135,  2.24873945,  2.91574677,
   3.47269675,  3.97821304,  4.45627451,  4.91771702,  5.36818163,
   5.81097705]
Dq
[ 1.46357702, 1.46765252, 1.47266302, 1.47899316, 1.48728841, 1.49872582,
  1.51568597, 1.54364056, 1.59701057, 1.70705271, 1.76168598, 1.58152776,
  1.33820135, 1.12436973, 0.97191559, 0.86817419, 0.79564261, 0.74271242,
  0.702531  , 0.6710227 , 0.64566412]
lnMrq
[[  3.76075139e+01,  3.49166059e+01,  3.38801529e+01,  3.36992359e+01,
    0.00000000e+00],
 [  3.40814078e+01,  3.13909147e+01,  3.03537923e+01,  3.01728754e+01,
    0.00000000e+00],
 [  3.05555625e+01,  2.78658931e+01,  2.68274319e+01,  2.66465149e+01,
    0.00000000e+00],
 [  2.70302520e+01,  2.43422104e+01,  2.33010720e+01,  2.31201544e+01,
    0.00000000e+00],
 [  2.35060524e+01,  2.08212021e+01,  1.97747169e+01,  1.95937945e+01,
    0.00000000e+00],
 [  1.99842044e+01,  1.73055316e+01,  1.62484019e+01,  1.60674391e+01,
    0.00000000e+00],
 [  1.64674713e+01,  1.38005392e+01,  1.27224281e+01,  1.25411225e+01,
    0.00000000e+00],
 [  1.29622893e+01,  1.03174489e+01,  9.19946238e+00,  9.01522059e+00,
    0.00000000e+00],
 [  9.48443972e+00,  6.88571580e+00,  5.70488309e+00,  5.49605129e+00,
    0.00000000e+00],
 [  6.07435634e+00,  3.63551797e+00,  2.47909539e+00,  2.12678041e+00,
    0.00000000e+00],
 [  2.83565851e+00,  1.17046093e+00,  5.69453586e-01,  2.29034132e-01,
    0.00000000e+00],
 [  0.00000000e+00,  0.00000000e+00,  0.00000000e+00,  0.00000000e+00,
    0.00000000e+00],
 [ -2.13315755e+00, -6.16177185e-01, -2.33177540e-01, -2.47853001e-02,
    0.00000000e+00],
 [ -3.57314280e+00, -1.06142135e+00, -3.75410130e-01, -3.74930597e-02,
    0.00000000e+00],
 [ -4.62110684e+00, -1.41372429e+00, -4.78724334e-01, -4.78324326e-02,
    0.00000000e+00],
 [ -5.49753157e+00, -1.70126245e+00, -5.60284777e-01, -5.69985940e-02,
    0.00000000e+00],
 [ -6.29786589e+00, -1.94085360e+00, -6.26995475e-01, -6.53596411e-02,
    0.00000000e+00],
 [ -7.05994080e+00, -2.14420490e+00, -6.82416656e-01, -7.30972955e-02,
    0.00000000e+00],
 [ -7.80006983e+00, -2.31989207e+00, -7.28896545e-01, -8.03295669e-02,
    0.00000000e+00],
 [ -8.52630301e+00, -2.47432521e+00, -7.68222005e-01, -8.71432453e-02,
    0.00000000e+00],
 [ -9.24312997e+00, -2.61233645e+00, -8.01827149e-01, -9.36050267e-02,
    0.00000000e+00]]

\SBAlgorithm
logR
[-1.38629436,-0.69314718,-0.28768207, 0.        ]
IndexZero
10
Tq
[-19.94241299,-18.0346635 ,-16.12565598,-14.21812329,-12.31609386,
 -10.42518637, -8.5529713 , -6.70963745, -4.9093212 , -3.17137822,
  -1.52110154,  0.        ,  1.31843847,  2.37083218,  3.18852229,
   3.86481189,  4.47122031,  5.04359581,  5.59812711,  6.14245391,
   6.68051804]
Dq
[ 1.81294664, 1.80346635, 1.79173955, 1.77726541, 1.75944198, 1.73753106,
  1.71059426, 1.67740936, 1.6364404 , 1.58568911, 1.52110154, 1.43428982,
  1.31843847, 1.18541609, 1.06284076, 0.96620297, 0.89424406, 0.8405993 ,
  0.79973244, 0.76780674, 0.74227978]
lnMrq
[[-11.64873951,-25.33195291,-35.32170603,-38.36438454],
 [-10.76110008,-23.27240781,-32.23286263,-34.91193701],
 [ -9.86263501,-21.20868855,-29.12790156,-31.45021774],
 [ -8.94896732,-19.13767891,-26.00309881,-27.97973708],
 [ -8.01442399,-17.05380734,-22.85472212,-24.50122259],
 [ -7.05198032,-14.94714947,-19.67945629,-21.01554074],
 [ -6.05329801,-12.80007473,-16.47482778,-17.52361777],
 [ -5.00864943,-10.58115331,-13.23948371,-14.02637213],
 [ -3.90616   , -8.2366994 , -9.97322915,-10.52466496],
 [ -2.7290191 , -5.6983028 , -6.67684373, -7.01926975],
 [ -1.44737602, -2.93773811, -3.35179837, -3.5108585 ],
 [  0.        ,  0.        ,  0.        ,  0.        ],
 [  1.72016554,  3.05254226,  3.37637697,  3.51283402],
 [  3.80330166,  6.18168601,  6.77498665,  7.02725844],
 [  6.20778258,  9.36930793, 10.19337833, 10.54296269],
 [  8.80637232, 12.60581772, 13.62906575, 14.05969867],
 [ 11.5012951 , 15.88414541, 17.07960698, 17.57726957],
 [ 14.24345866, 19.19779096, 20.54268541, 21.09552008],
 [ 17.01065431, 22.54059145, 24.01617797, 24.61432811],
 [ 19.79237744, 25.90695771, 27.49820062, 28.13359789],
 [ 22.58318443, 29.2920838 , 30.98712878, 31.65325442]]


 SandBox Genetic
logR
[-1.38629436,-0.69314718,-0.28768207, 0.        ]
IndexZero
10
Tq
[-18.39813126,-16.69764241,-14.98548037,-13.26194266,-11.52822682,
  -9.78706255, -8.04383954, -6.30869328, -4.6001468 , -2.9485969 ,
  -1.39555711,  0.        ,  1.16059405,  2.06075941,  2.77119939,
   3.37927615,  3.93646686,  4.46660431,  4.98073168,  5.48451549,
   5.98121372]
Dq
[ 1.67255739, 1.66976424, 1.66505337, 1.65774283, 1.64688955, 1.63117709,
  1.60876791, 1.57717332, 1.53338227, 1.47429845, 1.39555711, 1.29027414,
  1.16059405, 1.0303797 , 0.92373313, 0.84481904, 0.78729337, 0.74443405,
  0.7115331 , 0.68556444, 0.6645793 ]
lnMrq
[[-13.60726487,-22.65013655,-34.57437424,-38.08923189],
 [-12.49557249,-20.85589689,-31.62102354,-34.69151798],
 [-11.37878   ,-19.05991171,-28.64502377,-31.27690989],
 [-10.25475969,-17.26081654,-25.63985744,-27.84621154],
 [ -9.12045406,-15.4558977 ,-22.59848295,-24.40066562],
 [ -7.97147312,-13.63924474,-19.51419521,-20.94181251],
 [ -6.80151335,-11.79678678,-16.38176671,-17.47133978],
 [ -5.60142638, -9.89365979,-13.19850023,-13.99094849],
 [ -4.35734206, -7.85089223, -9.96473476,-10.50225181],
 [ -3.0459303 , -5.54406916, -6.68357681, -7.00671007],
 [ -1.6223475 , -2.90312777, -3.36003718, -3.50559853],
 [  0.        ,  0.        ,  0.        ,  0.        ],
 [  1.93836294,  3.05201311,  3.39061527,  3.50918602],
 [  4.23334344,  6.18642519,  6.80636349,  7.02122493],
 [  6.78968273,  9.37594401, 10.24249792, 10.53552471],
 [  9.4876451 , 12.6098704 , 13.69501337, 14.0516131 ],
 [ 12.25612817, 15.88279596, 17.16059868, 17.56911632],
 [ 15.06188913, 19.19054956, 20.63655429, 21.08774029],
 [ 17.8893749 , 22.52904193, 24.12070242, 24.60725468],
 [ 20.73058181, 25.89412315, 27.61130167, 28.12747965],
 [ 23.58094811, 29.28173813, 31.10697022, 31.64827512]]
fitNessAverage
[ 15.71678362, 16.01912117, 16.33524641, 16.55990536, 16.71122357,
  16.71431252, 16.47806282, 16.11155701, 15.9254208 , 15.92588208,
  15.9207646 , 16.13777063, 16.14171536, 16.14596335, 16.19390013,
  16.18267705, 16.2023732 , 16.37274589, 16.5228019 , 16.61950667,
  16.72092772, 16.80523947, 16.93360256, 16.99946727, 16.91234914,
  16.93760962, 16.64841069, 16.46117711, 16.2925648 , 16.13314468,
  15.92345519, 15.83731539, 15.80082039, 15.67945903, 15.66905277,
  15.65904659, 15.6347902 , 15.94207019, 16.02912549, 16.19484738,
  16.24716578]
fitNessMax
[ 17.32555272, 17.86582402, 18.34705075, 18.56299613, 18.56289841,
  18.56289841, 18.56289841, 18.22242647, 18.22242647, 18.22242647,
  17.91002115, 18.19902564, 18.19902564, 18.19902564, 18.31360294,
  18.31360294, 18.31875607, 18.61058463, 18.77224428, 19.23664057,
  19.23664057, 19.23664057, 19.23664057, 19.23664057, 19.23664057,
  19.23664057, 19.05611348, 18.80097425, 18.80097425, 18.80097425,
  18.80097425, 18.63955459, 18.63955459, 18.63955459, 18.69250787,
  18.69250787, 18.69250787, 18.69250787, 18.69250787, 18.69250787,
  18.69250787]
fitNessMin
[ 12.68845316, 12.68845316, 12.68845316, 12.68845316, 12.68845316,
  12.68845316, 12.79154519, 12.79154519, 12.28068237, 12.52927918,
  13.17955754, 13.17955754, 13.17955754, 13.02171662, 13.02171662,
  13.02171662, 13.02171662, 13.02171662, 13.02171662, 13.27316176,
  13.27316176, 13.27316176, 13.27316176, 12.48595662, 12.40705642,
  12.48595662, 12.48595662, 11.83846042, 11.83846042, 11.83846042,
  12.42678147, 12.42678147, 12.13004811, 12.81699442, 12.81699442,
  12.6969289 , 12.6969289 , 12.6969289 , 12.6969289 , 12.6969289 ,
  12.72608766]


 SandBox Simulated Annealing
logR
[-1.09861229,-0.40546511, 0.        ]
IndexZero
10
Tq
[-21.42908293,-19.44757779,-17.45980053,-15.46624971,-13.46916039,
 -11.47311286, -9.48482836, -7.51141782, -5.5577718 , -3.62924878,
  -1.75139402,  0.        ,  1.50170537,  2.67484763,  3.5774204 ,
   4.32488084,  4.99560919,  5.62783605,  6.23952067,  6.83979128,
   7.4336947 ]
Dq
[ 1.94809845, 1.94475778, 1.93997784, 1.93328121, 1.92416577, 1.91218548,
  1.89696567, 1.87785446, 1.8525906 , 1.81462439, 1.75139402, 1.64820756,
  1.50170537, 1.33742382, 1.19247347, 1.08122021, 0.99912184, 0.93797267,
  0.8913601 , 0.85497391, 0.82596608]
lnMrq
[[-10.56175906,-22.69780993,-34.62377593],
 [ -9.83934173,-20.901167  ,-31.66721588],
 [ -9.10261954,-19.10119646,-28.68652922],
 [ -8.34510652,-17.29552173,-25.67505779],
 [ -7.5580307 ,-15.47984091,-22.6259264 ],
 [ -6.73021256,-13.6459461 ,-19.5330264 ],
 [ -5.84848905,-11.77721051,-16.39213233],
 [ -4.89865447, -9.83889859,-13.20172012],
 [ -3.86594403, -7.76362239, -9.96311128],
 [ -2.73237826, -5.45503985, -6.67991196],
 [ -1.4661507 , -2.85359208, -3.35707488],
 [  0.        ,  0.        ,  0.        ],
 [  1.77495235,  3.01798288,  3.38608374],
 [  3.92592591,  6.13610587,  6.79643258],
 [  6.38418208,  9.32127781, 10.22689083],
 [  9.02474546, 12.55699374, 13.67388576],
 [ 11.76247255, 15.83336156, 17.13438157],
 [ 14.55451489, 19.14295442, 20.6058239 ],
 [ 17.37951868, 22.47950409, 24.08608481],
 [ 20.22571144, 25.83761836, 27.57341002],
 [ 23.08594629, 29.2127532 , 31.06636843]]


 BoxCounting Genetic
logR
[-1.60943791,-0.91629073,-0.51082562,-0.22314355, 0.        ]
IndexZero
10
Tq
[-16.00358531,-14.58069181,-13.15799007,-11.73567778,-10.31416262,
  -8.8942982 , -7.4779084 , -6.06896079, -4.67547742, -3.29261129,
  -1.6906049 ,  0.        ,  1.17011939,  1.93588646,  2.53058857,
   3.05179222,  3.53406708,  3.99236947,  4.43463859,  4.86569124,
   5.28867756]
Dq
[ 1.45487139, 1.45806918, 1.4619989 , 1.46695972, 1.4734518 , 1.48238303,
  1.49558168, 1.5172402 , 1.55849247, 1.64630564, 1.6906049 , 1.45698107,
  1.17011939, 0.96794323, 0.84352952, 0.76294806, 0.70681342, 0.66539491,
  0.6335198 , 0.60821141, 0.58763084]
lnMrq
[[  3.75359550e+01,  3.52837429e+01,  3.37939293e+01,  3.41549426e+01,
    0.00000000e+00],
 [  3.40098207e+01,  3.17577173e+01,  3.02675688e+01,  3.06285821e+01,
    0.00000000e+00],
 [  3.04839176e+01,  2.82320263e+01,  2.67412083e+01,  2.71022216e+01,
    0.00000000e+00],
 [  2.69584871e+01,  2.47070036e+01,  2.32148484e+01,  2.35758610e+01,
    0.00000000e+00],
 [  2.34340341e+01,  2.11833140e+01,  1.96884927e+01,  2.00495005e+01,
    0.00000000e+00],
 [  1.99116385e+01,  1.76622804e+01,  1.61621740e+01,  1.65231401e+01,
    0.00000000e+00],
 [  1.63936894e+01,  1.41465495e+01,  1.26361755e+01,  1.29967818e+01,
    0.00000000e+00],
 [  1.28857413e+01,  1.06417287e+01,  9.11304847e+00,  9.47049843e+00,
    0.00000000e+00],
 [  9.40165474e+00,  7.16387394e+00,  5.61766740e+00,  5.94672945e+00,
    0.00000000e+00],
 [  5.97957488e+00,  3.80629497e+00,  2.40086441e+00,  2.50389195e+00,
    0.00000000e+00],
 [  2.73631367e+00,  1.18172720e+00,  5.59615788e-01,  2.85178942e-01,
    0.00000000e+00],
 [  0.00000000e+00,  0.00000000e+00,  0.00000000e+00,  0.00000000e+00,
    0.00000000e+00],
 [ -1.84915402e+00, -6.11073000e-01, -2.38309884e-01, -1.90205802e-02,
    0.00000000e+00],
 [ -3.03787604e+00, -1.07794349e+00, -3.82816950e-01, -2.86682819e-02,
    0.00000000e+00],
 [ -3.95411214e+00, -1.46412434e+00, -4.87056140e-01, -3.78512211e-02,
    0.00000000e+00],
 [ -4.75970814e+00, -1.78958229e+00, -5.68834132e-01, -4.68374121e-02,
    0.00000000e+00],
 [ -5.51050826e+00, -2.06706177e+00, -6.35156229e-01, -5.56369756e-02,
    0.00000000e+00],
 [ -6.22962569e+00, -2.30617329e+00, -6.89625848e-01, -6.42524159e-02,
    0.00000000e+00],
 [ -6.92870696e+00, -2.51455286e+00, -7.34677008e-01, -7.26860491e-02,
    0.00000000e+00],
 [ -7.61444858e+00, -2.69839942e+00, -7.72209427e-01, -8.09402207e-02,
    0.00000000e+00],
 [ -8.29100048e+00, -2.86276152e+00, -8.03768863e-01, -8.90173095e-02,
    0.00000000e+00]]
fitNessAverage
[ 15.6106591 , 15.68375185, 15.70542069, 15.6755015 , 15.78334042,
  15.75858668, 15.74260301, 15.74880496, 15.65222097, 15.62036683,
  15.58582516, 15.61450922, 15.58230958, 15.51742526, 15.45057625,
  15.39272928, 15.37717692, 15.53455762, 15.61023034, 15.73422279,
  15.72547374, 15.79904922, 15.96477956, 16.02610652, 16.17514286,
  16.06742661, 16.06461513, 16.15629256, 16.17185723, 16.23777252,
  16.31259041, 16.37434303, 16.44250411, 16.34185775, 16.40787698,
  16.36759824, 16.24951727, 16.27936171, 16.21307503, 16.21179783,
  16.23081524]
fitNessMax
[ 16.91474333, 17.65086987, 17.65086987, 18.20235907, 18.88666989,
  18.88666989, 18.34601168, 18.48199597, 18.5844275 , 18.48199597,
  18.48199597, 18.15843621, 18.49632857, 18.49632857, 18.75636068,
  18.49632857, 18.49632857, 18.49632857, 18.49632857, 19.61183415,
  19.61183415, 19.61183415, 19.61183415, 19.10058548, 19.34483543,
  19.34483543, 19.34483543, 18.85813149, 19.29754194, 19.29754194,
  18.97367129, 19.38015589, 18.98923624, 18.98923624, 18.85813149,
  19.05149603, 19.42505478, 18.9437387 , 18.9437387 , 18.9437387 ,
  18.64022222]
fitNessMin
[ 13.78622878, 12.06341912, 13.39303888, 13.20944393, 13.20944393,
  13.22236903, 11.82816909, 13.22236903, 13.22236903, 13.22236903,
  13.22236903, 13.17679335, 13.39303888, 13.39303888, 12.45864601,
  12.45864601, 12.45864601, 12.45864601, 12.45864601, 12.2915195 ,
  12.2915195 , 11.99698279, 11.99698279, 11.99698279, 11.99698279,
  11.99698279, 12.6195807 , 13.0757534 , 13.16205193, 13.16205193,
  13.14160511, 12.8793956 , 12.8793956 , 12.37074908, 12.37074908,
  12.37074908, 12.37074908, 12.37074908, 12.1969784 , 12.1969784 ,
  12.1969784 ]


 BoxCounting Simulated Annealing
logR
[-1.60943791,-0.91629073,-0.51082562,-0.22314355, 0.        ]
IndexZero
10
Tq
[-16.00358531,-14.58069181,-13.15799007,-11.73567778,-10.31416262,
  -8.8942982 , -7.4779084 , -6.06896079, -4.67547742, -3.29261129,
  -1.6906049 ,  0.        ,  1.17011939,  1.93588646,  2.53058857,
   3.05179222,  3.53406708,  3.99236947,  4.43463859,  4.86569124,
   5.28867756]
Dq
[ 1.45487139, 1.45806918, 1.4619989 , 1.46695972, 1.4734518 , 1.48238303,
  1.49558168, 1.5172402 , 1.55849247, 1.64630564, 1.6906049 , 1.45698107,
  1.17011939, 0.96794323, 0.84352952, 0.76294806, 0.70681342, 0.66539491,
  0.6335198 , 0.60821141, 0.58763084]
lnMrq
[[  3.75359550e+01,  3.52837429e+01,  3.37939293e+01,  3.41549426e+01,
    0.00000000e+00],
 [  3.40098207e+01,  3.17577173e+01,  3.02675688e+01,  3.06285821e+01,
    0.00000000e+00],
 [  3.04839176e+01,  2.82320263e+01,  2.67412083e+01,  2.71022216e+01,
    0.00000000e+00],
 [  2.69584871e+01,  2.47070036e+01,  2.32148484e+01,  2.35758610e+01,
    0.00000000e+00],
 [  2.34340341e+01,  2.11833140e+01,  1.96884927e+01,  2.00495005e+01,
    0.00000000e+00],
 [  1.99116385e+01,  1.76622804e+01,  1.61621740e+01,  1.65231401e+01,
    0.00000000e+00],
 [  1.63936894e+01,  1.41465495e+01,  1.26361755e+01,  1.29967818e+01,
    0.00000000e+00],
 [  1.28857413e+01,  1.06417287e+01,  9.11304847e+00,  9.47049843e+00,
    0.00000000e+00],
 [  9.40165474e+00,  7.16387394e+00,  5.61766740e+00,  5.94672945e+00,
    0.00000000e+00],
 [  5.97957488e+00,  3.80629497e+00,  2.40086441e+00,  2.50389195e+00,
    0.00000000e+00],
 [  2.73631367e+00,  1.18172720e+00,  5.59615788e-01,  2.85178942e-01,
    0.00000000e+00],
 [  0.00000000e+00,  0.00000000e+00,  0.00000000e+00,  0.00000000e+00,
    0.00000000e+00],
 [ -1.84915402e+00, -6.11073000e-01, -2.38309884e-01, -1.90205802e-02,
    0.00000000e+00],
 [ -3.03787604e+00, -1.07794349e+00, -3.82816950e-01, -2.86682819e-02,
    0.00000000e+00],
 [ -3.95411214e+00, -1.46412434e+00, -4.87056140e-01, -3.78512211e-02,
    0.00000000e+00],
 [ -4.75970814e+00, -1.78958229e+00, -5.68834132e-01, -4.68374121e-02,
    0.00000000e+00],
 [ -5.51050826e+00, -2.06706177e+00, -6.35156229e-01, -5.56369756e-02,
    0.00000000e+00],
 [ -6.22962569e+00, -2.30617329e+00, -6.89625848e-01, -6.42524159e-02,
    0.00000000e+00],
 [ -6.92870696e+00, -2.51455286e+00, -7.34677008e-01, -7.26860491e-02,
    0.00000000e+00],
 [ -7.61444858e+00, -2.69839942e+00, -7.72209427e-01, -8.09402207e-02,
    0.00000000e+00],
 [ -8.29100048e+00, -2.86276152e+00, -8.03768863e-01, -8.90173095e-02,
    0.00000000e+00]]


Execution time

Box Counting	Box Counting Fixed	SandBox	Genetic SandBox	Simulated SandBox	Genetic BCFS	Simulated BCFS
[ 19.86131096, 41.69161701,  1.938241  , 11.4094789 ,  6.15536499,
   9.35960698,  7.02726197, 25.83126092,  6.87637615]