BCAlgorithm
logR
[-2.39789527,-1.70474809,-1.29928298,-1.01160091,-0.78845736,-0.6061358 ,
 -0.45198512,-0.31845373,-0.2006707 ,-0.09531018, 0.        ]
IndexZero
10
Tq
[ -3.36731751e+01, -3.05779912e+01, -2.74831850e+01, -2.43891508e+01,
  -2.12967123e+01, -1.82076287e+01, -1.51257718e+01, -1.20599921e+01,
  -9.03127315e+00, -6.08960503e+00, -3.30830760e+00, -7.09483111e-18,
   3.30562638e+00,  6.41025050e+00,  9.38731538e+00,  1.22765272e+01,
   1.51025419e+01,  1.78830235e+01,  2.06313107e+01,  2.33571925e+01,
   2.60675077e+01]
Dq
[ 3.06119773, 3.05779912, 3.05368723, 3.04864384, 3.04238747, 3.03460479,
  3.02515436, 3.01499802, 3.01042438, 3.04480251, 3.3083076 , 3.44020844,
  3.30562638, 3.20512525, 3.12910513, 3.0691318 , 3.02050838, 2.98050392,
  2.9473301 , 2.91964906, 2.89638975]
lnMrq
[[  8.69154987e+01,  8.57767677e+01,  8.49960273e+01,  8.44850228e+01,
    8.37348081e+01,  8.30988372e+01,  8.30986201e+01,  8.15941135e+01,
    0.00000000e+00,  0.00000000e+00,  0.00000000e+00],
 [  7.88262379e+01,  7.76872935e+01,  7.69066654e+01,  7.63954768e+01,
    7.56453544e+01,  7.50094001e+01,  7.50089656e+01,  7.35040346e+01,
    0.00000000e+00,  0.00000000e+00,  0.00000000e+00],
 [  7.07378307e+01,  6.95984594e+01,  6.88180559e+01,  6.83064888e+01,
    6.75565533e+01,  6.69206292e+01,  6.69197593e+01,  6.54139897e+01,
    0.00000000e+00,  0.00000000e+00,  0.00000000e+00],
 [  6.26511681e+01,  6.15109443e+01,  6.07309898e+01,  6.02186345e+01,
    5.94690796e+01,  5.88332066e+01,  5.88314627e+01,  5.73240463e+01,
    0.00000000e+00,  0.00000000e+00,  0.00000000e+00],
 [  5.45681081e+01,  5.34261902e+01,  5.26471315e+01,  5.21331085e+01,
    5.13843309e+01,  5.07485293e+01,  5.07450234e+01,  4.92344075e+01,
    0.00000000e+00,  0.00000000e+00,  0.00000000e+00],
 [  4.64925929e+01,  4.53473559e+01,  4.45700686e+01,  4.40524521e+01,
    4.33052649e+01,  4.26694976e+01,  4.26624053e+01,  4.11456816e+01,
    0.00000000e+00,  0.00000000e+00,  0.00000000e+00],
 [  3.84331647e+01,  3.72816875e+01,  3.65078019e+01,  3.59823199e+01,
    3.52383696e+01,  3.46022765e+01,  3.45877226e+01,  3.30596842e+01,
    0.00000000e+00,  0.00000000e+00,  0.00000000e+00],
 [  3.04086537e+01,  2.92469485e+01,  2.84789858e+01,  2.79363062e+01,
    2.71988127e+01,  2.65605616e+01,  2.65297111e+01,  2.49817837e+01,
    0.00000000e+00,  0.00000000e+00,  0.00000000e+00],
 [  2.24601552e+01,  2.12905160e+01,  2.05297573e+01,  1.99512547e+01,
    1.92261131e+01,  1.85776615e+01,  1.85074278e+01,  1.69274060e+01,
    0.00000000e+00,  0.00000000e+00,  0.00000000e+00],
 [  1.46690588e+01,  1.35461949e+01,  1.27869036e+01,  1.21445136e+01,
    1.14431983e+01,  1.07547592e+01,  1.05660599e+01,  8.93752522e+00,
    0.00000000e+00,  0.00000000e+00,  0.00000000e+00],
 [  7.15461536e+00,  6.33505425e+00,  5.66296048e+00,  4.99721227e+00,
    4.38202663e+00,  3.66356165e+00,  2.89037176e+00,  1.38629436e+00,
    0.00000000e+00,  0.00000000e+00,  0.00000000e+00],
 [  0.00000000e+00,  0.00000000e+00,  0.00000000e+00,  0.00000000e+00,
    0.00000000e+00,  0.00000000e+00, -1.11022302e-16,  0.00000000e+00,
    0.00000000e+00,  0.00000000e+00,  0.00000000e+00],
 [ -6.81919232e+00, -5.56571692e+00, -4.38277913e+00, -3.24215015e+00,
   -2.07804598e+00, -1.34262656e+00, -2.58955281e-02, -3.06691886e-03,
    0.00000000e+00,  0.00000000e+00,  0.00000000e+00],
 [ -1.33778164e+01, -1.06633101e+01, -8.22418729e+00, -6.02891542e+00,
   -3.68645667e+00, -2.36137192e+00, -3.88773691e-02, -4.60193287e-03,
    0.00000000e+00,  0.00000000e+00,  0.00000000e+00],
 [ -1.97312871e+01, -1.54903764e+01, -1.18206803e+01, -8.64727571e+00,
   -5.20080441e+00, -3.30766069e+00, -5.18365784e-02, -6.13591162e-03,
    0.00000000e+00,  0.00000000e+00,  0.00000000e+00],
 [ -2.59135438e+01, -2.01606274e+01, -1.52916882e+01, -1.11696811e+01,
   -6.68509138e+00, -4.22208977e+00, -6.47957232e-02, -7.66988952e-03,
    0.00000000e+00,  0.00000000e+00,  0.00000000e+00],
 [ -3.19535594e+01, -2.47397967e+01, -1.86944596e+01, -1.36277012e+01,
   -8.15518652e+00, -5.11766879e+00, -7.77548679e-02, -9.20386743e-03,
    0.00000000e+00,  0.00000000e+00,  0.00000000e+00],
 [ -3.78815542e+01, -2.92650682e+01, -2.20575946e+01, -1.60407515e+01,
   -9.61662624e+00, -6.00120658e+00, -9.07140125e-02, -1.07378453e-02,
    0.00000000e+00,  0.00000000e+00,  0.00000000e+00],
 [ -4.37264644e+01, -3.37572963e+01, -2.53960503e+01, -1.84226370e+01,
   -1.10718702e+01, -6.87699755e+00, -1.03673157e-01, -1.22718232e-02,
    0.00000000e+00,  0.00000000e+00,  0.00000000e+00],
 [ -4.95122486e+01, -3.82283362e+01, -2.87181968e+01, -2.07833331e+01,
   -1.25222108e+01, -7.74784116e+00, -1.16632302e-01, -1.38058011e-02,
    0.00000000e+00,  0.00000000e+00,  0.00000000e+00],
 [ -5.52566342e+01, -4.26851157e+01, -3.20290750e+01, -2.31298579e+01,
   -1.39684313e+01, -8.61555013e+00, -1.29591446e-01, -1.53397790e-02,
    0.00000000e+00,  0.00000000e+00,  0.00000000e+00]]FSBCAlgorithm
logR
[-2.48490665,-1.79175947,-1.38629436,-1.09861229,-0.87546874,-0.69314718,
 -0.5389965 ,-0.40546511,-0.28768207,-0.18232156,-0.08701138, 0.        ]
IndexZero
10
Tq
[ -3.20453633, -3.20472715, -3.20511501, -3.20590968, -3.20755727,
  -3.21103257, -3.21854442, -3.23532165, -3.27428851, -3.36684484,
  -2.96209157,  0.        ,  3.22026636,  6.24453507,  9.14501945,
  11.95653816, 14.69776145, 17.38017586, 20.01167303, 22.59834904,
  25.14553871]
Dq
[ 0.29132148, 0.32047272, 0.35612389, 0.40073871, 0.45822247, 0.5351721 ,
  0.64370888, 0.80883041, 1.0914295 , 1.68342242, 2.96209157, 3.3456923 ,
  3.22026636, 3.12226754, 3.04833982, 2.98913454, 2.93955229, 2.89669598,
  2.85881043, 2.82479363, 2.79394875]
lnMrq
[[  8.70289139e+01,  8.59388289e+01,  8.53505560e+01,  8.47733922e+01,
    8.43683561e+01,  8.37216419e+01,  8.32255234e+01,  8.26470263e+01,
    8.19644925e+01,  8.10411419e+01,  7.96589815e+01,  7.75956184e+01],
 [  7.89395957e+01,  7.78493606e+01,  7.72609890e+01,  7.66838430e+01,
    7.62787326e+01,  7.56320743e+01,  7.51359215e+01,  7.45574634e+01,
    7.38749119e+01,  7.29513762e+01,  7.15690535e+01,  6.95057089e+01],
 [  7.08510725e+01,  6.97605361e+01,  6.91719635e+01,  6.85948518e+01,
    6.81895907e+01,  6.75430456e+01,  6.70468238e+01,  6.64684446e+01,
    6.57858543e+01,  6.48619433e+01,  6.34792944e+01,  6.14159869e+01],
 [  6.27641740e+01,  6.16730329e+01,  6.10840475e+01,  6.05070003e+01,
    6.01014318e+01,  5.94551165e+01,  5.89587563e+01,  5.83805371e+01,
    5.76978577e+01,  5.67731811e+01,  5.53898751e+01,  5.33266429e+01],
 [  5.46806295e+01,  5.35882785e+01,  5.29984334e+01,  5.24215014e+01,
    5.20153001e+01,  5.13694541e+01,  5.08728164e+01,  5.02949226e+01,
    4.96120281e+01,  4.86857755e+01,  4.73011420e+01,  4.52380629e+01],
 [  4.66041049e+01,  4.55093619e+01,  4.49176899e+01,  4.43409396e+01,
    4.39334168e+01,  4.32885372e+01,  4.27913438e+01,  4.22141127e+01,
    4.15306660e+01,  4.06011276e+01,  3.92138012e+01,  3.71510355e+01],
 [  3.85425299e+01,  3.74432438e+01,  3.68475710e+01,  3.62710050e+01,
    3.58606644e+01,  3.52177932e+01,  3.47194933e+01,  3.41435962e+01,
    3.34586310e+01,  3.25221243e+01,  3.11293084e+01,  2.90671875e+01],
 [  3.05133551e+01,  2.94065883e+01,  2.88017879e+01,  2.82248937e+01,
    2.78083559e+01,  2.71696818e+01,  2.66691996e+01,  2.60958422e+01,
    2.54063858e+01,  2.44547864e+01,  2.30507211e+01,  2.09899282e+01],
 [  2.25547093e+01,  2.14427873e+01,  2.08164569e+01,  2.02360243e+01,
    1.98051689e+01,  1.91751073e+01,  1.86703068e+01,  1.81006609e+01,
    1.73969446e+01,  1.64119060e+01,  1.49847037e+01,  1.29266332e+01],
 [  1.47430503e+01,  1.36739315e+01,  1.30039250e+01,  1.24051882e+01,
    1.19380470e+01,  1.13231411e+01,  1.08079850e+01,  1.02344615e+01,
    9.48245925e+00,  8.42205892e+00,  6.94811078e+00,  4.90230685e+00],
 [  7.19487764e+00,  6.40706674e+00,  5.77600983e+00,  5.16875767e+00,
    4.62393974e+00,  4.01816969e+00,  3.44825812e+00,  2.79383313e+00,
    1.95115389e+00,  1.01335513e+00,  3.10923078e-01,  4.66273060e-02],
 [  0.00000000e+00,  0.00000000e+00,  0.00000000e+00,  0.00000000e+00,
    0.00000000e+00,  0.00000000e+00,  0.00000000e+00,  0.00000000e+00,
    0.00000000e+00,  0.00000000e+00,  0.00000000e+00,  0.00000000e+00],
 [ -6.85968095e+00, -5.66154786e+00, -4.49123125e+00, -3.29079812e+00,
   -2.10575807e+00, -1.04317508e+00, -3.55280491e-01, -8.52413879e-02,
   -1.72563888e-02, -3.32445295e-03, -5.81617559e-04, -7.41917860e-05],
 [ -1.34667135e+01, -1.08967097e+01, -8.42537883e+00, -5.96927896e+00,
   -3.62303236e+00, -1.67188298e+00, -5.40282850e-01, -1.27583944e-01,
   -2.58127960e-02, -4.97990356e-03, -8.72107574e-04, -1.11275677e-04],
 [ -1.98902444e+01, -1.58772775e+01, -1.20752379e+01, -8.36925406e+00,
   -4.91065020e+00, -2.18220933e+00, -6.92563182e-01, -1.63999819e-01,
   -3.33822775e-02, -6.46382043e-03, -1.13608517e-03, -1.47369459e-04],
 [ -2.61711716e+01, -2.06803909e+01, -1.55380260e+01, -1.05928010e+01,
   -6.06288911e+00, -2.63099524e+00, -8.28425352e-01, -1.97375725e-01,
   -4.04448063e-02, -7.86045172e-03, -1.38671626e-03, -1.82964390e-04],
 [ -3.23326008e+01, -2.53473314e+01, -1.88620740e+01, -1.26887426e+01,
   -7.12152978e+00, -3.03934886e+00, -9.53314993e-01, -2.28661076e-01,
   -4.71607590e-02, -9.19818781e-03, -1.62782708e-03, -2.18091904e-04],
 [ -3.83881810e+01, -2.99045267e+01, -2.20768788e+01, -1.46859690e+01,
   -8.10980484e+00, -3.41783825e+00, -1.06995203e+00, -2.58337619e-01,
   -5.36112353e-02, -1.04913083e-02, -1.86133339e-03, -2.52767774e-04],
 [ -4.43468247e+01, -3.43710422e+01, -2.52026496e+01, -1.66036180e+01,
   -9.04227649e+00, -3.77275386e+00, -1.17999147e+00, -2.86702715e-01,
   -5.98460534e-02, -1.17485323e-02, -2.08853159e-03, -2.87006712e-04],
 [ -5.02157294e+01, -3.87616861e+01, -2.82543552e+01, -1.84554069e+01,
   -9.92876733e+00, -4.10827991e+00, -1.28455710e+00, -3.13960724e-01,
   -6.58992942e-02, -1.29757897e-02, -2.31040821e-03, -3.20822901e-04],
 [ -5.60023838e+01, -4.30885124e+01, -3.12437775e+01, -2.02518703e+01,
   -1.07762791e+01, -4.42741608e+00, -1.38446516e+00, -3.40261825e-01,
   -7.17958754e-02, -1.41773869e-02, -2.52774232e-03, -3.54230026e-04]]

\SBAlgorithm
logR
[-2.48490665,-1.79175947,-1.38629436,-1.09861229,-0.87546874,-0.69314718,
 -0.5389965 ,-0.40546511,-0.28768207,-0.18232156,-0.08701138, 0.        ]
IndexZero
10
Tq
[-36.69499886,-33.34717215,-29.99169435,-26.62758127,-23.25824759,
 -19.89061622,-16.52957341,-13.16859805, -9.80805424, -6.45355814,
  -3.14955473,  0.        ,  3.0073528 ,  5.91056673,  8.73344237,
  11.49029302, 14.19023879, 16.83951241, 19.4428145 , 22.00430138,
  24.52831113]
Dq
[ 3.33590899, 3.33471722, 3.33241048, 3.32844766, 3.3226068 , 3.3151027 ,
  3.30591468, 3.29214951, 3.26935141, 3.22677907, 3.14955473, 3.0709865 ,
  3.0073528 , 2.95528336, 2.91114746, 2.87257325, 2.83804776, 2.8065854 ,
  2.77754493, 2.75053767, 2.7253679 ]
lnMrq
[[ -9.88282546,-16.44568327,-21.51628697,-26.24163719,-32.18321548,
  -42.32519428,-54.45036802,-66.93049153,-79.31557284,-87.67549435,
  -88.9838917 ,-88.9906238 ],
 [ -9.1783304 ,-15.31899188,-20.08213817,-24.49745032,-29.93064239,
  -39.15696824,-50.17950845,-61.52250324,-72.75790198,-80.0434397 ,
  -80.89507754,-80.90057025],
 [ -8.46775695,-14.1814371 ,-18.63461348,-22.74351083,-27.67443566,
  -35.9865717 ,-45.90665733,-56.11215102,-66.17840943,-72.3082284 ,
  -72.8060446 ,-72.81051601],
 [ -7.74768892,-13.02824272,-17.16913283,-20.9754228 ,-25.41266631,
  -32.81278552,-41.63080559,-50.69841236,-59.56016786,-64.4531775 ,
  -64.71683808,-64.72046109],
 [ -7.01267732,-11.85201886,-15.67879187,-19.18626846,-23.14195437,
  -29.63345231,-37.35019876,-45.2792597 ,-52.88285068,-56.49640753,
  -56.62749381,-56.63040552],
 [ -6.25401387,-10.64081112,-14.15242822,-17.36467543,-20.85603176,
  -26.44441816,-33.06142162,-39.84936809,-46.12419877,-48.47405044,
  -48.53804017,-48.54034931],
 [ -5.4579342 , -9.37419088,-12.57006203,-15.49059214,-18.54234136,
  -23.23676176,-28.75672938,-34.39001176,-39.21243973,-40.41666492,
  -40.4484996 ,-40.4502925 ],
 [ -4.603485  , -8.01533724,-10.89048975,-13.52388457,-16.17222729,
  -19.98817444,-24.4139631 ,-28.827124  ,-31.92226491,-32.34242508,
  -32.35888989,-32.3602351 ],
 [ -3.66140799, -6.49722422, -9.01553633,-11.36298319,-13.66079971,
  -16.6247798 ,-19.93696939,-22.88773858,-24.14644596,-24.26044686,
  -24.26922507,-24.27017714],
 [ -2.59719676, -4.71284754, -6.71806248, -8.68459823,-10.63476014,
  -12.74902516,-14.73779462,-15.87172316,-16.14027397,-16.17495891,
  -16.17951626,-16.18011862],
 [ -1.38102203, -2.55330544, -3.70549282, -4.86783175, -6.01634003,
   -7.04946273, -7.74296977, -8.01380217, -8.07656529, -8.08786105,
   -8.08977225, -8.09005957],
 [  0.        ,  0.        ,  0.        ,  0.        ,  0.        ,
    0.        ,  0.        ,  0.        ,  0.        ,  0.        ,
    0.        ,  0.        ],
 [  1.53863513,  2.86826719,  4.14014821,  5.36910259,  6.49728388,
    7.3771541 ,  7.8665943 ,  8.03917016,  8.08013028,  8.08824424,
    8.08979499,  8.09006006],
 [  3.21630697,  5.96237274,  8.54389105, 11.0015948 , 13.21319565,
   14.88080884, 15.77494599, 16.08681334, 16.16167707, 16.17669749,
   16.17960836, 16.18012061],
 [  5.01383143,  9.22408059, 13.13078393, 16.80917916, 20.06676261,
   22.45835413, 23.70655351, 24.13902479, 24.24399292, 24.26527689,
   24.26943665, 24.27018162],
 [  6.91667737, 12.61921311, 17.85856576, 22.74790758, 27.01985515,
   30.08650547, 31.65380944, 32.1942793 , 32.32681385, 32.35394068,
   32.35927714, 32.36024308],
 [  8.91555141, 16.12584615, 22.70083864, 28.79094234, 34.05034686,
   37.75238835, 39.61260043, 40.25178611, 40.41000416, 40.44266608,
   40.44912764, 40.45030498],
 [ 11.0051038 , 19.7278945 , 27.63888305, 34.91979702, 41.14370744,
   45.44798707, 47.58037215, 48.31106648, 48.49348292, 48.5314395 ,
   48.53898644, 48.5403673 ],
 [ 13.18202614, 23.41224275, 32.65823308, 41.12077042, 48.28962917,
   53.16788813, 55.55540181, 56.37180125, 56.57719695, 56.62025208,
   56.62885215, 56.63043002],
 [ 15.44287373, 27.16745024, 37.74693278, 47.38312071, 55.48044733,
   60.90820411, 63.53646083, 64.43376307, 64.6611088 , 64.70909757,
   64.71872369, 64.72049315],
 [ 17.78212801, 30.98316247, 42.89457152, 53.69796842, 62.71026678,
   68.6660091 , 71.52263656, 72.49678202, 72.74519076, 72.79797131,
   72.80860017, 72.81055665]]


 SandBox Genetic
logR
[-2.30258509,-1.60943791,-1.2039728 ,-0.91629073,-0.69314718,-0.51082562,
 -0.35667494,-0.22314355,-0.10536052, 0.        ]
IndexZero
10
Tq
[-22.83365967,-21.03780453,-19.22453379,-17.39190311,-15.54558356,
 -13.69170477,-11.81954947, -9.87986727, -7.81568687, -5.48420106,
  -2.7970332 ,  0.        ,  2.51618076,  3.0643467 ,  3.03064763,
   2.97460294,  2.92563828,  2.88437053,  2.84838442,  2.81599944,
   2.7863863 ]
Dq
[ 2.07578724, 2.10378045, 2.13605931, 2.17398789, 2.22079765, 2.2819508 ,
  2.36390989, 2.46996682, 2.60522896, 2.74210053, 2.7970332 , 2.78833529,
  2.51618076, 1.53217335, 1.01021588, 0.74365073, 0.58512766, 0.48072842,
  0.40691206, 0.35199993, 0.30959848]
lnMrq
[[-28.74735447,-31.70136314,-34.42147248,-36.91835294,-39.40169854,
  -44.67342704,-53.55206808,-64.57148516,-76.98269985,-87.2458601 ],
 [-26.18153351,-29.0170017 ,-31.66917547,-34.10365384,-36.49648804,
  -41.30534975,-49.37760124,-59.39530436,-70.678083  ,-79.78655992],
 [-23.60825273,-26.31431451,-28.89876391,-31.26782709,-33.58261506,
  -37.93636179,-45.20299414,-54.21906032,-64.37308346,-72.17693997],
 [-21.02688734,-23.58912992,-26.10481841,-28.40644687,-30.65480164,
  -34.56537424,-41.02799617,-49.04262162,-58.06654306,-64.39840629],
 [-18.4367857 ,-20.83605424,-23.27901669,-25.51318223,-27.70437146,
  -31.18993439,-36.85189649,-43.86557148,-51.75285352,-56.48096147],
 [-15.83727448,-18.04814153,-20.40797084,-22.57781703,-24.7168712 ,
  -27.80437015,-32.67262886,-38.68650764,-45.40319409,-48.47596534],
 [-13.22766506,-15.21659638,-17.4693935 ,-19.58126967,-21.66756166,
  -24.39502095,-28.48390702,-33.4998259 ,-38.88333988,-40.42482182],
 [-10.6072606 ,-12.33068102,-14.42608529,-16.48179324,-18.51052485,
  -20.92659854,-24.26448735,-28.27185896,-31.83697114,-32.35163435],
 [ -7.9753636 , -9.37811045,-11.22000728,-13.1771002 ,-15.13764074,
  -17.29111507,-19.9157383 ,-22.71959788,-24.13649587,-24.26838366],
 [ -5.33128315, -6.34622642, -7.77743249, -9.44275893,-11.20554241,
  -13.02662014,-14.77223095,-15.86074514,-16.14308391,-16.18060503],
 [ -2.67432437, -3.22391861, -4.04018888, -5.03276349, -6.0953153 ,
   -7.08000627, -7.75066389, -8.01615046, -8.07912839, -8.09077745],
 [  0.        ,  0.        ,  0.        ,  0.        ,  0.        ,
    0.        ,  0.        ,  0.        ,  0.        ,  0.        ],
 [  3.30534198,  3.69454792,  4.44853052,  5.47003011,  6.53056304,
    7.39011722,  7.87311406,  8.04298311,  8.08312746,  8.09123891],
 [ 10.63682215, 10.65200602, 10.77792071, 11.57191562, 13.31032864,
   14.90585301, 15.78699995, 16.09453951, 16.16778419, 16.18271935],
 [ 18.724624  , 18.72526607, 18.73008106, 18.87555624, 20.32762632,
   22.4975847 , 23.72350701, 24.15057615, 24.25325736, 24.27433958],
 [ 26.81760401, 26.8182171 , 26.81839824, 26.83728597, 27.64298757,
   30.14383751, 31.67534   , 32.20955028, 32.33926042, 32.36605034],
 [ 34.91060805, 34.9113715 , 34.91137892, 34.91390429, 35.28141807,
   37.83322181, 39.63857313, 40.27068618, 40.42564531, 40.45782608],
 [ 43.00361228, 43.00452817, 43.0045285 , 43.00489293, 43.15889727,
   45.55923141, 47.61076176, 48.33352281, 48.51232349, 48.54965224],
 [ 51.09661657, 51.09768487, 51.09768488, 51.09774145, 51.16133195,
   53.31808138, 55.5902481 , 56.39775539, 56.59923717, 56.64151967],
 [ 59.18962094, 59.19084156, 59.19084156, 59.19085092, 59.21760422,
   61.10759003, 63.57584217, 64.4631675 , 64.68634626, 64.73342206],
 [ 67.28262537, 67.28399826, 67.28399826, 67.2839999 , 67.29559901,
   68.92649437, 71.56665375, 72.52959749, 72.77362164, 72.8253547 ]]
fitNessAverage
[ 15.47892207, 15.46573576, 15.45579833, 15.4526425 , 15.44747097,
  15.44203737, 15.43767748, 15.43518116, 15.43468264, 15.43087366,
  15.42872123, 15.42926726, 15.43042374, 15.42949277, 15.4295054 ,
  15.43301329, 15.43249813, 15.43581947, 15.43670468, 15.43900948,
  15.4432666 , 15.44227912, 15.44189235]
fitNessMax
[ 15.54433495, 15.56653895, 15.54433495, 15.55541098, 15.55200464,
  15.55200464, 15.5403281 , 15.5403281 , 15.5403281 , 15.5294003 ,
  15.5294003 , 15.5294003 , 15.5294003 , 15.50974184, 15.49790797,
  15.52624733, 15.52624733, 15.52624733, 15.52624733, 15.52581376,
  15.5117702 , 15.56458388, 15.56458388]
fitNessMin
[ 15.40729923, 15.30454064, 15.30454064, 15.31758307, 15.34239801,
  15.29609545, 15.29609545, 15.32356653, 15.32356653, 15.32356653,
  15.32356653, 15.32356653, 15.35310824, 15.3339235 , 15.3339235 ,
  15.34148259, 15.34064882, 15.34064882, 15.35148829, 15.35148829,
  15.35969929, 15.34202194, 15.356597  ]


 SandBox Simulated Annealing
logR
[-2.39789527,-1.70474809,-1.29928298,-1.01160091,-0.78845736,-0.6061358 ,
 -0.45198512,-0.31845373,-0.2006707 ,-0.09531018, 0.        ]
IndexZero
10
Tq
[-25.58372669,-23.42595093,-21.25638625,-19.07357404,-16.88223328,
 -14.6882444 ,-12.48598117,-10.24233057, -7.92175377, -5.43887151,
  -2.74015861,  0.        ,  2.46865128,  3.08523349,  3.09801433,
   3.07187436,  3.04430886,  3.01904892,  2.99594881,  2.97464231,
   2.95489874]
Dq
[ 2.32579334, 2.34259509, 2.36182069, 2.38419675, 2.41174761, 2.44804073,
  2.49719623, 2.56058264, 2.64058459, 2.71943575, 2.74015861, 2.71760506,
  2.46865128, 1.54261675, 1.03267144, 0.76796859, 0.60886177, 0.50317482,
  0.42799269, 0.37183029, 0.32832208]
lnMrq
[[-28.73460618,-31.65174996,-34.37623613,-36.74221388,-39.27154776,
  -44.61261865,-53.49687186,-64.51671487,-76.9278097 ,-87.19894987,
  -89.01560729],
 [-26.17077139,-28.96688721,-31.64305675,-33.94136423,-36.34898543,
  -41.24106057,-49.32191765,-59.34042489,-70.62297646,-79.74743579,
  -80.92416335],
 [-23.59938591,-26.26483645,-28.88891967,-31.12447248,-33.4159608 ,
  -37.86670795,-45.14637018,-54.16393408,-64.3175463 ,-72.14856883,
  -72.83241255],
 [-21.01979734,-23.54166786,-26.10705372,-28.28713858,-30.46880678,
  -34.48759959,-40.96958085,-48.98694497,-58.01019478,-64.38082537,
  -64.74041828],
 [-18.43132617,-20.79217482,-23.28768933,-25.42249867,-27.50211193,
  -31.1002542 ,-36.7901389 ,-43.80869286,-51.69520691,-56.47136076,
  -56.6482308 ],
 [-15.83327181,-18.00947159,-20.41634023,-22.51878919,-24.50714643,
  -27.69828036,-32.60486175,-38.62710142,-45.34474234,-48.47110212,
  -48.55588997],
 [-13.22491951,-15.18460186,-17.47089605,-19.553404  ,-21.46783333,
  -24.26920647,-28.40611925,-33.43553496,-38.83112847,-40.42244952,
  -40.46342732],
 [-10.60554786,-12.30635761,-14.41698136,-16.47747934,-18.34828445,
  -20.78529487,-24.17297858,-28.20077988,-31.80788602,-32.35050673,
  -32.37086783],
 [ -7.9744361 , -9.3616603 ,-11.20266466,-13.1785411 ,-15.04264946,
  -17.16169946,-19.81875236,-22.65891388,-24.12785829,-24.26786952,
  -24.27823127],
 [ -5.33087048, -6.33688193, -7.76039471, -9.43381955,-11.17503973,
  -12.96805256,-14.72637154,-15.84629051,-16.14126552,-16.18039241,
  -16.18553329],
 [ -2.67413333, -3.22008609, -4.03128403, -5.02306327, -6.08518759,
   -7.07035622, -7.74529217, -8.01467925, -8.07884769, -8.09071083,
   -8.09278627],
 [  0.        ,  0.        ,  0.        ,  0.        ,  0.        ,
    0.        ,  0.        ,  0.        ,  0.        ,  0.        ,  0.        ],
 [  3.26989724,  3.66940125,  4.43383557,  5.46149066,  6.52518474,
    7.38593788,  7.87029476,  8.04213267,  8.08308113,  8.09121378,
    8.09281775],
 [ 10.55836961, 10.57475576, 10.70964009, 11.53878765, 13.30131245,
   14.90045069, 15.7826851 , 16.09282653, 16.16770058, 16.18269105,
   16.18566085],
 [ 18.64571478, 18.64643713, 18.65164933, 18.8077255 , 20.31032429,
   22.49189016, 23.71861108, 24.14808965, 24.25310758, 24.27431957,
   24.27852442],
 [ 26.73867092, 26.73937149, 26.73956903, 26.76000484, 27.60917185,
   30.13790599, 31.67034927, 32.20642081, 32.33901835, 32.36604418,
   32.3714046 ],
 [ 34.83165315, 34.8325257 , 34.83253387, 34.83527651, 35.22837108,
   37.82684132, 39.63370784, 40.26704304, 40.42529357, 40.45783593,
   40.46429834],
 [ 42.92463557, 42.92568237, 42.92568274, 42.92607914, 43.09230337,
   45.55207904, 47.60609893, 48.32948032, 48.51185191, 48.54967831,
   48.5572032 ],
 [ 51.01761807, 51.01883907, 51.01883908, 51.01890055, 51.08779413,
   53.30972738, 55.58579261, 56.39341028, 56.59864051, 56.64156101,
   56.65011725],
 [ 59.11060064, 59.11199576, 59.11199576, 59.11200589, 59.14098302,
   61.09748178, 63.5715651 , 64.45859999, 64.68562247, 64.73347708,
   64.74303894],
 [ 67.20358329, 67.20515246, 67.20515246, 67.20515422, 67.21767519,
   68.91396504, 71.56251255, 72.52487347, 72.77277073, 72.8254215 ,
   72.83596705]]


 BoxCounting Genetic
logR
[-2.56494936,-1.87180218,-1.46633707,-1.178655  ,-0.95551145,-0.77318989,
 -0.61903921,-0.48550782,-0.36772478,-0.26236426,-0.16705408,-0.08004271,
  0.        ]
IndexZero
10
Tq
[-12.69199066,-11.73699736,-10.78226417, -9.82806549, -8.87497998,
  -7.92425825, -6.97869616, -6.04481995, -5.13859833, -4.29941305,
  -3.08030114,  0.        ,  3.11001184,  6.01167831,  8.78599853,
  11.46802423, 14.07572708, 16.62001651, 19.10883712, 21.54912115,
  23.94762153]
Dq
[ 1.15381733, 1.17369974, 1.19802935, 1.22850819, 1.26785428, 1.32070971,
  1.39573923, 1.51120499, 1.71286611, 2.14970652, 3.08030114, 3.2583622 ,
  3.11001184, 3.00583916, 2.92866618, 2.86700606, 2.81514542, 2.77000275,
  2.72983387, 2.69364014, 2.66084684]
lnMrq
[[  8.70218851e+01,  8.59290221e+01,  8.53417922e+01,  8.47801733e+01,
    8.43851228e+01,  8.37573743e+01,  8.31694826e+01,  8.26472005e+01,
    8.19662340e+01,  8.09874494e+01,  7.94313675e+01,  7.76820820e+01,
    0.00000000e+00],
 [  7.89325596e+01,  7.78395716e+01,  7.72522414e+01,  7.66906254e+01,
    7.62954980e+01,  7.56678048e+01,  7.50799233e+01,  7.45576374e+01,
    7.38767067e+01,  7.28976677e+01,  7.13413581e+01,  6.95919862e+01,
    0.00000000e+00],
 [  7.08440217e+01,  6.97507824e+01,  6.91632483e+01,  6.86016367e+01,
    6.82063533e+01,  6.75787719e+01,  6.69909117e+01,  6.64686186e+01,
    6.57877539e+01,  6.48082004e+01,  6.32514365e+01,  6.15018904e+01,
    0.00000000e+00],
 [  6.27570936e+01,  6.16633492e+01,  6.10753969e+01,  6.05137895e+01,
    6.01181883e+01,  5.94908335e+01,  5.89030180e+01,  5.83807112e+01,
    5.76999615e+01,  5.67193627e+01,  5.51616935e+01,  5.34117947e+01,
    0.00000000e+00],
 [  5.46734895e+01,  5.35787324e+01,  5.29899119e+01,  5.24282973e+01,
    5.20320420e+01,  5.14051495e+01,  5.08174302e+01,  5.02950977e+01,
    4.96145240e+01,  4.86317850e+01,  4.70723161e+01,  4.53216989e+01,
    0.00000000e+00],
 [  4.65968460e+01,  4.55000822e+01,  4.49094248e+01,  4.43477424e+01,
    4.39501217e+01,  4.33241790e+01,  4.27366726e+01,  4.22142897e+01,
    4.15338936e+01,  4.05467283e+01,  3.89836954e+01,  3.72316031e+01,
    0.00000000e+00],
 [  3.85350415e+01,  3.74344662e+01,  3.68398117e+01,  3.62778012e+01,
    3.58772692e+01,  3.52532894e+01,  3.46662689e+01,  3.41437694e+01,
    3.34631550e+01,  3.24667092e+01,  3.08966657e+01,  2.91415073e+01,
    0.00000000e+00],
 [  3.05054602e+01,  2.93987049e+01,  2.87950085e+01,  2.82316117e+01,
    2.78246650e+01,  2.72047361e+01,  2.66188424e+01,  2.60959510e+01,
    2.54129646e+01,  2.43967377e+01,  2.28130741e+01,  2.10514115e+01,
    0.00000000e+00],
 [  2.25462650e+01,  2.14363094e+01,  2.08114776e+01,  2.02423658e+01,
    1.98205265e+01,  1.92086489e+01,  1.86251992e+01,  1.81003127e+01,
    1.74058774e+01,  1.63468612e+01,  1.47374997e+01,  1.29613181e+01,
    0.00000000e+00],
 [  1.47345160e+01,  1.36691049e+01,  1.30016332e+01,  1.24100030e+01,
    1.19502277e+01,  1.13509602e+01,  1.07699459e+01,  1.02316033e+01,
    9.49008661e+00,  8.33921367e+00,  6.68749645e+00,  4.87885484e+00,
    0.00000000e+00],
 [  7.18855623e+00,  6.40360731e+00,  5.77473786e+00,  5.16934699e+00,
    4.62595273e+00,  4.02320653e+00,  3.41114771e+00,  2.77695418e+00,
    1.93730177e+00,  9.47789399e-01,  2.54642218e-01,  3.92207132e-02,
    0.00000000e+00],
 [  0.00000000e+00,  0.00000000e+00,  0.00000000e+00,  0.00000000e+00,
    0.00000000e+00,  0.00000000e+00,  0.00000000e+00,  0.00000000e+00,
    0.00000000e+00,  0.00000000e+00,  0.00000000e+00,  0.00000000e+00,
    0.00000000e+00],
 [ -6.85013048e+00, -5.65333787e+00, -4.47707063e+00, -3.29013898e+00,
   -2.08620351e+00, -1.00449573e+00, -3.18425107e-01, -7.41693124e-02,
   -2.17131027e-02, -3.94184406e-03, -4.21914966e-04, -2.45176136e-05,
    0.00000000e+00],
 [ -1.34462517e+01, -1.08765171e+01, -8.38647715e+00, -5.96149894e+00,
   -3.58141758e+00, -1.60473515e+00, -4.82582726e-01, -1.11631589e-01,
   -3.21918705e-02, -5.89144495e-03, -6.32647080e-04, -3.67766458e-05,
    0.00000000e+00],
 [ -1.98579231e+01, -1.58427220e+01, -1.20015793e+01, -8.33556603e+00,
   -4.82535042e+00, -2.08830600e+00, -6.23508156e-01, -1.43280035e-01,
   -4.04598526e-02, -7.74099098e-03, -8.42205472e-04, -4.90283142e-05,
    0.00000000e+00],
 [ -2.61251016e+01, -2.06306698e+01, -1.54167487e+01, -1.05017715e+01,
   -5.90516868e+00, -2.50839368e+00, -7.52911828e-01, -1.71920236e-01,
   -4.76043549e-02, -9.53455799e-03, -1.05110325e-03, -6.12763757e-05,
    0.00000000e+00],
 [ -3.22692580e+01, -2.52830919e+01, -1.86750534e+01, -1.25002923e+01,
   -6.86534494e+00, -2.88537243e+00, -8.73826368e-01, -1.98694540e-01,
   -5.40139492e-02, -1.12760991e-02, -1.25934507e-03, -7.35208322e-05,
    0.00000000e+00],
 [ -3.83023256e+01, -2.98268757e+01, -2.18003031e+01, -1.43607886e+01,
   -7.73566648e+00, -3.23015637e+00, -9.87701461e-01, -2.24185591e-01,
   -5.98904519e-02, -1.29678913e-02, -1.46693367e-03, -8.57616850e-05,
    0.00000000e+00],
 [ -4.42321534e+01, -3.42800126e+01, -2.48100901e+01, -1.61129383e+01,
   -8.53795200e+00, -3.54960811e+00, -1.09549291e+00, -2.48725691e-01,
   -6.53643252e-02, -1.46120529e-02, -1.67387175e-03, -9.79989350e-05,
    0.00000000e+00],
 [ -5.00662093e+01, -3.86548638e+01, -2.77222236e+01, -1.77855910e+01,
   -9.28862974e+00, -3.84840050e+00, -1.19792845e+00, -2.72520210e-01,
   -7.05283639e-02, -1.62106104e-02, -1.88016202e-03, -1.10232583e-04,
    0.00000000e+00],
 [ -5.58137599e+01, -4.29604401e+01, -3.05560994e+01, -1.94031588e+01,
   -1.00001851e+01, -4.12986945e+00, -1.29559877e+00, -2.95703813e-01,
   -7.54509834e-02, -1.77655049e-02, -2.08580717e-03, -1.22462631e-04,
    0.00000000e+00]]
fitNessAverage
[ 12.96189694, 12.9654766 , 12.96618055, 12.96968712, 12.97772481,
  12.98335156, 12.9860823 , 12.99637334, 13.0005831 , 13.00493965,
  13.00533194, 13.01010631, 13.01338028, 13.0079869 , 13.00549395,
  13.00405331, 13.00888853, 13.0062291 , 13.0067554 , 13.01114536,
  13.01079387, 13.01245873, 13.01190018, 13.01304073, 13.00863405,
  13.00344109, 13.00502694, 13.00991217, 13.01081284]
fitNessMax
[ 13.02429056, 13.04412682, 13.04376781, 13.09078264, 13.09131517,
  13.09131517, 13.09131517, 13.14450415, 13.12329316, 13.12112762,
  13.12112762, 13.1314749 , 13.13273699, 13.1314749 , 13.1314749 ,
  13.1314749 , 13.1074832 , 13.1074832 , 13.1070182 , 13.12323596,
  13.12323596, 13.12323596, 13.10872556, 13.10872556, 13.10872556,
  13.10872556, 13.10872556, 13.10872556, 13.10872556]
fitNessMin
[ 12.91411655, 12.81907593, 12.81907593, 12.81907593, 12.81907593,
  12.81907593, 12.81907593, 12.83460482, 12.83460482, 12.87617143,
  12.87617143, 12.8977118 , 12.8977118 , 12.91518024, 12.91518024,
  12.91518024, 12.91518024, 12.91177479, 12.88518423, 12.88518423,
  12.90320401, 12.89985965, 12.89985965, 12.89985965, 12.82686053,
  12.90514046, 12.91083451, 12.90205729, 12.90205729]


 BoxCounting Simulated Annealing
logR
[-2.56494936,-1.87180218,-1.46633707,-1.178655  ,-0.95551145,-0.77318989,
 -0.61903921,-0.48550782,-0.36772478,-0.26236426,-0.16705408,-0.08004271,
  0.        ]
IndexZero
10
Tq
[-12.69199066,-11.73699736,-10.78226417, -9.82806549, -8.87497998,
  -7.92425825, -6.97869616, -6.04481995, -5.13859833, -4.29941305,
  -3.08030114,  0.        ,  3.11001184,  6.01167831,  8.78599853,
  11.46802423, 14.07572708, 16.62001651, 19.10883712, 21.54912115,
  23.94762153]
Dq
[ 1.15381733, 1.17369974, 1.19802935, 1.22850819, 1.26785428, 1.32070971,
  1.39573923, 1.51120499, 1.71286611, 2.14970652, 3.08030114, 3.2583622 ,
  3.11001184, 3.00583916, 2.92866618, 2.86700606, 2.81514542, 2.77000275,
  2.72983387, 2.69364014, 2.66084684]
lnMrq
[[  8.70218851e+01,  8.59290221e+01,  8.53417922e+01,  8.47801733e+01,
    8.43851228e+01,  8.37573743e+01,  8.31694826e+01,  8.26472005e+01,
    8.19662340e+01,  8.09874494e+01,  7.94313675e+01,  7.76820820e+01,
    0.00000000e+00],
 [  7.89325596e+01,  7.78395716e+01,  7.72522414e+01,  7.66906254e+01,
    7.62954980e+01,  7.56678048e+01,  7.50799233e+01,  7.45576374e+01,
    7.38767067e+01,  7.28976677e+01,  7.13413581e+01,  6.95919862e+01,
    0.00000000e+00],
 [  7.08440217e+01,  6.97507824e+01,  6.91632483e+01,  6.86016367e+01,
    6.82063533e+01,  6.75787719e+01,  6.69909117e+01,  6.64686186e+01,
    6.57877539e+01,  6.48082004e+01,  6.32514365e+01,  6.15018904e+01,
    0.00000000e+00],
 [  6.27570936e+01,  6.16633492e+01,  6.10753969e+01,  6.05137895e+01,
    6.01181883e+01,  5.94908335e+01,  5.89030180e+01,  5.83807112e+01,
    5.76999615e+01,  5.67193627e+01,  5.51616935e+01,  5.34117947e+01,
    0.00000000e+00],
 [  5.46734895e+01,  5.35787324e+01,  5.29899119e+01,  5.24282973e+01,
    5.20320420e+01,  5.14051495e+01,  5.08174302e+01,  5.02950977e+01,
    4.96145240e+01,  4.86317850e+01,  4.70723161e+01,  4.53216989e+01,
    0.00000000e+00],
 [  4.65968460e+01,  4.55000822e+01,  4.49094248e+01,  4.43477424e+01,
    4.39501217e+01,  4.33241790e+01,  4.27366726e+01,  4.22142897e+01,
    4.15338936e+01,  4.05467283e+01,  3.89836954e+01,  3.72316031e+01,
    0.00000000e+00],
 [  3.85350415e+01,  3.74344662e+01,  3.68398117e+01,  3.62778012e+01,
    3.58772692e+01,  3.52532894e+01,  3.46662689e+01,  3.41437694e+01,
    3.34631550e+01,  3.24667092e+01,  3.08966657e+01,  2.91415073e+01,
    0.00000000e+00],
 [  3.05054602e+01,  2.93987049e+01,  2.87950085e+01,  2.82316117e+01,
    2.78246650e+01,  2.72047361e+01,  2.66188424e+01,  2.60959510e+01,
    2.54129646e+01,  2.43967377e+01,  2.28130741e+01,  2.10514115e+01,
    0.00000000e+00],
 [  2.25462650e+01,  2.14363094e+01,  2.08114776e+01,  2.02423658e+01,
    1.98205265e+01,  1.92086489e+01,  1.86251992e+01,  1.81003127e+01,
    1.74058774e+01,  1.63468612e+01,  1.47374997e+01,  1.29613181e+01,
    0.00000000e+00],
 [  1.47345160e+01,  1.36691049e+01,  1.30016332e+01,  1.24100030e+01,
    1.19502277e+01,  1.13509602e+01,  1.07699459e+01,  1.02316033e+01,
    9.49008661e+00,  8.33921367e+00,  6.68749645e+00,  4.87885484e+00,
    0.00000000e+00],
 [  7.18855623e+00,  6.40360731e+00,  5.77473786e+00,  5.16934699e+00,
    4.62595273e+00,  4.02320653e+00,  3.41114771e+00,  2.77695418e+00,
    1.93730177e+00,  9.47789399e-01,  2.54642218e-01,  3.92207132e-02,
    0.00000000e+00],
 [  0.00000000e+00,  0.00000000e+00,  0.00000000e+00,  0.00000000e+00,
    0.00000000e+00,  0.00000000e+00,  0.00000000e+00,  0.00000000e+00,
    0.00000000e+00,  0.00000000e+00,  0.00000000e+00,  0.00000000e+00,
    0.00000000e+00],
 [ -6.85013048e+00, -5.65333787e+00, -4.47707063e+00, -3.29013898e+00,
   -2.08620351e+00, -1.00449573e+00, -3.18425107e-01, -7.41693124e-02,
   -2.17131027e-02, -3.94184406e-03, -4.21914966e-04, -2.45176136e-05,
    0.00000000e+00],
 [ -1.34462517e+01, -1.08765171e+01, -8.38647715e+00, -5.96149894e+00,
   -3.58141758e+00, -1.60473515e+00, -4.82582726e-01, -1.11631589e-01,
   -3.21918705e-02, -5.89144495e-03, -6.32647080e-04, -3.67766458e-05,
    0.00000000e+00],
 [ -1.98579231e+01, -1.58427220e+01, -1.20015793e+01, -8.33556603e+00,
   -4.82535042e+00, -2.08830600e+00, -6.23508156e-01, -1.43280035e-01,
   -4.04598526e-02, -7.74099098e-03, -8.42205472e-04, -4.90283142e-05,
    0.00000000e+00],
 [ -2.61251016e+01, -2.06306698e+01, -1.54167487e+01, -1.05017715e+01,
   -5.90516868e+00, -2.50839368e+00, -7.52911828e-01, -1.71920236e-01,
   -4.76043549e-02, -9.53455799e-03, -1.05110325e-03, -6.12763757e-05,
    0.00000000e+00],
 [ -3.22692580e+01, -2.52830919e+01, -1.86750534e+01, -1.25002923e+01,
   -6.86534494e+00, -2.88537243e+00, -8.73826368e-01, -1.98694540e-01,
   -5.40139492e-02, -1.12760991e-02, -1.25934507e-03, -7.35208322e-05,
    0.00000000e+00],
 [ -3.83023256e+01, -2.98268757e+01, -2.18003031e+01, -1.43607886e+01,
   -7.73566648e+00, -3.23015637e+00, -9.87701461e-01, -2.24185591e-01,
   -5.98904519e-02, -1.29678913e-02, -1.46693367e-03, -8.57616850e-05,
    0.00000000e+00],
 [ -4.42321534e+01, -3.42800126e+01, -2.48100901e+01, -1.61129383e+01,
   -8.53795200e+00, -3.54960811e+00, -1.09549291e+00, -2.48725691e-01,
   -6.53643252e-02, -1.46120529e-02, -1.67387175e-03, -9.79989350e-05,
    0.00000000e+00],
 [ -5.00662093e+01, -3.86548638e+01, -2.77222236e+01, -1.77855910e+01,
   -9.28862974e+00, -3.84840050e+00, -1.19792845e+00, -2.72520210e-01,
   -7.05283639e-02, -1.62106104e-02, -1.88016202e-03, -1.10232583e-04,
    0.00000000e+00],
 [ -5.58137599e+01, -4.29604401e+01, -3.05560994e+01, -1.94031588e+01,
   -1.00001851e+01, -4.12986945e+00, -1.29559877e+00, -2.95703813e-01,
   -7.54509834e-02, -1.77655049e-02, -2.08580717e-03, -1.22462631e-04,
    0.00000000e+00]]


Execution time

Box Counting	Box Counting Fixed	SandBox	Genetic SandBox	Simulated SandBox	Genetic BCFS	Simulated BCFS
[ 380427.76348615, 271062.72153187,   4535.02578187,  24480.35171294,
   15692.90731311,  27972.6259439 ,  16508.02794003,  20410.52315092,
   16772.13265014]
Fractal dimension
2.78547663443