BCAlgorithm
logR
[-1.38629436,-0.69314718,-0.28768207, 0.        ]IndexZero
10
Tq
[ -2.81492629e+01, -2.54240449e+01, -2.26993686e+01, -1.99756951e+01,
  -1.72539551e+01, -1.45360651e+01, -1.18260524e+01, -9.13259257e+00,
  -6.47535004e+00, -3.90692280e+00, -1.61307940e+00,  3.90517338e-18,
   9.43312074e-01,  1.63550940e+00,  2.26611650e+00,  2.87892861e+00,
   3.48479546e+00,  4.08716187e+00,  4.68741499e+00,  5.28623528e+00,
   5.88401075e+00]
Dq
[ 2.5590239 , 2.54240449, 2.52215207, 2.49696188, 2.46485073, 2.42267752,
  2.36521048, 2.28314814, 2.15845001, 1.9534614 , 1.6130794 , 1.20970042,
  0.94331207, 0.8177547 , 0.75537217, 0.71973215, 0.69695909, 0.68119365,
  0.66963071, 0.66077941, 0.65377897]
lnMrq
[[  3.64074840e+01,  1.57192891e+01,  0.00000000e+00,  0.00000000e+00],
 [  3.28872814e+01,  1.41620313e+01,  0.00000000e+00,  0.00000000e+00],
 [  2.93676655e+01,  1.26059680e+01,  0.00000000e+00,  0.00000000e+00],
 [  2.58492230e+01,  1.10514338e+01,  0.00000000e+00,  0.00000000e+00],
 [  2.23331510e+01,  9.49900139e+00,  0.00000000e+00,  0.00000000e+00],
 [  1.88219235e+01,  7.94977622e+00,  0.00000000e+00,  0.00000000e+00],
 [  1.53207305e+01,  6.40615488e+00,  0.00000000e+00,  0.00000000e+00],
 [  1.18406869e+01,  4.87381209e+00,  0.00000000e+00,  0.00000000e+00],
 [  8.40684198e+00,  3.36674048e+00,  0.00000000e+00,  0.00000000e+00],
 [  5.08633780e+00,  1.92126175e+00,  0.00000000e+00,  0.00000000e+00],
 [  2.11218299e+00,  6.98012762e-01,  0.00000000e+00,  0.00000000e+00],
 [ -5.32907052e-18,  0.00000000e+00,  0.00000000e+00,  0.00000000e+00],
 [ -1.22619025e+00, -4.78673613e-01,  0.00000000e+00,  0.00000000e+00],
 [ -2.11751883e+00, -8.96100170e-01,  0.00000000e+00,  0.00000000e+00],
 [ -2.92805423e+00, -1.28802206e+00,  0.00000000e+00,  0.00000000e+00],
 [ -3.71576869e+00, -1.66848130e+00,  0.00000000e+00,  0.00000000e+00],
 [ -4.49473458e+00, -2.04322629e+00,  0.00000000e+00,  0.00000000e+00],
 [ -5.26934143e+00, -2.41469709e+00,  0.00000000e+00,  0.00000000e+00],
 [ -6.04133801e+00, -2.78402359e+00,  0.00000000e+00,  0.00000000e+00],
 [ -6.81157800e+00, -3.15179298e+00,  0.00000000e+00,  0.00000000e+00],
 [ -7.58054701e+00, -3.51834893e+00,  0.00000000e+00,  0.00000000e+00]]FSBCAlgorithm
logR
[-1.60943791,-0.91629073,-0.51082562,-0.22314355, 0.        ]IndexZero
10
Tq
[-16.10259124,-14.67903527,-13.25574072,-11.83297739,-10.41130073,
  -8.99186952, -7.57714388, -6.17241404, -4.78798159, -3.41138758,
  -1.76194486,  0.        ,  1.3409892 ,  2.2569778 ,  2.92766007,
   3.48590649,  3.99154758,  4.4692273 ,  4.93003712,  5.37971741,
   5.82161949]
Dq
[ 1.46387193, 1.46790353, 1.47286008, 1.47912217, 1.48732868, 1.49864492,
  1.51542878, 1.54310351, 1.59599386, 1.70569379, 1.76194486, 1.58261212,
  1.3409892 , 1.1284889 , 0.97588669, 0.87147662, 0.79830952, 0.74487122,
  0.70429102, 0.67246468, 0.64684661]
lnMrq
[[  3.76103732e+01,  3.49113610e+01,  3.37906031e+01,  3.37196357e+01,
    0.00000000e+00],
 [  3.40842626e+01,  3.13856742e+01,  3.02726218e+01,  3.01932752e+01,
    0.00000000e+00],
 [  3.05584082e+01,  2.78606615e+01,  2.67546492e+01,  2.66669147e+01,
    0.00000000e+00],
 [  2.70330797e+01,  2.43369964e+01,  2.32366877e+01,  2.31405542e+01,
    0.00000000e+00],
 [  2.35088443e+01,  2.08160232e+01,  1.97187442e+01,  1.96141943e+01,
    0.00000000e+00],
 [  1.99869252e+01,  1.73004216e+01,  1.62008613e+01,  1.60878385e+01,
    0.00000000e+00],
 [  1.64700524e+01,  1.37955620e+01,  1.26833627e+01,  1.25615187e+01,
    0.00000000e+00],
 [  1.29646006e+01,  1.03127293e+01,  9.16900914e+00,  9.03558731e+00,
    0.00000000e+00],
 [  9.48625566e+00,  6.88158797e+00,  5.68363769e+00,  5.51604454e+00,
    0.00000000e+00],
 [  6.07539221e+00,  3.63338849e+00,  2.46870930e+00,  2.14143813e+00,
    0.00000000e+00],
 [  2.83594807e+00,  1.17196572e+00,  5.67716481e-01,  2.30204748e-01,
    0.00000000e+00],
 [  0.00000000e+00,  0.00000000e+00,  0.00000000e+00,  0.00000000e+00,
    0.00000000e+00],
 [ -2.13672130e+00, -6.20217530e-01, -2.33457483e-01, -2.46386513e-02,
    0.00000000e+00],
 [ -3.58475818e+00, -1.06971960e+00, -3.76112062e-01, -3.72770151e-02,
    0.00000000e+00],
 [ -4.63781853e+00, -1.42620420e+00, -4.79859147e-01, -4.75865392e-02,
    0.00000000e+00],
 [ -5.51536158e+00, -1.71782604e+00, -5.61850202e-01, -5.67414068e-02,
    0.00000000e+00],
 [ -6.31487252e+00, -1.96138117e+00, -6.28972470e-01, -6.51020011e-02,
    0.00000000e+00],
 [ -7.07530902e+00, -2.16854477e+00, -6.84768314e-01, -7.28463210e-02,
    0.00000000e+00],
 [ -7.81342113e+00, -2.34786275e+00, -7.31572640e-01, -8.00901139e-02,
    0.00000000e+00],
 [ -8.53743078e+00, -2.50572342e+00, -7.71165482e-01, -8.69186267e-02,
    0.00000000e+00],
 [ -9.25190196e+00, -2.64694764e+00, -8.04980072e-01, -9.33974522e-02,
    0.00000000e+00]]

\SBAlgorithm
logR
[-1.38629436,-0.69314718,-0.28768207, 0.        ]IndexZero
10
Tq
[-19.88909007,-17.99017481,-16.0892485 ,-14.18898691,-12.29336589,
 -10.40795971, -8.54031352, -6.70064982, -4.90329278, -3.1679405 ,
  -1.51987238,  0.        ,  1.317904  ,  2.36905412,  3.18520711,
   3.86050758,  4.4663207 ,  5.03824479,  5.5923454 ,  6.13620639,
   6.67374547]
Dq
[ 1.8080991 , 1.79901748, 1.78769428, 1.77362336, 1.75619513, 1.73465995,
  1.7080627 , 1.67516245, 1.63443093, 1.58397025, 1.51987238, 1.43362181,
  1.317904  , 1.18452706, 1.0617357 , 0.9651269 , 0.89326414, 0.83970747,
  0.79890649, 0.7670258 , 0.74152727]
lnMrq
[[-11.70495523,-24.98318757,-35.22726282,-38.33095672],
 [-10.81089281,-22.9596118 ,-32.15330057,-34.88458532],
 [ -9.9060565 ,-20.93209068,-29.06231415,-31.42813703],
 [ -8.9860861 ,-18.89765391,-25.95037544,-27.96217004],
 [ -8.04532507,-16.85095947,-22.81355738,-24.48747715],
 [ -7.07676857,-14.78237807,-19.64838849,-21.00500092],
 [ -6.07211906,-12.67443948,-16.4523085 ,-17.51574801],
 [ -5.02175163,-10.49502618,-13.22396952,-14.02071611],
 [ -3.91402052, -8.18738124, -9.96327611,-10.52084048],
 [ -2.73254239, -5.67699803, -6.67118318, -7.01696127],
 [ -1.44811204, -2.93173047, -3.34937992, -3.50980844],
 [  0.        ,  0.        ,  0.        ,  0.        ],
 [  1.71983451,  3.05028944,  3.37457333,  3.51195133],
 [  3.80378538,  6.17788106,  6.77181785,  7.02562687],
 [  6.20971683,  9.3636264 , 10.18914332, 10.54068887],
 [  8.80920574, 12.59779767, 13.62395868, 14.05686741],
 [ 11.5046226 , 15.87350023, 17.07374681, 17.57394834],
 [ 14.24715526, 19.18447713, 20.53613951, 21.09176263],
 [ 17.01471603, 22.52477038, 24.00898001, 24.61017738],
 [ 19.79684567, 25.88892066, 27.49036358, 28.12908835],
 [ 22.58811688, 29.27217775, 30.97865376, 31.64841389]]


 SandBox Genetic
logR
[-1.38629436,-0.69314718,-0.28768207, 0.        ]IndexZero
10
Tq
[-20.57412176,-18.58016052,-16.5843364 ,-14.59159437,-12.60853567,
 -10.64326703, -8.70529936, -6.80631833, -4.96222512, -3.19326137,
  -1.52313456,  0.        ,  1.2766665 ,  2.23787739,  2.95956489,
   3.56145842,  4.1105743 ,  4.63424465,  5.14375075,  5.64449279,
   6.13947302]
Dq
[ 1.87037471, 1.85801605, 1.84270404, 1.8239493 , 1.80121938, 1.77387784,
  1.74105987, 1.70157958, 1.65407504, 1.59663069, 1.52313456, 1.41960184,
  1.2766665 , 1.1189387 , 0.98652163, 0.8903646 , 0.82211486, 0.77237411,
  0.73482154, 0.7055616 , 0.68216367]
lnMrq
[[-10.75264122,-22.92453594,-34.74879572,-38.20069506],
 [-10.01575686,-21.13022446,-31.76418854,-34.78456695],
 [ -9.25915733,-19.33402994,-28.75144714,-31.35269144],
 [ -8.47541476,-17.5343261 ,-25.70578733,-27.90633564],
 [ -7.65563995,-15.72764889,-22.62337387,-24.44703673],
 [ -6.79013761,-13.9059922 ,-19.50187521,-20.97645717],
 [ -5.86943156,-12.04981073,-16.34069379,-17.49625862],
 [ -4.88507085,-10.11236534,-13.14078417,-14.00800792],
 [ -3.82903931, -8.00073693, -9.90417241,-10.5131182 ],
 [ -2.68961752, -5.60511889, -6.63340918, -7.01282053],
 [ -1.43847879, -2.90804995, -3.33115854, -3.50815889],
 [  0.        ,  0.        ,  0.        ,  0.        ],
 [  1.77155676,  3.02916705,  3.35759374,  3.51094825],
 [  3.97480999,  6.13374505,  6.73919461,  7.02411508],
 [  6.50721801,  9.2952953 , 10.14235641, 10.53904481],
 [  9.20526753, 12.50527327, 13.5645983 , 14.05537639],
 [ 11.97714163, 15.75744233, 17.00344075, 17.57282537],
 [ 14.78523363, 19.04569438, 20.45647515, 21.09116862],
 [ 17.61393145, 22.36393149, 23.92144029, 24.61023166],
 [ 20.45570581, 25.70645936, 27.39628486, 28.12987831],
 [ 23.30632423, 29.06831021, 30.87920539, 31.65000241]]
fitNessAverage
[ 14.8738147 , 14.90416211, 14.88682317, 14.92661106, 14.9659249 ,
  15.00435852, 15.07640227, 15.05936355, 15.10595696, 15.1329463 ,
  15.17328768, 15.18896323, 15.23630479, 15.21580856, 15.16287433,
  15.19480638, 15.28005857, 15.26614816, 15.26562261, 15.29810111,
  15.26640073, 15.25853371, 15.25416135, 15.19710999, 15.24185862]
fitNessMax
[ 16.11292665, 16.5577342 , 16.5577342 , 16.87905882, 16.87905882,
  16.87905882, 16.87905882, 16.46705264, 16.24606633, 16.27059338,
  16.39100084, 16.37536765, 16.27059338, 16.54705882, 16.54705882,
  16.62352941, 16.62352941, 16.673336  , 16.673336  , 16.4122792 ,
  16.30652261, 16.30652261, 16.78004535, 16.78004535, 16.78004535]
fitNessMin
[ 11.76470588, 11.76470588, 11.76470588, 11.76470588, 11.76470588,
  11.76470588, 11.76470588, 11.76470588, 11.76470588, 11.76470588,
  11.76470588, 12.30167499, 12.30167499, 12.30167499, 11.84669118,
  11.84669118, 11.84669118, 11.84669118, 11.84669118, 12.38564547,
  12.38564547, 12.38564547, 12.38564547, 12.38564547, 12.38564547]


 SandBox Simulated Annealing
logR
[-1.09861229,-0.40546511, 0.        ]IndexZero
10
Tq
[-21.41138652,-19.42475833,-17.43108838,-15.43123885,-13.42814933,
 -11.42755928, -9.43788757, -7.46816902, -5.52396592, -3.60852729,
  -1.74377471,  0.        ,  1.49177107,  2.61297247,  3.41632635,
   4.05869201,  4.64432584,  5.21587737,  5.78784067,  6.36449416,
   6.94658151]
Dq
[ 1.94648968, 1.94247583, 1.9367876 , 1.92890486, 1.91830705, 1.90459321,
  1.88757751, 1.86704226, 1.84132197, 1.80426364, 1.74377471, 1.64384725,
  1.49177107, 1.30648624, 1.13877545, 1.014673  , 0.92886517, 0.86931289,
  0.82683438, 0.79556177, 0.77184239]
lnMrq
[[-10.56256171,-22.70141887,-34.60225419],
 [ -9.84084363,-20.9071582 ,-31.63976405],
 [ -9.10535908,-19.11111182,-28.65254616],
 [ -8.3499261 ,-17.31183878,-25.63457327],
 [ -7.56608516,-15.50640684,-22.57994784],
 [ -6.74272528,-13.68829911,-19.48374654],
 [ -5.86599992,-11.84187913,-16.34283043],
 [ -4.91968679, -9.92895331,-13.1563032 ],
 [ -3.88584392, -7.86694237, -9.92543414],
 [ -2.74453326, -5.53737038, -6.65313255],
 [ -1.46810411, -2.88897643, -3.34325321],
 [  0.        ,  0.        ,  0.        ],
 [  1.77495235,  3.02529108,  3.37245491],
 [  3.96651119,  6.12796029,  6.77015849],
 [  6.51323011,  9.28381386, 10.18945002],
 [  9.24861833, 12.48307274, 13.62698828],
 [ 12.06154617, 15.72040578, 17.07976699],
 [ 14.90499592, 18.99141444, 20.54512645],
 [ 17.76134831, 22.29173241, 24.02075744],
 [ 20.62383354, 25.61701746, 27.5046934 ],
 [ 23.48964258, 28.96315786, 30.99529005]]


 BoxCounting Genetic
logR
[-1.60943791,-0.91629073,-0.51082562,-0.22314355, 0.        ]IndexZero
10
Tq
[-15.97522695,-14.55240308,-13.12984121,-11.70781023,-10.2868613 ,
  -8.8681365 , -7.45403634, -6.04967533, -4.66536107, -3.30094017,
  -1.73033697,  0.        ,  1.31107122,  2.19328584,  2.83171434,
   3.36035622,  3.83904453,  4.29196232,  4.72972703,  5.15770375,
   5.57896034]
Dq
[ 1.45229336, 1.45524031, 1.45887125, 1.46347628, 1.46955161, 1.47802275,
  1.49080727, 1.51241883, 1.55512036, 1.65047008, 1.73033697, 1.55857335,
  1.31107122, 1.09664292, 0.94390478, 0.84008906, 0.76780891, 0.71532705,
  0.67567529, 0.64471297, 0.61988448]
lnMrq
[[  3.76634556e+01,  3.46484865e+01,  3.37029575e+01,  3.41847956e+01,
    0.00000000e+00],
 [  3.41372366e+01,  3.11231932e+01,  3.01765970e+01,  3.06584351e+01,
    0.00000000e+00],
 [  3.06111654e+01,  2.75989658e+01,  2.66502366e+01,  2.71320745e+01,
    0.00000000e+00],
 [  2.70854030e+01,  2.40768645e+01,  2.31238769e+01,  2.36057140e+01,
    0.00000000e+00],
 [  2.35603001e+01,  2.05589906e+01,  1.95975234e+01,  2.00793536e+01,
    0.00000000e+00],
 [  2.00366509e+01,  1.70494726e+01,  1.60712219e+01,  1.65529939e+01,
    0.00000000e+00],
 [  1.65163511e+01,  1.35563336e+01,  1.25453644e+01,  1.30266420e+01,
    0.00000000e+00],
 [  1.30042372e+01,  1.00953303e+01,  9.02339854e+00,  9.50040749e+00,
    0.00000000e+00],
 [  9.51357786e+00,  6.70295923e+00,  5.53754510e+00,  5.97698179e+00,
    0.00000000e+00],
 [  6.08301697e+00,  3.52221592e+00,  2.38083455e+00,  2.53495633e+00,
    0.00000000e+00],
 [  2.82435066e+00,  1.15373159e+00,  6.04315967e-01,  3.00104592e-01,
    0.00000000e+00],
 [  0.00000000e+00,  0.00000000e+00,  0.00000000e+00,  0.00000000e+00,
    0.00000000e+00],
 [ -2.08151982e+00, -6.61574752e-01, -2.83010188e-01, -2.32792520e-02,
    0.00000000e+00],
 [ -3.46019055e+00, -1.17383088e+00, -4.61609890e-01, -3.51253046e-02,
    0.00000000e+00],
 [ -4.44385542e+00, -1.60078861e+00, -5.94476950e-01, -4.58545505e-02,
    0.00000000e+00],
 [ -5.25637800e+00, -1.96206815e+00, -7.01486731e-01, -5.60644920e-02,
    0.00000000e+00],
 [ -5.99659503e+00, -2.26953269e+00, -7.90145474e-01, -6.58792262e-02,
    0.00000000e+00],
 [ -6.70325455e+00, -2.53269401e+00, -8.64159863e-01, -7.53573251e-02,
    0.00000000e+00],
 [ -7.39238705e+00, -2.75979101e+00, -9.26069753e-01, -8.45369115e-02,
    0.00000000e+00],
 [ -8.07139441e+00, -2.95796369e+00, -9.77968472e-01, -9.34462419e-02,
    0.00000000e+00],
 [ -8.74406390e+00, -3.13324492e+00, -1.02166735e+00, -1.02107313e-01,
    0.00000000e+00]]
fitNessAverage
[ 14.7753873 , 14.59257036, 14.57425355, 14.58354326, 14.54241991,
  14.4946293 , 14.51517816, 14.42206586, 14.43505577, 14.45708056,
  14.46023179, 14.4590103 , 14.48052207, 14.4443595 , 14.72942041,
  15.00160675, 14.92260809, 14.87250753, 14.85311334, 14.81193959,
  15.00040307, 15.14089842, 15.24388312, 15.33227196, 15.32517316,
  15.32485996, 15.33109005, 15.26299371, 15.33659863, 15.39885319,
  15.38305982, 15.44453401, 15.4028995 , 15.47502223, 15.49696862,
  15.37027665, 15.39802475, 15.39818188, 15.43681383, 15.35794933,
  15.36756633, 15.29631352, 15.36848734, 15.2911851 , 15.11412215,
  15.00054401, 14.95764402, 14.94569833, 14.98955018, 14.94415139,
  14.82916737, 14.84888629, 14.90401163, 15.12706612, 15.37757664,
  15.4381329 , 15.3206831 , 15.41939356, 15.36410418, 15.4265201 ,
  15.50343344, 15.57505002, 15.63486735, 15.73649317, 15.60807871,
  15.64177196, 15.77539726, 15.87527091, 15.87985756, 16.0392512 ,
  16.13192338, 16.11016468, 16.11626087, 16.17578491, 16.15981306,
  15.82065252, 15.68829475, 15.57122547, 15.45498869, 15.30163917,
  15.19907074, 15.28842991, 15.292834  , 15.26378876, 15.2401072 ,
  15.223711  , 15.28200768, 15.01469303, 14.77480865, 14.66607332,
  14.61248677, 14.4914152 , 14.59837564, 14.54670747, 14.37693355,
  14.58569433, 14.67971433, 14.77511815, 14.81537754, 14.92149649,
  14.96593401, 15.12622586, 15.14358832]
fitNessMax
[ 15.63933609, 16.12021123, 16.14606214, 16.14606214, 16.14606214,
  16.42955294, 16.42955294, 16.42955294, 16.42029208, 16.42029208,
  16.42029208, 16.55496834, 16.99365207, 16.99365207, 16.99365207,
  17.01341318, 17.01341318, 16.85072038, 16.85072038, 16.85072038,
  17.04048261, 16.91452689, 16.85072038, 16.85072038, 16.85072038,
  16.85072038, 16.71841163, 16.69880011, 16.89961108, 17.01782546,
  17.01782546, 17.01782546, 17.28576479, 17.28576479, 17.28576479,
  17.28576479, 17.28576479, 17.28576479, 17.28576479, 17.11174703,
  16.87214568, 16.87214568, 16.95916462, 16.94010938, 17.2725063 ,
  17.2725063 , 17.2725063 , 17.2725063 , 17.2725063 , 17.2725063 ,
  17.2725063 , 16.97345605, 17.47175061, 17.67056029, 17.67056029,
  17.4393567 , 17.46031746, 17.74106468, 17.74106468, 17.74106468,
  17.74106468, 17.74106468, 17.80648767, 17.74106468, 17.75186265,
  17.75186265, 17.75186265, 17.75186265, 17.68014706, 17.96623411,
  17.96623411, 17.96623411, 17.6375312 , 17.64632353, 17.75186265,
  17.75186265, 17.75186265, 17.75186265, 17.75186265, 17.74042951,
  17.6375312 , 18.25220588, 18.25220588, 18.25220588, 17.99953689,
  17.5741619 , 17.5741619 , 17.5741619 , 17.57352941, 17.53272059,
  17.36617647, 17.36617647, 17.36617647, 17.63786765, 17.72205882,
  17.72647059, 17.94117647, 17.72647059, 17.46323529, 17.57352941,
  17.80228639, 18.0715762 , 18.0715762 ]
fitNessMin
[ 12.78481352, 12.08459474, 11.97839866, 12.10088934, 12.15375039,
  12.31063854, 12.31063854, 11.69781223, 11.69781223, 11.69781223,
  12.08014761, 12.08014761, 11.97839866, 11.97839866, 11.97839866,
  11.97839866, 11.97839866, 11.97839866, 11.97839866, 11.97839866,
  11.97839866, 11.97839866, 11.97839866, 12.76064959, 12.76064959,
  12.76064959, 12.76064959, 12.49232495, 12.49232495, 12.76064959,
  12.76064959, 12.80077742, 12.76510604, 12.76510604, 12.76510604,
  11.10920559, 11.10920559, 12.40995271, 12.50607681, 12.50607681,
  12.50607681, 12.69555441, 12.69555441, 12.52734565, 12.32266761,
  11.92380784, 11.92380784, 11.92380784, 11.63985504, 11.63985504,
  11.63985504, 11.63985504, 11.63985504, 11.81608256, 11.98574668,
  11.30102835, 11.30102835, 11.30102835, 11.98574668, 11.98574668,
  11.98574668, 11.98574668, 11.78820735, 11.78820735, 11.40622454,
  11.40622454, 11.40622454, 12.51323529, 12.17121769, 12.34669118,
  13.10294118, 13.10294118, 13.10294118, 13.10294118, 12.85085463,
  12.85085463, 12.85085463, 11.20588235, 11.20588235, 11.20588235,
  11.00294118, 11.00294118, 11.00294118, 11.00294118, 11.00294118,
  10.875     , 10.875     , 10.875     , 10.875     , 10.875     ,
  10.93897059, 10.93897059, 11.30174292, 11.30174292, 10.93933824,
  10.59779412, 10.59779412, 10.59779412, 11.53455882, 11.53455882,
  11.53455882, 11.53455882, 11.53455882]


 BoxCounting Simulated Annealing
logR
[-1.60943791,-0.91629073,-0.51082562,-0.22314355, 0.        ]IndexZero
10
Tq
[-15.97522695,-14.55240308,-13.12984121,-11.70781023,-10.2868613 ,
  -8.8681365 , -7.45403634, -6.04967533, -4.66536107, -3.30094017,
  -1.73033697,  0.        ,  1.31107122,  2.19328584,  2.83171434,
   3.36035622,  3.83904453,  4.29196232,  4.72972703,  5.15770375,
   5.57896034]
Dq
[ 1.45229336, 1.45524031, 1.45887125, 1.46347628, 1.46955161, 1.47802275,
  1.49080727, 1.51241883, 1.55512036, 1.65047008, 1.73033697, 1.55857335,
  1.31107122, 1.09664292, 0.94390478, 0.84008906, 0.76780891, 0.71532705,
  0.67567529, 0.64471297, 0.61988448]
lnMrq
[[  3.76634556e+01,  3.46484865e+01,  3.37029575e+01,  3.41847956e+01,
    0.00000000e+00],
 [  3.41372366e+01,  3.11231932e+01,  3.01765970e+01,  3.06584351e+01,
    0.00000000e+00],
 [  3.06111654e+01,  2.75989658e+01,  2.66502366e+01,  2.71320745e+01,
    0.00000000e+00],
 [  2.70854030e+01,  2.40768645e+01,  2.31238769e+01,  2.36057140e+01,
    0.00000000e+00],
 [  2.35603001e+01,  2.05589906e+01,  1.95975234e+01,  2.00793536e+01,
    0.00000000e+00],
 [  2.00366509e+01,  1.70494726e+01,  1.60712219e+01,  1.65529939e+01,
    0.00000000e+00],
 [  1.65163511e+01,  1.35563336e+01,  1.25453644e+01,  1.30266420e+01,
    0.00000000e+00],
 [  1.30042372e+01,  1.00953303e+01,  9.02339854e+00,  9.50040749e+00,
    0.00000000e+00],
 [  9.51357786e+00,  6.70295923e+00,  5.53754510e+00,  5.97698179e+00,
    0.00000000e+00],
 [  6.08301697e+00,  3.52221592e+00,  2.38083455e+00,  2.53495633e+00,
    0.00000000e+00],
 [  2.82435066e+00,  1.15373159e+00,  6.04315967e-01,  3.00104592e-01,
    0.00000000e+00],
 [  0.00000000e+00,  0.00000000e+00,  0.00000000e+00,  0.00000000e+00,
    0.00000000e+00],
 [ -2.08151982e+00, -6.61574752e-01, -2.83010188e-01, -2.32792520e-02,
    0.00000000e+00],
 [ -3.46019055e+00, -1.17383088e+00, -4.61609890e-01, -3.51253046e-02,
    0.00000000e+00],
 [ -4.44385542e+00, -1.60078861e+00, -5.94476950e-01, -4.58545505e-02,
    0.00000000e+00],
 [ -5.25637800e+00, -1.96206815e+00, -7.01486731e-01, -5.60644920e-02,
    0.00000000e+00],
 [ -5.99659503e+00, -2.26953269e+00, -7.90145474e-01, -6.58792262e-02,
    0.00000000e+00],
 [ -6.70325455e+00, -2.53269401e+00, -8.64159863e-01, -7.53573251e-02,
    0.00000000e+00],
 [ -7.39238705e+00, -2.75979101e+00, -9.26069753e-01, -8.45369115e-02,
    0.00000000e+00],
 [ -8.07139441e+00, -2.95796369e+00, -9.77968472e-01, -9.34462419e-02,
    0.00000000e+00],
 [ -8.74406390e+00, -3.13324492e+00, -1.02166735e+00, -1.02107313e-01,
    0.00000000e+00]]


Execution time

Box Counting	Box Counting Fixed	SandBox	Genetic SandBox	Simulated SandBox	Genetic BCFS	Simulated BCFS
[ 20.87213016, 41.85158086,  1.82530499,  5.79003191,  6.19242096,
  25.74776602,  6.57700515,  7.1747601 ,  6.65681911]