BCAlgorithm
logR
[-1.79175947,-1.09861229,-0.69314718,-0.40546511,-0.18232156, 0.        ]
IndexZero
10
Tq
[ -2.95748401e+01, -2.69178012e+01, -2.42611687e+01, -2.16053713e+01,
  -1.89513147e+01, -1.63009581e+01, -1.36586793e+01, -1.10346276e+01,
  -8.45284541e+00, -5.96645485e+00, -3.53122093e+00,  5.74671904e-18,
   3.63706757e+00,  7.09405798e+00,  1.04312381e+01,  1.36904570e+01,
   1.68965931e+01,  2.00647580e+01,  2.32046613e+01,  2.63229119e+01,
   2.94242129e+01]
Dq
[ 2.68862183, 2.69178012, 2.69568541, 2.70067141, 2.70733068, 2.71682634,
  2.73173587, 2.75865691, 2.81761514, 2.98322743, 3.53122093, 3.73723127,
  3.63706757, 3.54702899, 3.47707938, 3.42261424, 3.37931862, 3.34412634,
  3.31495162, 3.29036399, 3.26935698]
lnMrq
[[  8.09233892e+01,  7.94453608e+01,  7.81167191e+01,  7.00864434e+01,
    6.89871490e+01,  0.00000000e+00],
 [  7.33323665e+01,  7.18538923e+01,  7.05257438e+01,  6.31884316e+01,
    6.20884435e+01,  0.00000000e+00],
 [  6.57422094e+01,  6.42628380e+01,  6.29356733e+01,  5.62911474e+01,
    5.51897607e+01,  0.00000000e+00],
 [  5.81538378e+01,  5.66726563e+01,  5.53474484e+01,  4.93953532e+01,
    4.82911572e+01,  0.00000000e+00],
 [  5.05692029e+01,  4.90843627e+01,  4.77630231e+01,  4.25026203e+01,
    4.13928310e+01,  0.00000000e+00],
 [  4.29925480e+01,  4.15003147e+01,  4.01865264e+01,  3.56161899e+01,
    3.44954748e+01,  0.00000000e+00],
 [  3.54333965e+01,  3.39263707e+01,  3.26269164e+01,  2.87427531e+01,
    2.76014999e+01,  0.00000000e+00],
 [  2.79138112e+01,  2.63784767e+01,  2.51045162e+01,  2.18962794e+01,
    2.07191994e+01,  0.00000000e+00],
 [  2.04852710e+01,  1.89053680e+01,  1.76696498e+01,  1.51085283e+01,
    1.38759016e+01,  0.00000000e+00],
 [  1.32575810e+01,  1.16739856e+01,  1.04706299e+01,  8.48368147e+00,
    7.15081707e+00,  0.00000000e+00],
 [  6.39692966e+00,  5.19295685e+00,  4.07753744e+00,  2.70805020e+00,
    1.09861229e+00,  0.00000000e+00],
 [  0.00000000e+00, -1.11022302e-16,  0.00000000e+00, -1.11022302e-16,
    0.00000000e+00,  0.00000000e+00],
 [ -6.00631956e+00, -4.28742865e+00, -2.32565899e+00, -1.10823453e+00,
   -9.08880270e-03,  0.00000000e+00],
 [ -1.17506155e+01, -8.14518599e+00, -4.24607475e+00, -2.00203971e+00,
   -1.36535809e-02,  0.00000000e+00],
 [ -1.73232094e+01, -1.17830083e+01, -6.07135581e+00, -2.84837692e+00,
   -1.82048353e-02,  0.00000000e+00],
 [ -2.27772136e+01, -1.53016662e+01, -7.86796942e+00, -3.67094665e+00,
   -2.27560443e-02,  0.00000000e+00],
 [ -2.81450059e+01, -1.87537893e+01, -9.65354248e+00, -4.47691617e+00,
   -2.73072532e-02,  0.00000000e+00],
 [ -3.34478921e+01, -2.21668676e+01, -1.14333101e+01, -5.27064950e+00,
   -3.18584621e-02,  0.00000000e+00],
 [ -3.87008538e+01, -2.55553934e+01, -1.32090144e+01, -6.05543589e+00,
   -3.64096709e-02,  0.00000000e+00],
 [ -4.39148860e+01, -2.89272496e+01, -1.49813518e+01, -6.83377837e+00,
   -4.09608798e-02,  0.00000000e+00],
 [ -4.90982434e+01, -3.22869327e+01, -1.67506897e+01, -7.60753782e+00,
   -4.55120887e-02,  0.00000000e+00]]FSBCAlgorithm
logR
[-2.07944154,-1.38629436,-0.98082925,-0.69314718,-0.47000363,-0.28768207,
 -0.13353139, 0.        ]
IndexZero
10
Tq
[-19.92177782,-18.26958792,-16.61773558,-14.96657781,-13.31686994,
 -11.67025501,-10.03045131, -8.4063263 , -6.82025582, -5.3269381 ,
  -3.36008445,  0.        ,  3.26342318,  6.32946641,  9.27339722,
  12.1277855 , 14.90862639, 17.62522869, 20.28433241, 22.89205562,
  25.4546811 ]
Dq
[ 1.81107071, 1.82695879, 1.84641506, 1.87082223, 1.90240999, 1.9450425 ,
  2.00609026, 2.10158158, 2.27341861, 2.66346905, 3.36008445, 3.40358624,
  3.26342318, 3.1647332 , 3.09113241, 3.03194637, 2.98172528, 2.93753812,
  2.89776177, 2.86150695, 2.8282979 ]
lnMrq
[[  8.11534096e+01,  7.96781932e+01,  7.87941133e+01,  7.78093176e+01,
    7.71042192e+01,  7.59219189e+01,  7.22962423e+01,  0.00000000e+00],
 [  7.35622537e+01,  7.20869325e+01,  7.12027458e+01,  7.02179280e+01,
    6.95127242e+01,  6.83302116e+01,  6.47045198e+01,  0.00000000e+00],
 [  6.59718221e+01,  6.44962877e+01,  6.36118841e+01,  6.26270208e+01,
    6.19216032e+01,  6.07386610e+01,  5.71129373e+01,  0.00000000e+00],
 [  5.83828776e+01,  5.69069062e+01,  5.60220577e+01,  5.50370997e+01,
    5.43312451e+01,  5.31474284e+01,  4.95216370e+01,  0.00000000e+00],
 [  5.07970270e+01,  4.93201501e+01,  4.84343772e+01,  4.74492178e+01,
    4.67424605e+01,  4.55568464e+01,  4.19309063e+01,  0.00000000e+00],
 [  4.32177420e+01,  4.17389647e+01,  4.08512313e+01,  3.98656294e+01,
    3.91569756e+01,  3.79676124e+01,  3.43413326e+01,  0.00000000e+00],
 [  3.56527917e+01,  3.41699962e+01,  3.32779698e+01,  3.22913438e+01,
    3.15786001e+01,  3.03812296e+01,  2.67541278e+01,  0.00000000e+00],
 [  2.81203261e+01,  2.66293128e+01,  2.57273846e+01,  2.47381888e+01,
    2.40162514e+01,  2.28010890e+01,  1.91718442e+01,  0.00000000e+00],
 [  2.06641127e+01,  1.91604439e+01,  1.82337241e+01,  1.72371816e+01,
    1.64930803e+01,  1.52354846e+01,  1.16001279e+01,  0.00000000e+00],
 [  1.33847575e+01,  1.19029874e+01,  1.09111061e+01,  9.88867741e+00,
    9.08275715e+00,  7.70859207e+00,  4.07094844e+00,  0.00000000e+00],
 [  6.45520027e+00,  5.31439579e+00,  4.31553127e+00,  3.25696068e+00,
    2.25154935e+00,  8.64200477e-01,  3.28549228e-02,  0.00000000e+00],
 [  0.00000000e+00,  0.00000000e+00,  0.00000000e+00,  0.00000000e+00,
    0.00000000e+00,  0.00000000e+00,  0.00000000e+00,  0.00000000e+00],
 [ -6.04878349e+00, -4.38975236e+00, -2.70810878e+00, -1.07886169e+00,
   -1.37110690e-01, -4.53717454e-03, -7.08440044e-05,  0.00000000e+00],
 [ -1.18302387e+01, -8.36454076e+00, -4.93728498e+00, -1.79550191e+00,
   -2.07893078e-01, -6.80251525e-03, -1.06257493e-04,  0.00000000e+00],
 [ -1.74325417e+01, -1.21101074e+01, -6.94301105e+00, -2.39126903e+00,
   -2.68767819e-01, -8.87241802e-03, -1.41272119e-04,  0.00000000e+00],
 [ -2.28983153e+01, -1.56952628e+01, -8.80350111e+00, -2.92306925e+00,
   -3.24905654e-01, -1.08437751e-02, -1.76084580e-04,  0.00000000e+00],
 [ -2.82483631e+01, -1.91537029e+01, -1.05550648e+01, -3.41259733e+00,
   -3.77719312e-01, -1.27442269e-02, -2.10699772e-04,  0.00000000e+00],
 [ -3.34940092e+01, -2.25063566e+01, -1.22190002e+01, -3.87044643e+00,
   -4.27883018e-01, -1.45876409e-02, -2.45120174e-04,  0.00000000e+00],
 [ -3.86431657e+01, -2.57690488e+01, -1.38100290e+01, -4.30271268e+00,
   -4.75820939e-01, -1.63830432e-02, -2.79348193e-04,  0.00000000e+00],
 [ -4.37035965e+01, -2.89554190e+01, -1.53396103e+01, -4.71334395e+00,
   -5.21837334e-01, -1.81370340e-02, -3.13386202e-04,  0.00000000e+00],
 [ -4.86843500e+01, -3.20778436e+01, -1.68173299e+01, -5.10512809e+00,
   -5.66165599e-01, -1.98547046e-02, -3.47236536e-04,  0.00000000e+00]]

\SBAlgorithm
logR
[-1.94591015,-1.25276297,-0.84729786,-0.55961579,-0.33647224,-0.15415068,
  0.        ]
IndexZero
10
Tq
[-41.05635087,-37.15078784,-33.2512389 ,-29.36121438,-25.48533123,
 -21.62892453,-17.79803505,-14.00628247,-10.29408552, -6.71753549,
  -3.29493259,  0.        ,  3.19774859,  6.31820714,  9.37311099,
  12.36906544, 15.309698  , 18.19731928, 21.03429456, 23.82404046,
  26.57141666]
Dq
[ 3.73239553, 3.71507878, 3.6945821 , 3.6701518 , 3.6407616 , 3.60482076,
  3.55960701, 3.50157062, 3.43136184, 3.35876775, 3.29493259, 3.24215991,
  3.19774859, 3.15910357, 3.12437033, 3.09226636, 3.0619396 , 3.03288655,
  3.00489922, 2.97800506, 2.95237963]
lnMrq
[[-12.13720247,-23.19881595,-37.23091179,-55.67292824,-73.71911094,
  -83.43628301,-83.51010526],
 [-11.41525795,-21.64664807,-34.45394152,-51.22271749,-67.61285309,
  -75.86139744,-75.91827848],
 [-10.67750092,-20.08335912,-31.67056738,-46.76577702,-61.49282231,
  -68.28231593,-68.3264515 ],
 [ -9.91481648,-18.50427865,-28.87788372,-42.29895687,-55.34838135,
  -60.70021468,-60.73462433],
 [ -9.11272397,-16.90101936,-26.07081869,-37.8167056 ,-49.15601763,
  -53.11594955,-53.14279695],
 [ -8.24875187,-15.25683625,-23.23927614,-33.30779543,-42.86259064,
  -45.53013416,-45.55096938],
 [ -7.29022017,-13.53490458,-20.35943083,-28.74488205,-36.3643803 ,
  -37.94320467,-37.95914162],
 [ -6.19592885,-11.65106522,-17.3641053 ,-24.047919  ,-29.53184655,
  -30.35546987,-30.36731367],
 [ -4.92675014, -9.43991931,-14.05289781,-18.98369306,-22.35104134,
  -22.76714818,-22.77548553],
 [ -3.46285942, -6.72645662,-10.03449999,-13.18843308,-14.96590127,
  -15.17839442,-15.1836572 ],
 [ -1.81205262, -3.52841195, -5.23345667, -6.74117925, -7.49881054,
   -7.58931875, -7.59182869],
 [  0.        ,  0.        ,  0.        ,  0.        ,  0.        ,
    0.        ,  0.        ],
 [  1.94526372,  3.74334311,  5.45900132,  6.87513016,  7.51359672,
    7.58950502,  7.59182887],
 [  4.00185555,  7.64155482, 11.06609144, 13.83080007, 15.03582934,
   15.17915502, 15.18365792],
 [  6.15553388, 11.66329885, 16.78518173, 20.84327646, 22.56400059,
   22.76891975, 22.77548714],
 [  8.39832386, 15.79091157, 22.59594282, 27.89925113, 30.09666688,
   30.35877675, 30.36731653],
 [ 10.72648582, 20.01318112, 28.48538872, 34.99030755, 37.63292885,
   37.94870923, 37.9591461 ],
 [ 13.13832515, 24.32147112, 34.44410763, 42.11070438, 45.17216793,
   45.53870445, 45.55097583],
 [ 15.63195664, 28.70755571, 40.46434695, 49.25629426, 52.71393111,
   53.12875262, 53.14280574],
 [ 18.20341764, 33.16264115, 46.5390519 , 56.42394145, 60.25787244,
   60.71884617, 60.7346358 ],
 [ 20.84576966, 37.67730617, 52.66147577, 63.61118664, 67.80371966,
   68.30897911, 68.32646603]]


 SandBox Genetic
logR
[-1.94591015,-1.25276297,-0.84729786,-0.55961579,-0.33647224,-0.15415068,
  0.        ]
IndexZero
10
Tq
[-40.96890986,-37.0657395 ,-33.17054705,-29.28677207,-25.41762829,
 -21.56431234,-17.73085415,-13.94343821,-10.25034295, -6.69354391,
  -3.28434867,  0.        ,  3.18792038,  6.29868936,  9.34326155,
  12.32754042, 15.25475398, 18.12713406, 20.94722049, 23.71873663,
  26.44683853]
Dq
[ 3.72444635, 3.70657395, 3.68561634, 3.66084651, 3.63108976, 3.59405206,
  3.54617083, 3.48585955, 3.41678098, 3.34677196, 3.28434867, 3.23206299,
  3.18792038, 3.14934468, 3.11442052, 3.0818851 , 3.0509508 , 3.02118901,
  2.99246007, 2.96484208, 2.93853761]
lnMrq
[[-12.12455674,-24.81204242,-38.34990126,-56.80280019,-75.01257428,
  -83.47407999,-83.51021948],
 [-11.40619673,-23.16378451,-35.51490759,-52.28928076,-68.83218978,
  -75.88778298,-75.91838159],
 [-10.67362364,-21.49490599,-32.67781414,-47.77307987,-62.63895655,
  -68.30070302,-68.32654364],
 [ -9.91820541,-19.79394682,-29.8359584 ,-43.25122365,-56.41561279,
  -60.71300465,-60.73470565],
 [ -9.12574287,-18.04300054,-26.98294607,-38.71690281,-50.11788452,
  -53.12481663,-53.14286761],
 [ -8.27329014,-16.21392082,-24.10268368,-34.15329429,-43.64746845,
  -45.53623957,-45.55102952],
 [ -7.32606631,-14.26151981,-21.15250465,-29.51460334,-36.87117259,
  -37.94735212,-37.95919139],
 [ -6.23877733,-12.11223099,-18.01750138,-24.66975537,-29.75898449,
  -30.35821574,-30.3673532 ],
 [ -4.96816224, -9.65879439,-14.44118567,-19.32954862,-22.42574265,
  -22.76887853,-22.77551497],
 [ -3.49402779, -6.80476039,-10.16058454,-13.29125898,-14.98807172,
  -15.17937817,-15.18367669],
 [ -1.82804702, -3.55373883, -5.26315182, -6.76428101, -7.50490762,
   -7.58974423, -7.59183837],
 [  0.        ,  0.        ,  0.        ,  0.        ,  0.        ,
    0.        ,  0.        ],
 [  1.96051052,  3.76348611,  5.47815982,  6.88830157,  7.51705255,
    7.58983615,  7.59183842],
 [  4.03210133,  7.6806196 , 11.10207313, 13.85434739, 15.04192028,
   15.17974967, 15.18367688],
 [  6.20172149, 11.72181649, 16.83775276, 20.8758055 , 22.57235712,
   22.76972897, 22.77551539],
 [  8.46245271, 15.87074478, 22.66620246, 27.94004165, 30.10704359,
   30.35976478, 30.36735394],
 [ 10.81121551, 20.11681092, 28.57518916, 35.03905693, 37.64512737,
   37.94984967, 37.95919254],
 [ 13.24657482, 24.45126013, 34.5555177 , 42.16736627, 45.18601837,
   45.5399776 , 45.55103118],
 [ 15.76660172, 28.8651605 , 40.59919169, 49.32097995, 52.72928651,
   53.13014368, 53.14286987],
 [ 18.36715755, 33.34866515, 46.69857301, 56.49686133, 60.27460582,
   60.72034387, 60.7347086 ],
 [ 21.04118817, 37.89123901, 52.84616073, 63.69261277, 67.82172154,
   68.31057484, 68.32654738]]
fitNessAverage
[ 19.89558344, 19.90115144, 19.90218418, 19.90653283, 19.91878895,
  19.91956563, 19.92284437, 19.91662915, 19.91526539, 19.93188184,
  19.94452941, 19.96189023, 19.97301323, 19.97459307, 19.98378454,
  19.99692515, 20.00406294, 19.99993   , 20.00101789, 20.00451765,
  19.99743906, 19.98718743, 19.98556654, 19.98070699, 19.98621046,
  19.98770645, 19.99981972, 20.0006611 , 20.00669784, 20.00620236,
  20.00684807, 20.00338487, 19.99781145, 20.00234075, 20.00757614,
  20.01150701, 20.01716024, 20.01904423, 20.02144047, 20.02591427,
  20.03419251, 20.04186626, 20.04485631, 20.04205423, 20.03744375,
  20.04278202, 20.04706862, 20.05006724, 20.05171922, 20.04975117,
  20.05175232, 20.04334756, 20.03783944, 20.04641495, 20.04325047,
  20.03131534, 20.02893416, 20.03244761]
fitNessMax
[ 20.0290195 , 20.10427464, 20.10427464, 20.09838121, 20.10693659,
  20.12615934, 20.13227108, 20.13227108, 20.12615934, 20.1408148 ,
  20.16588325, 20.16588325, 20.19320423, 20.19320423, 20.20392448,
  20.24461911, 20.24461911, 20.20030711, 20.23344478, 20.17102638,
  20.17102638, 20.17102638, 20.20582056, 20.15308275, 20.15308275,
  20.2205063 , 20.2205063 , 20.2205063 , 20.2205063 , 20.17597793,
  20.17597793, 20.17597793, 20.17597793, 20.15941313, 20.19583552,
  20.24422508, 20.27505716, 20.21655222, 20.21655222, 20.22204387,
  20.20970313, 20.21931743, 20.21931743, 20.20567952, 20.20340424,
  20.20340424, 20.21072149, 20.21058074, 20.24614161, 20.24614161,
  20.23942985, 20.23942985, 20.23942985, 20.23942985, 20.23942985,
  20.20070571, 20.20070571, 20.18838995]
fitNessMin
[ 19.76639866, 19.69488247, 19.67352377, 19.67352377, 19.67352377,
  19.7414393 , 19.7414393 , 19.7414393 , 19.74576398, 19.74576398,
  19.69561185, 19.75059612, 19.75059612, 19.75059612, 19.75059612,
  19.80740152, 19.80740152, 19.82711908, 19.82711908, 19.82711908,
  19.79272236, 19.79272236, 19.79272236, 19.79272236, 19.79272236,
  19.79272236, 19.79272236, 19.79272236, 19.79272236, 19.79272236,
  19.79272236, 19.77145288, 19.77145288, 19.77145288, 19.79272236,
  19.83797724, 19.83797724, 19.82931036, 19.82931036, 19.73383106,
  19.82931036, 19.82931036, 19.76892804, 19.82123364, 19.82931036,
  19.85675329, 19.85675329, 19.85675329, 19.85675329, 19.85442991,
  19.85442991, 19.83760455, 19.74975922, 19.82545269, 19.84470578,
  19.80588485, 19.80588485, 19.80588485]


 SandBox Simulated Annealing
logR
[-1.94591015,-1.25276297,-0.84729786,-0.55961579,-0.33647224,-0.15415068,
  0.        ]
IndexZero
10
Tq
[-40.99169393,-37.07561975,-33.16692415,-29.26873783,-25.38412292,
 -21.51550292,-17.67143022,-13.88308594,-10.19971343, -6.65995466,
  -3.26879191,  0.        ,  3.17558036,  6.27720151,  9.31532782,
  12.29494768, 15.21822545, 18.0865627 , 20.90217164, 23.66895769,
  26.3925376 ]
Dq
[ 3.72651763, 3.70756198, 3.68521379, 3.65859223, 3.62630327, 3.58591715,
  3.53428604, 3.47077149, 3.39990448, 3.32997733, 3.26879191, 3.21808222,
  3.17558036, 3.13860076, 3.10510927, 3.07373692, 3.04364509, 3.01442712,
  2.98602452, 2.95861971, 2.93250418]
lnMrq
[[-12.34537714,-24.7386157 ,-38.87223355,-57.6202333 ,-75.56418437,
  -83.47956519,-83.51023241],
 [-11.62201927,-23.10411403,-35.97922331,-53.0196976 ,-69.31578533,
  -75.89185649,-75.91839339],
 [-10.88219793,-21.45444339,-33.08352466,-48.41470366,-63.05059084,
  -68.30372718,-68.32655431],
 [-10.11646092,-19.77938793,-30.18217644,-43.80122668,-56.74873478,
  -60.71524786,-60.73471517],
 [ -9.30971636,-18.06124868,-27.26854562,-39.17099323,-50.3630158 ,
  -53.12647648,-53.14287597],
 [ -8.4383084 ,-16.26923643,-24.32692755,-34.5056762 ,-43.79904036,
  -45.53746063,-45.55103672],
 [ -7.46737938,-14.35029832,-21.31742844,-29.76007101,-36.94598612,
  -37.94823943,-37.95919741],
 [ -6.35259745,-12.21751934,-18.13341326,-24.81340925,-29.79298212,
  -30.35884501,-30.36735804],
 [ -5.05247858, -9.75278068,-14.52660707,-19.40406346,-22.4434491 ,
  -22.76930385,-22.77551861],
 [ -3.54857327, -6.86623382,-10.2191393 ,-13.33346331,-14.99802453,
  -15.17963779,-15.18367913],
 [ -1.85398636, -3.58061851, -5.28956745, -6.78345794, -7.50943327,
   -7.58986486, -7.59183959],
 [  0.        ,  0.        ,  0.        ,  0.        ,  0.        ,
    0.        ,  0.        ],
 [  1.98236361,  3.78242954,  5.49644411,  6.90268357,  7.52095317,
    7.5899444 ,  7.59183965],
 [  4.07097292,  7.71235807, 11.13252377, 13.87923552, 15.04920025,
   15.17995803, 15.18367935],
 [  6.25299389, 11.76230454, 16.87626059, 20.90845747, 22.58258482,
   22.77003228, 22.77551911],
 [  8.52255005, 15.91834934, 22.71042685, 27.97853086, 30.11986948,
   30.36015991, 30.36735893],
 [ 10.87801818, 20.17210658, 28.62434232, 35.08203061, 37.66027054,
   37.95033488, 37.95919879],
 [ 13.31931544, 24.51605568, 34.60995292, 42.21390232, 45.20325206,
   45.54055207, 45.55103872],
 [ 15.84531965, 28.9411604 , 40.65982459, 49.37049113, 52.74842563,
   53.13080713, 53.14287869],
 [ 18.45199846, 33.4364592 , 46.7663136 , 56.54901903, 60.29549707,
   60.72109637, 60.73471872],
 [ 21.13190703, 37.99002337, 52.92152434, 63.74728142, 67.84423593,
   68.31141663, 68.3265588 ]]


 BoxCounting Genetic
logR
[-2.07944154,-1.38629436,-0.98082925,-0.69314718,-0.47000363,-0.28768207,
 -0.13353139, 0.        ]
IndexZero
10
Tq
[-19.96958999,-18.31742084,-16.66560975,-15.01453364,-13.36498667,
 -11.71868643,-10.07949067, -8.45650512, -6.87225797, -5.37697202,
  -3.35643404,  0.        ,  3.26240838,  6.32922098,  9.27805729,
  12.14393424, 14.94569486, 17.69541448, 20.40179561, 23.07158662,
  25.71026415]
Dq
[ 1.81541727, 1.83174208, 1.85173442, 1.8768167 , 1.90928381, 1.9531144 ,
  2.01589813, 2.11412628, 2.29075266, 2.68848601, 3.35643404, 3.40263589,
  3.26240838, 3.16461049, 3.09268576, 3.03598356, 2.98913897, 2.94923575,
  2.91454223, 2.88394833, 2.85669602]
lnMrq
[[  8.11554931e+01,  7.97117495e+01,  7.87949325e+01,  7.77643714e+01,
    7.70243207e+01,  7.60584904e+01,  7.20065941e+01,  0.00000000e+00],
 [  7.35643402e+01,  7.21204633e+01,  7.12035693e+01,  7.01729690e+01,
    6.94329095e+01,  6.84667409e+01,  6.44147324e+01,  0.00000000e+00],
 [  6.59739141e+01,  6.45297666e+01,  6.36127153e+01,  6.25820366e+01,
    6.18419564e+01,  6.08751056e+01,  5.68228707e+01,  0.00000000e+00],
 [  5.83849790e+01,  5.69402780e+01,  5.60229020e+01,  5.49920663e+01,
    5.42519350e+01,  5.32837028e+01,  4.92310090e+01,  0.00000000e+00],
 [  5.07991426e+01,  4.93532982e+01,  4.84352407e+01,  4.74040901e+01,
    4.66638254e+01,  4.56927777e+01,  4.16391475e+01,  0.00000000e+00],
 [  4.32198713e+01,  4.17716363e+01,  4.08521112e+01,  3.98203244e+01,
    3.90796912e+01,  3.81028490e+01,  3.40472876e+01,  0.00000000e+00],
 [  3.56549049e+01,  3.42016286e+01,  3.32788149e+01,  3.22457189e+01,
    3.15040059e+01,  3.05150481e+01,  2.64554480e+01,  0.00000000e+00],
 [  2.81222888e+01,  2.66586250e+01,  2.57279599e+01,  2.46920401e+01,
    2.39469606e+01,  2.29319667e+01,  1.88638515e+01,  0.00000000e+00],
 [  2.06655239e+01,  1.91845468e+01,  1.82332484e+01,  1.71905042e+01,
    1.64340475e+01,  1.53600550e+01,  1.12751793e+01,  0.00000000e+00],
 [  1.33849347e+01,  1.19163329e+01,  1.09079075e+01,  9.84400865e+00,
    9.04288869e+00,  7.81829937e+00,  3.74459174e+00,  0.00000000e+00],
 [  6.45430194e+00,  5.31463353e+00,  4.30972472e+00,  3.22961792e+00,
    2.24177295e+00,  9.00161350e-01,  2.95588022e-02,  0.00000000e+00],
 [  0.00000000e+00,  0.00000000e+00,  0.00000000e+00,  0.00000000e+00,
    0.00000000e+00,  0.00000000e+00,  0.00000000e+00,  0.00000000e+00],
 [ -6.04739565e+00, -4.38684455e+00, -2.69062385e+00, -1.04892579e+00,
   -1.26467524e-01, -5.95976459e-03, -1.40476895e-04,  0.00000000e+00],
 [ -1.18309340e+01, -8.36419898e+00, -4.90049843e+00, -1.74521387e+00,
   -1.90965810e-01, -8.94761817e-03, -2.10631683e-04,  0.00000000e+00],
 [ -1.74425361e+01, -1.21197340e+01, -6.89079777e+00, -2.32507163e+00,
   -2.48158579e-01, -1.12964825e-02, -2.79996814e-04,  0.00000000e+00],
 [ -2.29289282e+01, -1.57252458e+01, -8.74283100e+00, -2.84264590e+00,
   -3.01874217e-01, -1.33253211e-02, -3.48940073e-04,  0.00000000e+00],
 [ -2.83159083e+01, -1.92182045e+01, -1.04959943e+01, -3.31943549e+00,
   -3.52880904e-01, -1.51468804e-02, -4.17466322e-04,  0.00000000e+00],
 [ -3.36200822e+01, -2.26225416e+01, -1.21743761e+01, -3.76637811e+00,
   -4.01540494e-01, -1.68175173e-02, -4.85578240e-04,  0.00000000e+00],
 [ -3.88536440e+01, -2.59551612e+01, -1.37945701e+01, -4.18987686e+00,
   -4.48118045e-01, -1.83735673e-02, -5.53278477e-04,  0.00000000e+00],
 [ -4.40263967e+01, -2.92286144e+01, -1.53687663e+01, -4.59409264e+00,
   -4.92833607e-01, -1.98413717e-02, -6.20569662e-04,  0.00000000e+00],
 [ -4.91466364e+01, -3.24525470e+01, -1.69062698e+01, -4.98196989e+00,
   -5.35875351e-01, -2.12408302e-02, -6.87454412e-04,  0.00000000e+00]]
fitNessAverage
[ 23.25930845, 23.24305654, 23.23826455, 23.23271555, 23.24402475,
  23.24452072, 23.23497655, 23.23255722, 23.22872347, 23.22653797,
  23.22812143, 23.22197819, 23.22765479, 23.23838163, 23.22577149,
  23.22472686, 23.22230473, 23.23204657, 23.23756479, 23.244331  ,
  23.24375915, 23.24322044, 23.23842079, 23.224841  , 23.21378971,
  23.20119014, 23.19587685, 23.19476126, 23.20412388, 23.19879632,
  23.18776787, 23.19158532, 23.20203377, 23.20640018, 23.20209384,
  23.20624492, 23.21751908, 23.20128249, 23.19882536, 23.19323591,
  23.19325342, 23.18425622, 23.18903639, 23.19080194]
fitNessMax
[ 23.42800623, 23.42800623, 23.42800623, 23.43901228, 23.43901228,
  23.43901228, 23.4425126 , 23.4425126 , 23.4425126 , 23.4425126 ,
  23.41595152, 23.41595152, 23.41373283, 23.48875455, 23.46783609,
  23.46783609, 23.46783609, 23.46783609, 23.43395171, 23.49059881,
  23.44268394, 23.42066551, 23.53294169, 23.53294169, 23.46151716,
  23.42395085, 23.42066551, 23.42066551, 23.42066551, 23.46742151,
  23.46742151, 23.48993922, 23.48993922, 23.48993922, 23.49466739,
  23.49466739, 23.49466739, 23.47850871, 23.47850871, 23.47099077,
  23.47099077, 23.45978316, 23.45978316, 23.45978316]
fitNessMin
[ 23.15074904, 23.02233875, 23.02233875, 23.03519827, 23.03519827,
  23.02858829, 23.03519827, 23.03519827, 23.02786761, 22.98894581,
  23.02786761, 23.00849838, 22.97807193, 23.00849838, 23.03401465,
  22.98835987, 22.98835987, 22.98283702, 22.98283702, 22.93984855,
  22.93984855, 22.98835987, 22.96420617, 22.96420617, 22.96420617,
  22.99022007, 22.98388692, 22.93653323, 22.9855922 , 22.97016186,
  22.93137279, 22.91661717, 22.91661717, 22.93137279, 22.90605171,
  22.90605171, 22.90605171, 22.89013062, 22.89013062, 22.89013062,
  22.89013062, 22.89013062, 22.89013062, 22.92196721]


 BoxCounting Simulated Annealing
logR
[-2.07944154,-1.38629436,-0.98082925,-0.69314718,-0.47000363,-0.28768207,
 -0.13353139, 0.        ]
IndexZero
10
Tq
[-19.96958999,-18.31742084,-16.66560975,-15.01453364,-13.36498667,
 -11.71868643,-10.07949067, -8.45650512, -6.87225797, -5.37697202,
  -3.35643404,  0.        ,  3.26240838,  6.32922098,  9.27805729,
  12.14393424, 14.94569486, 17.69541448, 20.40179561, 23.07158662,
  25.71026415]
Dq
[ 1.81541727, 1.83174208, 1.85173442, 1.8768167 , 1.90928381, 1.9531144 ,
  2.01589813, 2.11412628, 2.29075266, 2.68848601, 3.35643404, 3.40263589,
  3.26240838, 3.16461049, 3.09268576, 3.03598356, 2.98913897, 2.94923575,
  2.91454223, 2.88394833, 2.85669602]
lnMrq
[[  8.11554931e+01,  7.97117495e+01,  7.87949325e+01,  7.77643714e+01,
    7.70243207e+01,  7.60584904e+01,  7.20065941e+01,  0.00000000e+00],
 [  7.35643402e+01,  7.21204633e+01,  7.12035693e+01,  7.01729690e+01,
    6.94329095e+01,  6.84667409e+01,  6.44147324e+01,  0.00000000e+00],
 [  6.59739141e+01,  6.45297666e+01,  6.36127153e+01,  6.25820366e+01,
    6.18419564e+01,  6.08751056e+01,  5.68228707e+01,  0.00000000e+00],
 [  5.83849790e+01,  5.69402780e+01,  5.60229020e+01,  5.49920663e+01,
    5.42519350e+01,  5.32837028e+01,  4.92310090e+01,  0.00000000e+00],
 [  5.07991426e+01,  4.93532982e+01,  4.84352407e+01,  4.74040901e+01,
    4.66638254e+01,  4.56927777e+01,  4.16391475e+01,  0.00000000e+00],
 [  4.32198713e+01,  4.17716363e+01,  4.08521112e+01,  3.98203244e+01,
    3.90796912e+01,  3.81028490e+01,  3.40472876e+01,  0.00000000e+00],
 [  3.56549049e+01,  3.42016286e+01,  3.32788149e+01,  3.22457189e+01,
    3.15040059e+01,  3.05150481e+01,  2.64554480e+01,  0.00000000e+00],
 [  2.81222888e+01,  2.66586250e+01,  2.57279599e+01,  2.46920401e+01,
    2.39469606e+01,  2.29319667e+01,  1.88638515e+01,  0.00000000e+00],
 [  2.06655239e+01,  1.91845468e+01,  1.82332484e+01,  1.71905042e+01,
    1.64340475e+01,  1.53600550e+01,  1.12751793e+01,  0.00000000e+00],
 [  1.33849347e+01,  1.19163329e+01,  1.09079075e+01,  9.84400865e+00,
    9.04288869e+00,  7.81829937e+00,  3.74459174e+00,  0.00000000e+00],
 [  6.45430194e+00,  5.31463353e+00,  4.30972472e+00,  3.22961792e+00,
    2.24177295e+00,  9.00161350e-01,  2.95588022e-02,  0.00000000e+00],
 [  0.00000000e+00,  0.00000000e+00,  0.00000000e+00,  0.00000000e+00,
    0.00000000e+00,  0.00000000e+00,  0.00000000e+00,  0.00000000e+00],
 [ -6.04739565e+00, -4.38684455e+00, -2.69062385e+00, -1.04892579e+00,
   -1.26467524e-01, -5.95976459e-03, -1.40476895e-04,  0.00000000e+00],
 [ -1.18309340e+01, -8.36419898e+00, -4.90049843e+00, -1.74521387e+00,
   -1.90965810e-01, -8.94761817e-03, -2.10631683e-04,  0.00000000e+00],
 [ -1.74425361e+01, -1.21197340e+01, -6.89079777e+00, -2.32507163e+00,
   -2.48158579e-01, -1.12964825e-02, -2.79996814e-04,  0.00000000e+00],
 [ -2.29289282e+01, -1.57252458e+01, -8.74283100e+00, -2.84264590e+00,
   -3.01874217e-01, -1.33253211e-02, -3.48940073e-04,  0.00000000e+00],
 [ -2.83159083e+01, -1.92182045e+01, -1.04959943e+01, -3.31943549e+00,
   -3.52880904e-01, -1.51468804e-02, -4.17466322e-04,  0.00000000e+00],
 [ -3.36200822e+01, -2.26225416e+01, -1.21743761e+01, -3.76637811e+00,
   -4.01540494e-01, -1.68175173e-02, -4.85578240e-04,  0.00000000e+00],
 [ -3.88536440e+01, -2.59551612e+01, -1.37945701e+01, -4.18987686e+00,
   -4.48118045e-01, -1.83735673e-02, -5.53278477e-04,  0.00000000e+00],
 [ -4.40263967e+01, -2.92286144e+01, -1.53687663e+01, -4.59409264e+00,
   -4.92833607e-01, -1.98413717e-02, -6.20569662e-04,  0.00000000e+00],
 [ -4.91466364e+01, -3.24525470e+01, -1.69062698e+01, -4.98196989e+00,
   -5.35875351e-01, -2.12408302e-02, -6.87454412e-04,  0.00000000e+00]]


Execution time

Box Counting	Box Counting Fixed	SandBox	Genetic SandBox	Simulated SandBox	Genetic BCFS	Simulated BCFS
[ 68581.7578299 , 70942.03717184,  1647.58905506, 26952.55496192,
   8707.16085505, 18637.00811219,  8856.55711794, 13702.76590586,
   8855.79008102]
Fractal dimension
3.31089262088