FSBCAlgorithm
logR
[-1.38629436,-0.69314718,-0.28768207, 0.        ]IndexZero
10
Tq
[ -2.79951881e+01, -2.52825298e+01, -2.25704515e+01, -1.98594427e+01,
  -1.71504830e+01, -1.44455664e+01, -1.17488205e+01, -9.06898836e+00,
  -6.42568196e+00, -3.87196964e+00, -1.59712920e+00,  4.88146673e-18,
   9.42355553e-01,  1.63987128e+00,  2.27693424e+00,  2.89607724e+00,
   3.50788606e+00,  4.11580598e+00,  4.72129249e+00,  5.32510199e+00,
   5.92768788e+00]
Dq
[ 2.5450171 , 2.52825298, 2.50782794, 2.48243034, 2.450069  , 2.40759439,
  2.34976409, 2.26724709, 2.14189399, 1.93598482, 1.5971292 , 1.20188991,
  0.94235555, 0.81993564, 0.75897808, 0.72401931, 0.70157721, 0.68596766,
  0.67447036, 0.66563775, 0.65863199]
lnMrq
[[  3.63122269e+01,  1.48179436e+01,  0.00000000e+00,  0.00000000e+00],
 [  3.27976466e+01,  1.33509557e+01,  0.00000000e+00,  0.00000000e+00],
 [  2.92837075e+01,  1.18851455e+01,  0.00000000e+00,  0.00000000e+00],
 [  2.57710373e+01,  1.04208290e+01,  0.00000000e+00,  0.00000000e+00],
 [  2.22609036e+01,  8.95854844e+00,  0.00000000e+00,  0.00000000e+00],
 [  1.87558911e+01,  7.49937200e+00,  0.00000000e+00,  0.00000000e+00],
 [  1.52613256e+01,  6.04570499e+00,  0.00000000e+00,  0.00000000e+00],
 [  1.17883768e+01,  4.60351417e+00,  0.00000000e+00,  0.00000000e+00],
 [  8.36185302e+00,  3.18811918e+00,  0.00000000e+00,  0.00000000e+00],
 [  5.04919969e+00,  1.83849501e+00,  0.00000000e+00,  0.00000000e+00],
 [  2.09083091e+00,  6.94769041e-01,  0.00000000e+00,  0.00000000e+00],
 [ -6.66133815e-18,  0.00000000e+00,  0.00000000e+00,  0.00000000e+00],
 [ -1.22347674e+00, -4.89711328e-01,  0.00000000e+00,  0.00000000e+00],
 [ -2.12118551e+00, -9.14014947e-01,  0.00000000e+00,  0.00000000e+00],
 [ -2.93981614e+00, -1.31153756e+00,  0.00000000e+00,  0.00000000e+00],
 [ -3.73546512e+00, -1.69752046e+00,  0.00000000e+00,  0.00000000e+00],
 [ -4.52181653e+00, -2.07793226e+00,  0.00000000e+00,  0.00000000e+00],
 [ -5.30326296e+00, -2.45519417e+00,  0.00000000e+00,  0.00000000e+00],
 [ -6.08165242e+00, -2.83038901e+00,  0.00000000e+00,  0.00000000e+00],
 [ -6.85794660e+00, -3.20406965e+00,  0.00000000e+00,  0.00000000e+00],
 [ -7.63272297e+00, -3.57655935e+00,  0.00000000e+00,  0.00000000e+00]]

\SBAlgorithm
logR
[-1.38629436,-0.69314718,-0.28768207, 0.        ]IndexZero
10
Tq
[-20.00780232,-18.09181998,-16.17457127,-14.2589231 ,-12.3490864 ,
 -10.45089808, -8.57214452, -6.72317354, -4.91819065, -3.17654083,
  -1.52336142,  0.        ,  1.31884889,  2.36859185,  3.18395052,
   3.86058395,  4.46920849,  5.04465602,  5.60258736,  6.15040555,
   6.69194806]
Dq
[ 1.81889112, 1.809182  , 1.79717459, 1.78236539, 1.7641552 , 1.74181635,
  1.7144289 , 1.68079339, 1.63939688, 1.58827042, 1.52336142, 1.43601272,
  1.31884889, 1.18429592, 1.06131684, 0.96514599, 0.8938417 , 0.840776  ,
  0.80036962, 0.76880069, 0.74354978]
lnMrq
[[-11.54735147,-25.18950299,-35.27311431,-38.34863294],
 [-10.67499163,-23.14191052,-32.1925831 ,-34.89939199],
 [ -9.79129555,-21.0902537 ,-29.09551977,-31.44041027],
 [ -8.89164245,-19.0315329 ,-25.97803115,-27.97222332],
 [ -7.97003874,-16.96038823,-22.83619665,-24.4955957 ],
 [ -7.01908435,-14.86723447,-19.66652432,-21.01143863],
 [ -6.03008108,-12.73486232,-16.46641681,-17.52072651],
 [ -4.99307789,-10.5320673 ,-13.2344864 ,-14.02442571],
 [ -3.89624647, -8.20452663, -9.97060556,-10.52344237],
 [ -2.72317547, -5.68151125, -6.6757074 , -7.01859038],
 [ -1.44471465, -2.93178437, -3.35146584, -3.5105768 ],
 [  0.        ,  0.        ,  0.        ,  0.        ],
 [  1.7198329 ,  3.04949357,  3.37632509,  3.51264382],
 [  3.80676417,  6.17677948,  6.77501099,  7.02694964],
 [  6.21461128,  9.3628687 , 10.19349681, 10.54259094],
 [  8.81293172, 12.59781752, 13.62922512, 14.05930689],
 [ 11.50503697, 15.87444597, 17.0797147 , 17.57689069],
 [ 14.24320965, 19.18625627, 20.54263334, 21.09517916],
 [ 17.00595082, 22.52713412, 24.01585834, 24.61404409],
 [ 19.7830717 , 25.89154787, 27.49751552, 28.13338496],
 [ 22.56926789, 29.27473817, 30.98599465, 31.65312306]]


 SandBox Genetic
logR
[-1.38629436,-0.69314718,-0.28768207, 0.        ]IndexZero
10
Tq
[-18.68014359,-16.88125187,-15.08465297,-13.29208854,-11.50642537,
  -9.7322294 , -7.97634311, -6.2481852 , -4.56001661, -2.92941869,
  -1.38850859,  0.        ,  1.15206292,  2.04368893,  2.74934075,
   3.35649115,  3.91535929,  4.44879823,  4.96722616,  5.47589563,
   5.97777801]
Dq
[ 1.69819487, 1.68812519, 1.67607255, 1.66151107, 1.64377505, 1.62203823,
  1.59526862, 1.5620463 , 1.52000554, 1.46470935, 1.38850859, 1.28298688,
  1.15206292, 1.02184447, 0.91644692, 0.83912279, 0.78307186, 0.74146637,
  0.70960374, 0.68448695, 0.66419756]
lnMrq
[[-13.56334209,-28.20803368,-36.15361163,-38.68742919],
 [-12.45482002,-25.89627135,-32.91551755,-35.17136151],
 [-11.34207693,-23.57664977,-29.67234012,-31.65509345],
 [-10.22313328,-21.24256245,-26.42291106,-28.13862693],
 [ -9.0950208 ,-18.88240059,-23.16582271,-24.62196395],
 [ -7.95329681,-16.47721717,-19.89942715,-21.10510654],
 [ -6.79134275,-14.00013901,-16.62186594,-17.5880568 ],
 [ -5.59930044,-11.42171718,-13.33114294,-14.07081689],
 [ -4.3621163 , -8.72278319,-10.02524822,-10.55338899],
 [ -3.05482357, -5.90543658, -6.70233014, -7.03577535],
 [ -1.63047192, -2.98968689, -3.36089547, -3.51797825],
 [  0.        ,  0.        ,  0.        ,  0.        ],
 [  1.95381533,  3.04452244,  3.38061667,  3.51815703],
 [  4.26502454,  6.13219221,  6.78048993,  7.03649047],
 [  6.83237299,  9.25681039, 10.19849481, 10.55499788],
 [  9.53626913, 12.41522184, 13.63299758, 14.07367684],
 [ 12.30767536, 15.60555428, 17.08205272, 17.59252486],
 [ 15.11481931, 18.82621043, 20.54359982, 21.11153947],
 [ 17.94294061, 22.07539809, 24.01562628, 24.63071815],
 [ 20.78443214, 25.35098913, 27.49627971, 28.15005839],
 [ 23.63492307, 28.65055722, 30.98393044, 31.66955765]]