
 BoxCounting Genetic
logR
[-2.07944154,-1.38629436,-0.98082925,-0.69314718,-0.47000363,-0.28768207,
 -0.13353139, 0.        ]
IndexZero
10
Tq
[-19.97957611,-18.32740207,-16.67558161,-15.02448808,-13.37491031,
 -11.7285608 ,-10.08930564, -8.46633946, -6.88281613, -5.39426883,
  -3.3607098 ,  0.        ,  3.2616541 ,  6.32922642,  9.27984427,
  12.14806932, 14.9520466 , 17.70319212, 20.4098887 , 23.07897903,
  25.71633777]
Dq
[ 1.8163251 , 1.83274021, 1.8528424 , 1.87806101, 1.91070147, 1.95476013,
  2.01786113, 2.11658487, 2.29427204, 2.69713441, 3.3607098 , 3.40074585,
  3.2616541 , 3.16461321, 3.09328142, 3.03701733, 2.99040932, 2.95053202,
  2.91569839, 2.88487238, 2.85737086]
lnMrq
[[  8.11465545e+01,  7.96905812e+01,  7.88083418e+01,  7.77501189e+01,
    7.71067854e+01,  7.58883401e+01,  7.20065941e+01,  0.00000000e+00],
 [  7.35553884e+01,  7.20993100e+01,  7.12169499e+01,  7.01587839e+01,
    6.95152518e+01,  6.82966614e+01,  6.44147324e+01,  0.00000000e+00],
 [  6.59649364e+01,  6.45086439e+01,  6.36260388e+01,  6.25679863e+01,
    6.19240534e+01,  6.07051676e+01,  5.68228707e+01,  0.00000000e+00],
 [  5.83759514e+01,  5.69192190e+01,  5.60361119e+01,  5.49782855e+01,
    5.43335400e+01,  5.31140478e+01,  4.92310090e+01,  0.00000000e+00],
 [  5.07900211e+01,  4.93323737e+01,  4.84482259e+01,  4.73908471e+01,
    4.67444438e+01,  4.55236884e+01,  4.16391473e+01,  0.00000000e+00],
 [  4.32105809e+01,  4.17510035e+01,  4.08646574e+01,  3.98081542e+01,
    3.91583370e+01,  3.79348913e+01,  3.40472856e+01,  0.00000000e+00],
 [  3.56453390e+01,  3.41816487e+01,  3.32905242e+01,  3.22356833e+01,
    3.15787383e+01,  3.03493610e+01,  2.64554239e+01,  0.00000000e+00],
 [  2.81123745e+01,  2.66401505e+01,  2.57381634e+01,  2.46862230e+01,
    2.40140778e+01,  2.27708946e+01,  1.88635621e+01,  0.00000000e+00],
 [  2.06555332e+01,  1.91695501e+01,  1.82411096e+01,  1.71927679e+01,
    1.64869795e+01,  1.52087778e+01,  1.12717132e+01,  0.00000000e+00],
 [  1.33762780e+01,  1.19085586e+01,  1.09133785e+01,  9.85945294e+00,
    9.07210190e+00,  7.69051307e+00,  3.70475305e+00,  0.00000000e+00],
 [  6.44964860e+00,  5.31537112e+00,  4.31495157e+00,  3.25269737e+00,
    2.25129180e+00,  8.62889955e-01,  1.98026273e-02,  0.00000000e+00],
 [  0.00000000e+00,  0.00000000e+00,  0.00000000e+00,  0.00000000e+00,
    0.00000000e+00,  0.00000000e+00,  0.00000000e+00,  0.00000000e+00],
 [ -6.04541196e+00, -4.39162266e+00, -2.70655635e+00, -1.10840833e+00,
   -1.42296346e-01, -2.93604479e-03, -2.01716557e-05,  0.00000000e+00],
 [ -1.18298310e+01, -8.37320693e+00, -4.93525295e+00, -1.86236556e+00,
   -2.16405962e-01, -4.40209083e-03, -3.02576361e-05,  0.00000000e+00],
 [ -1.74442476e+01, -1.21318226e+01, -6.94864338e+00, -2.49267630e+00,
   -2.81139412e-01, -5.85577056e-03, -4.03335457e-05,  0.00000000e+00],
 [ -2.29345129e+01, -1.57375861e+01, -8.83206206e+00, -3.05506610e+00,
   -3.41447145e-01, -7.30264133e-03, -5.04044704e-05,  0.00000000e+00],
 [ -2.83253755e+01, -1.92257585e+01, -1.06271661e+01, -3.57227218e+00,
   -3.98517755e-01, -8.74283785e-03, -6.04704153e-05,  0.00000000e+00],
 [ -3.36322136e+01, -2.26192529e+01, -1.23583655e+01, -4.05618038e+00,
   -4.52903912e-01, -1.01764367e-02, -7.05313828e-05,  0.00000000e+00],
 [ -3.88661011e+01, -2.59359768e+01, -1.40413938e+01, -4.51401195e+00,
   -5.04972761e-01, -1.16035125e-02, -8.05873753e-05,  0.00000000e+00],
 [ -4.40361201e+01, -2.91911013e+01, -1.56870024e+01, -4.95062749e+00,
   -5.55006423e-01, -1.30241386e-02, -9.06383951e-05,  0.00000000e+00],
 [ -4.91503766e+01, -3.23975035e+01, -1.73028392e+01, -5.36954340e+00,
   -6.03234081e-01, -1.44383872e-02, -1.00684445e-04,  0.00000000e+00]]
fitNessAverage
[ 23.30660599, 23.32361795, 23.34219049, 23.35148344, 23.35902066,
  23.36424402, 23.36892203, 23.37430702, 23.38172211, 23.3766445 ,
  23.37981919, 23.37849583, 23.38092451, 23.377442  , 23.3744196 ,
  23.37295806, 23.37463133, 23.37233065, 23.36950949, 23.35965977,
  23.35514079, 23.35293964, 23.35988768, 23.36475695]
fitNessMax
[ 23.40625569, 23.53951387, 23.5587289 , 23.53951387, 23.53951387,
  23.49038134, 23.52002273, 23.51774193, 23.54708485, 23.54708485,
  23.54708485, 23.51951249, 23.54316888, 23.5160046 , 23.5160046 ,
  23.51595849, 23.51464446, 23.50679235, 23.50679235, 23.50679235,
  23.50679235, 23.50679235, 23.53725059, 23.55207454]
fitNessMin
[ 23.13652504, 23.13652504, 23.13652504, 23.13652504, 23.17686973,
  23.17686973, 23.17686973, 23.17686973, 23.17686973, 23.17686973,
  23.18694048, 23.19387196, 23.19104904, 23.19104904, 23.18572834,
  23.18572834, 23.18439653, 23.17972958, 23.18572834, 23.16034703,
  23.17685277, 23.17685277, 23.1364855 , 23.08382989]


 BoxCounting Simulated Annealing
logR
[-1.94591015,-1.25276297,-0.84729786,-0.55961579,-0.33647224,-0.15415068,
  0.        ]
IndexZero
10
Tq
[ -3.90382812e+01, -3.54295904e+01, -3.18212621e+01, -2.82136675e+01,
  -2.46075768e+01, -2.10046333e+01, -1.74084880e+01, -1.38276870e+01,
  -1.02833383e+01, -6.82933504e+00, -3.55217397e+00, -2.20940782e-17,
   3.45554970e+00,  6.73626193e+00,  9.91213443e+00,  1.30185043e+01,
   1.60761857e+01,  1.90989506e+01,  2.20963512e+01,  2.50751066e+01,
   2.80399582e+01]
Dq
[ 3.54893465, 3.54295904, 3.53569579, 3.52670843, 3.51536811, 3.50077222,
  3.4816976 , 3.45692176, 3.42777942, 3.41466752, 3.55217397, 3.5771113 ,
  3.4555497 , 3.36813096, 3.30404481, 3.25462609, 3.21523715, 3.18315843,
  3.15662159, 3.13438832, 3.11555091]
lnMrq
[[  8.10667238e+01,  7.95302818e+01,  7.85579612e+01,  7.70178866e+01,
    6.89872502e+01,  0.00000000e+00,  0.00000000e+00],
 [  7.34754850e+01,  7.19391746e+01,  7.09663943e+01,  6.94266885e+01,
    6.20886930e+01,  0.00000000e+00,  0.00000000e+00],
 [  6.58848909e+01,  6.43488374e+01,  6.33751395e+01,  6.18361680e+01,
    5.51903720e+01,  0.00000000e+00,  0.00000000e+00],
 [  5.82956321e+01,  5.67600711e+01,  5.57845467e+01,  5.42470337e+01,
    4.82926424e+01,  0.00000000e+00,  0.00000000e+00],
 [  5.07091867e+01,  4.91745400e+01,  4.81954025e+01,  4.66607744e+01,
    4.13963962e+01,  0.00000000e+00,  0.00000000e+00],
 [  4.31288229e+01,  4.15957642e+01,  4.06095767e+01,  3.90806160e+01,
    3.45038879e+01,  0.00000000e+00,  0.00000000e+00],
 [  3.55620850e+01,  3.40313865e+01,  3.30318614e+01,  3.15139094e+01,
    2.76208880e+01,  0.00000000e+00,  0.00000000e+00],
 [  2.80272970e+01,  2.64987548e+01,  2.54756923e+01,  2.39787745e+01,
    2.07625207e+01,  0.00000000e+00,  0.00000000e+00],
 [  2.05705452e+01,  1.90411045e+01,  1.79824100e+01,  1.65251113e+01,
    1.39695141e+01,  0.00000000e+00,  0.00000000e+00],
 [  1.33011429e+01,  1.17916624e+01,  1.06924510e+01,  9.31003714e+00,
    7.34831487e+00,  0.00000000e+00,  0.00000000e+00],
 [  6.40522846e+00,  5.22574667e+00,  4.18965474e+00,  2.99573227e+00,
    1.38629436e+00,  0.00000000e+00,  0.00000000e+00],
 [  0.00000000e+00,  0.00000000e+00,  0.00000000e+00, -1.11022302e-16,
   -1.11022302e-16,  0.00000000e+00,  0.00000000e+00],
 [ -6.00590625e+00, -4.34598736e+00, -2.48414427e+00, -9.51939715e-01,
   -1.92201465e-02,  0.00000000e+00,  0.00000000e+00],
 [ -1.17602401e+01, -8.34874611e+00, -4.47633981e+00, -1.61020155e+00,
   -2.88973158e-02,  0.00000000e+00,  0.00000000e+00],
 [ -1.73550501e+01, -1.21764981e+01, -6.29913500e+00, -2.20138892e+00,
   -3.85300810e-02,  0.00000000e+00,  0.00000000e+00],
 [ -2.28410614e+01, -1.58939512e+01, -8.04707720e+00, -2.77037372e+00,
   -4.81626031e-02,  0.00000000e+00,  0.00000000e+00],
 [ -2.82496023e+01, -1.95365766e+01, -9.75501409e+00, -3.33114506e+00,
   -5.77951237e-02,  0.00000000e+00,  0.00000000e+00],
 [ -3.36018602e+01, -2.31270210e+01, -1.14390665e+01, -3.88879313e+00,
   -6.74276443e-02,  0.00000000e+00,  0.00000000e+00],
 [ -3.89127034e+01, -2.66805783e+01, -1.31082091e+01, -4.44524682e+00,
   -7.70601649e-02,  0.00000000e+00,  0.00000000e+00],
 [ -4.41926685e+01, -3.02078116e+01, -1.47679369e+01, -5.00124339e+00,
   -8.66926855e-02,  0.00000000e+00,  0.00000000e+00],
 [ -4.94492261e+01, -3.37161088e+01, -1.64217236e+01, -5.55706503e+00,
   -9.63252061e-02,  0.00000000e+00,  0.00000000e+00]]


 Fixed Size Genetic
logR
[-2.07944154,-1.38629436,-0.98082925,-0.69314718,-0.47000363,-0.28768207,
 -0.13353139, 0.        ]
IndexZero
10
Tq
[-20.09488485,-18.44255   ,-16.79040846,-15.13867484,-13.48782487,
 -11.83896185,-10.19479693, -8.56244282, -6.96163425, -5.44165308,
  -3.36059491,  0.        ,  3.25812842,  6.31763709,  9.25437618,
  12.1002239 , 14.87046025, 17.57418795, 20.21863589, 22.81094885,
  25.35863837]
Dq
[ 1.82680771, 1.844255  , 1.86560094, 1.89233435, 1.92683212, 1.97316031,
  2.03895939, 2.1406107 , 2.32054475, 2.72082654, 3.36059491, 3.39998533,
  3.25812842, 3.15881854, 3.08479206, 3.02505598, 2.97409205, 2.92903132,
  2.88837656, 2.85136861, 2.81762649]
lnMrq
[[  8.11397169e+01,  7.96876049e+01,  7.87739487e+01,  7.77862470e+01,
    7.71219890e+01,  7.58985547e+01,  7.13144230e+01,  0.00000000e+00],
 [  7.35485541e+01,  7.20963547e+01,  7.11826797e+01,  7.01948446e+01,
    6.95305306e+01,  6.83068340e+01,  6.37235365e+01,  0.00000000e+00],
 [  6.59581087e+01,  6.45057309e+01,  6.35920151e+01,  6.26039130e+01,
    6.19394831e+01,  6.07152559e+01,  5.61336222e+01,  0.00000000e+00],
 [  5.83691366e+01,  5.69163914e+01,  5.60025830e+01,  5.50139470e+01,
    5.43492732e+01,  5.31239667e+01,  4.85456440e+01,  0.00000000e+00],
 [  5.07832309e+01,  4.93297186e+01,  4.84156903e+01,  4.74259878e+01,
    4.67607875e+01,  4.55332668e+01,  4.09615043e+01,  0.00000000e+00],
 [  4.32038368e+01,  4.17486968e+01,  4.08341098e+01,  3.98422845e+01,
    3.91759061e+01,  3.79437844e+01,  3.33849100e+01,  0.00000000e+00],
 [  3.56386784e+01,  3.41800402e+01,  3.32639167e+01,  3.22678955e+01,
    3.15987435e+01,  3.03568745e+01,  2.58229013e+01,  0.00000000e+00],
 [  2.81058561e+01,  2.66398988e+01,  2.57191395e+01,  2.47149240e+01,
    2.40387781e+01,  2.27756290e+01,  1.82881980e+01,  0.00000000e+00],
 [  2.06492430e+01,  1.91716757e+01,  1.82354849e+01,  1.72153862e+01,
    1.65199277e+01,  1.52078850e+01,  1.08017172e+01,  0.00000000e+00],
 [  1.33704238e+01,  1.19133691e+01,  1.09253789e+01,  9.87212406e+00,
    9.11546103e+00,  7.67809729e+00,  3.42523987e+00,  0.00000000e+00],
 [  6.44521175e+00,  5.31802195e+00,  4.32585303e+00,  3.24959900e+00,
    2.27521390e+00,  8.45868268e-01,  1.98026273e-02,  0.00000000e+00],
 [  0.00000000e+00,  0.00000000e+00,  0.00000000e+00,  0.00000000e+00,
    0.00000000e+00,  0.00000000e+00,  0.00000000e+00,  0.00000000e+00],
 [ -6.03592890e+00, -4.38051649e+00, -2.70401870e+00, -1.05695624e+00,
   -1.24607339e-01, -3.32099869e-03, -3.02474534e-05,  0.00000000e+00],
 [ -1.18042473e+01, -8.33750939e+00, -4.94682953e+00, -1.76293085e+00,
   -1.88347962e-01, -4.97905558e-03, -4.53715232e-05,  0.00000000e+00],
 [ -1.73936389e+01, -1.20549388e+01, -6.98966339e+00, -2.36259628e+00,
   -2.43591475e-01, -6.60671272e-03, -6.04704102e-05,  0.00000000e+00],
 [ -2.28464428e+01, -1.55967423e+01, -8.91357843e+00, -2.91021736e+00,
   -2.94741384e-01, -8.21838405e-03, -7.55568193e-05,  0.00000000e+00],
 [ -2.81828601e+01, -1.89929946e+01, -1.07566952e+01, -3.42521741e+00,
   -3.43031787e-01, -9.81479322e-03, -9.06307730e-05,  0.00000000e+00],
 [ -3.34133986e+01, -2.22648980e+01, -1.25406828e+01, -3.91678336e+00,
   -3.89069158e-01, -1.13963108e-02, -1.05692282e-04,  0.00000000e+00],
 [ -3.85451673e+01, -2.54329102e+01, -1.42792229e+01, -4.39018612e+00,
   -4.33241190e-01, -1.29632862e-02, -1.20741358e-04,  0.00000000e+00],
 [ -4.35855041e+01, -2.85179060e+01, -1.59815871e+01, -4.84887397e+00,
   -4.75826421e-01, -1.45160585e-02, -1.35778011e-04,  0.00000000e+00],
 [ -4.85436934e+01, -3.15395134e+01, -1.76544030e+01, -5.29530332e+00,
   -5.17036409e-01, -1.60549569e-02, -1.50802252e-04,  0.00000000e+00]]
fitNessAverage
[ 19.95834391, 19.95628718, 19.94312136, 19.93361056, 19.91972039,
  19.91711494, 19.91525859, 19.92427947, 19.92671515, 19.92551259,
  19.93526854, 19.97763619, 19.99448653, 20.00231302, 19.98445937,
  19.98291001, 19.980247  , 19.99348444, 20.00422731, 20.00699722,
  20.01470027, 20.01357479, 20.01592251, 20.02425098, 20.02536973,
  20.03105686, 20.03150847, 20.03365117, 20.01449594, 20.00260612,
  19.98148424, 19.97909917, 19.9738475 , 19.98785369, 19.99153783,
  19.98494929, 19.97749976, 19.98127868, 19.97229485, 19.97860248,
  19.97207538, 19.97127311, 19.97129237, 19.9877535 , 19.99752838]
fitNessMax
[ 20.07963044, 20.14470057, 20.15806013, 20.24017934, 20.24017934,
  20.24017934, 20.24017934, 20.24017934, 20.23305229, 20.19120551,
  20.19120551, 20.22594697, 20.23173312, 20.25565352, 20.22594697,
  20.22594697, 20.25624136, 20.22124727, 20.28375228, 20.28398592,
  20.28398592, 20.28375228, 20.28375228, 20.29079114, 20.28375228,
  20.28375228, 20.27109638, 20.28166737, 20.28166737, 20.28166737,
  20.28166737, 20.19730376, 20.19730376, 20.19730376, 20.23395497,
  20.23395497, 20.21226549, 20.21226549, 20.19937511, 20.19937511,
  20.19195772, 20.19195772, 20.18029219, 20.25254778, 20.25254778]
fitNessMin
[ 19.86298161, 19.72865865, 19.66740862, 19.66740862, 19.66085869,
  19.66085869, 19.66085869, 19.66085869, 19.66085869, 19.66085869,
  19.66085869, 19.69086522, 19.69086522, 19.69086522, 19.60738933,
  19.73329997, 19.65920794, 19.75923544, 19.77768552, 19.77768552,
  19.78381816, 19.78381816, 19.68627128, 19.68627128, 19.70069056,
  19.70069056, 19.70069056, 19.70069056, 19.70069056, 19.70069056,
  19.70069056, 19.70114303, 19.70114303, 19.70114303, 19.70114303,
  19.70114303, 19.70114303, 19.70114303, 19.75355117, 19.75355117,
  19.75355117, 19.78619825, 19.78619825, 19.78231469, 19.76564129]


 Genetic fixed size Simulated Annealing
logR
[-1.94591015,-1.25276297,-0.84729786,-0.55961579,-0.33647224,-0.15415068,
  0.        ]
IndexZero
10
Tq
[ -4.05375471, -4.05406981, -4.05470878, -4.05601377, -4.05870819,
  -4.06436451, -4.07653916, -4.10370151, -4.16705169, -4.30636561,
  -3.3013376 ,  0.        ,  3.45631195,  6.73034327,  9.88610674,
  12.95442967, 15.95033238, 18.88204337, 21.75513649, 24.57477301,
  27.34676148]
Dq
[ 0.36852316, 0.40540698, 0.4505232 , 0.50700172, 0.57981546, 0.67739409,
  0.81530783, 1.02592538, 1.38901723, 2.15318281, 3.3013376 , 3.56973462,
  3.45631195, 3.36517163, 3.29536891, 3.23860742, 3.19006648, 3.14700723,
  3.10787664, 3.07184663, 3.03852905]
lnMrq
[[  8.11590474e+01,  7.96919629e+01,  7.88022590e+01,  7.78256774e+01,
    7.70727218e+01,  7.57079818e+01,  7.13134470e+01],
 [  7.35678372e+01,  7.21006932e+01,  7.12109212e+01,  7.02343058e+01,
    6.94812367e+01,  6.81162072e+01,  6.37215852e+01],
 [  6.59772964e+01,  6.45100301e+01,  6.36201186e+01,  6.26434342e+01,
    6.18901353e+01,  6.05245225e+01,  5.61297235e+01],
 [  5.83881318e+01,  5.69206111e+01,  5.60304095e+01,  5.50535836e+01,
    5.42998162e+01,  5.29330239e+01,  4.85378618e+01],
 [  5.08018363e+01,  4.93337769e+01,  4.84429609e+01,  4.74658399e+01,
    4.67111083e+01,  4.53419175e+01,  4.09460001e+01],
 [  4.32216525e+01,  4.17524252e+01,  4.08602684e+01,  3.98825166e+01,
    3.91257732e+01,  3.77516609e+01,  3.33541384e+01],
 [  3.56548994e+01,  3.41830863e+01,  3.32878716e+01,  3.23087153e+01,
    3.15476871e+01,  3.01633298e+01,  2.57622767e+01],
 [  2.81189277e+01,  2.66415058e+01,  2.57388342e+01,  2.47563421e+01,
    2.39859012e+01,  2.25796608e+01,  1.81704150e+01],
 [  2.06565693e+01,  1.91701440e+01,  1.82473951e+01,  1.72561511e+01,
    1.64639043e+01,  1.50084584e+01,  1.05785787e+01],
 [  1.33696345e+01,  1.19051398e+01,  1.09245638e+01,  9.90613226e+00,
    9.05617050e+00,  7.47638693e+00,  3.03591431e+00],
 [  6.43968578e+00,  5.30380230e+00,  4.31053063e+00,  3.25192368e+00,
    2.22137504e+00,  7.41937345e-01,  9.95033085e-03],
 [  0.00000000e+00,  0.00000000e+00,  0.00000000e+00,  0.00000000e+00,
    0.00000000e+00,  0.00000000e+00,  0.00000000e+00],
 [ -6.02515647e+00, -4.36457214e+00, -2.66352612e+00, -1.01558573e+00,
   -1.21048058e-01, -3.22092962e-03, -1.00857770e-05],
 [ -1.17848776e+01, -8.31965040e+00, -4.85311449e+00, -1.68789108e+00,
   -1.83318950e-01, -4.82576194e-03, -1.51287036e-05],
 [ -1.73705205e+01, -1.20519562e+01, -6.82956279e+00, -2.25237302e+00,
   -2.37035982e-01, -6.38316055e-03, -2.01665695e-05],
 [ -2.28252989e+01, -1.56286304e+01, -8.67070503e+00, -2.76030566e+00,
   -2.86673042e-01, -7.91524133e-03, -2.52019176e-05],
 [ -2.81699105e+01, -1.90814686e+01, -1.04107185e+01, -3.23075648e+00,
   -3.33483816e-01, -9.42368276e-03, -3.02347506e-05],
 [ -3.34149033e+01, -2.24293055e+01, -1.20681813e+01, -3.67297666e+00,
   -3.78062973e-01, -1.09093950e-02, -3.52650696e-05],
 [ -3.85667036e+01, -2.56862332e+01, -1.36555517e+01, -4.09218972e+00,
   -4.20774971e-01, -1.23732210e-02, -4.02928758e-05],
 [ -4.36311867e+01, -2.88651819e+01, -1.51831604e+01, -4.49165704e+00,
   -4.61874624e-01, -1.38159671e-02, -4.53181706e-05],
 [ -4.86156445e+01, -3.19790328e+01, -1.66606693e+01, -4.87358770e+00,
   -5.01553948e-01, -1.52384055e-02, -5.03409552e-05]]

