
 BoxCounting Genetic
logR
[-2.07944154,-1.38629436,-0.98082925,-0.69314718,-0.47000363,-0.28768207,
 -0.13353139, 0.        ]
IndexZero
10
Tq
[ -4.52123201e+00, -4.52137974e+00, -4.52167609e+00, -4.52227093e+00,
  -4.52346457e+00, -4.52585442e+00, -4.53060501e+00, -4.53987071e+00,
  -4.55701557e+00, -4.58114618e+00, -3.74899343e+00,  3.33934980e-17,
   3.31927734e+00,  5.70490158e+00,  7.58440899e+00,  9.21648226e+00,
   1.07322269e+01,  1.21948660e+01,  1.36318075e+01,  1.50548823e+01,
   1.64695537e+01]
Dq
[ 0.41102109, 0.45213797, 0.50240845, 0.56528387, 0.64620922, 0.75430907,
  0.906121  , 1.13496768, 1.51900519, 2.29057309, 3.74899343, 3.92137075,
  3.31927734, 2.85245079, 2.52813633, 2.30412056, 2.14644538, 2.03247766,
  1.94740106, 1.88186028, 1.82995041]
lnMrq
[[  9.28243269e+01,  9.11589721e+01,  9.05467638e+01,  8.95892925e+01,
    8.87329439e+01,  8.73090655e+01,  8.51834094e+01,  8.14696934e+01],
 [  8.42864744e+01,  8.26212441e+01,  8.20089711e+01,  8.10514731e+01,
    8.01950456e+01,  7.87710813e+01,  7.66453837e+01,  7.29315233e+01],
 [  7.57489444e+01,  7.40839668e+01,  7.34715627e+01,  7.25140108e+01,
    7.16574241e+01,  7.02332885e+01,  6.81075067e+01,  6.43933574e+01],
 [  6.72120665e+01,  6.55476052e+01,  6.49349343e+01,  6.39772729e+01,
    6.31203631e+01,  6.16958870e+01,  5.95699336e+01,  5.58552087e+01],
 [  5.86765135e+01,  5.70131196e+01,  5.63999004e+01,  5.54420155e+01,
    5.45844444e+01,  5.31592926e+01,  5.10329865e+01,  4.73171287e+01],
 [  5.01436734e+01,  4.84825230e+01,  4.78681631e+01,  4.69098205e+01,
    4.60508778e+01,  4.46243882e+01,  4.24973488e+01,  3.87793236e+01],
 [  4.16164517e+01,  3.99601398e+01,  3.93433632e+01,  3.83840827e+01,
    3.75222335e+01,  3.60930944e+01,  3.39645094e+01,  3.02426222e+01],
 [  3.31010629e+01,  3.14556136e+01,  3.08335813e+01,  2.98724006e+01,
    2.90041633e+01,  2.75697270e+01,  2.54378389e+01,  2.17103950e+01],
 [  2.46112474e+01,  2.29918382e+01,  2.23579328e+01,  2.13930499e+01,
    2.05098530e+01,  1.90643800e+01,  1.69254109e+01,  1.31969859e+01],
 [  1.61791011e+01,  1.46299443e+01,  1.39679029e+01,  1.29964281e+01,
    1.20737806e+01,  1.06019402e+01,  8.44852139e+00,  4.77976441e+00],
 [  7.88796309e+00,  6.58477758e+00,  5.86391523e+00,  4.88295343e+00,
    3.83945231e+00,  2.35327821e+00,  7.32367894e-01,  3.92207132e-02],
 [ -1.11022302e-16,  0.00000000e+00,  0.00000000e+00,  0.00000000e+00,
   -1.11022302e-16,  0.00000000e+00,  0.00000000e+00,  0.00000000e+00],
 [ -6.69773575e+00, -3.66885652e+00, -1.55231462e+00, -4.50769839e-01,
   -7.51836958e-02, -1.18765582e-02, -1.33592263e-03, -8.59543562e-05],
 [ -1.16194370e+01, -6.17564271e+00, -2.34077373e+00, -6.59681072e-01,
   -1.11358678e-01, -1.77754251e-02, -2.00120684e-03, -1.28915953e-04],
 [ -1.54338438e+01, -8.28589967e+00, -2.95980013e+00, -8.25342909e-01,
   -1.43770479e-01, -2.26799659e-02, -2.64075327e-03, -1.71658261e-04],
 [ -1.87137336e+01, -1.01866031e+01, -3.49911685e+00, -9.68841064e-01,
   -1.74001276e-01, -2.70765419e-02, -3.26663710e-03, -2.14285808e-04],
 [ -2.17563293e+01, -1.19627328e+01, -3.98974215e+00, -1.09787753e+00,
   -2.02574417e-01, -3.11660846e-02, -3.87972853e-03, -2.56799259e-04],
 [ -2.47025187e+01, -1.36603656e+01, -4.44680088e+00, -1.21635524e+00,
   -2.29782151e-01, -3.50496054e-02, -4.48048845e-03, -2.99198969e-04],
 [ -2.76100817e+01, -1.53056773e+01, -4.87912077e+00, -1.32661052e+00,
   -2.55822721e-01, -3.87854115e-02, -5.06934774e-03, -3.41485293e-04],
 [ -3.05016678e+01, -1.69142008e+01, -5.29234420e+00, -1.43019518e+00,
   -2.80843335e-01, -4.24103952e-02, -5.64672125e-03, -3.83658582e-04],
 [ -3.33863437e+01, -1.84956677e+01, -5.69025838e+00, -1.52821493e+00,
   -3.04959088e-01, -4.59491785e-02, -6.21300890e-03, -4.25719187e-04]]
fitNessAverage
[ 1.54576902, 1.54907387, 1.55091214, 1.55177658, 1.5528755 , 1.55424764,
  1.55619467, 1.55596019, 1.55723942, 1.55680275, 1.55516099, 1.55426404,
  1.55399173, 1.55388961, 1.55362809, 1.55304074, 1.55236284, 1.55197538,
  1.55211203, 1.55161697, 1.55235061, 1.55192913, 1.55362016, 1.55405519]
fitNessMax
[ 1.57480679, 1.59347563, 1.59745984, 1.59745984, 1.59745984, 1.59745984,
  1.59680778, 1.59049498, 1.59049498, 1.59049498, 1.5838554 , 1.57751824,
  1.5778878 , 1.57823812, 1.5778878 , 1.5791746 , 1.57751824, 1.58127654,
  1.57795229, 1.58703744, 1.58703744, 1.58703744, 1.58703744, 1.59438109]
fitNessMin
[ 1.48745683, 1.48894415, 1.48894415, 1.48894415, 1.48894415, 1.48894415,
  1.48894415, 1.48894415, 1.48894415, 1.48894415, 1.48894415, 1.48894415,
  1.50810085, 1.50049027, 1.52022547, 1.51975205, 1.51142902, 1.51142902,
  1.51142902, 1.50437348, 1.50437348, 1.50437348, 1.50437348, 1.50481576]


 BoxCounting Simulated Annealing
logR
[-1.94591015,-1.25276297,-0.84729786,-0.55961579,-0.33647224,-0.15415068,
  0.        ]
IndexZero
10
Tq
[ -4.34963324e+01, -3.95461218e+01, -3.55961389e+01, -3.16466166e+01,
  -2.76980302e+01, -2.37513610e+01, -1.98086655e+01, -1.58743562e+01,
  -1.19582986e+01, -8.08454498e+00, -4.31035329e+00,  3.28234112e-17,
   3.50994497e+00,  6.21610236e+00,  8.68316993e+00,  1.10778317e+01,
   1.34391282e+01,  1.57799745e+01,  1.81064522e+01,  2.04222649e+01,
   2.27300166e+01]
Dq
[ 3.95421203, 3.95461218, 3.95512655, 3.95582707, 3.95686146, 3.95856017,
  3.96173309, 3.96858905, 3.98609952, 4.04227249, 4.31035329, 4.17566841,
  3.50994497, 3.10805118, 2.89438998, 2.76945793, 2.68782564, 2.62999575,
  2.58663602, 2.55278311, 2.5255574 ]
lnMrq
[[  9.27734335e+01,  9.11057902e+01,  9.04254527e+01,  8.90194835e+01,
    8.73276285e+01,  0.00000000e+00,  0.00000000e+00],
 [  8.42355660e+01,  8.25681117e+01,  8.18875957e+01,  8.04814947e+01,
    7.87894618e+01,  0.00000000e+00,  0.00000000e+00],
 [  7.56980062e+01,  7.40309344e+01,  7.33500594e+01,  7.19436919e+01,
    7.02513047e+01,  0.00000000e+00,  0.00000000e+00],
 [  6.71610695e+01,  6.54947752e+01,  6.48131771e+01,  6.34062680e+01,
    6.17131767e+01,  0.00000000e+00,  0.00000000e+00],
 [  5.86254010e+01,  5.69607003e+01,  5.62776425e+01,  5.48696242e+01,
    5.31751357e+01,  0.00000000e+00,  0.00000000e+00],
 [  5.00923376e+01,  4.84309381e+01,  4.77449293e+01,  4.63346135e+01,
    4.46373559e+01,  0.00000000e+00,  0.00000000e+00],
 [  4.15646949e+01,  3.99102381e+01,  3.92182695e+01,  3.78031155e+01,
    3.61003587e+01,  0.00000000e+00,  0.00000000e+00],
 [  3.30485559e+01,  3.14090141e+01,  3.07051120e+01,  2.92794907e+01,
    2.75657020e+01,  0.00000000e+00,  0.00000000e+00],
 [  2.45575774e+01,  2.29511776e+01,  2.22240375e+01,  2.07745970e+01,
    1.90380017e+01,  0.00000000e+00,  0.00000000e+00],
 [  1.61244324e+01,  1.45971642e+01,  1.38280861e+01,  1.23176197e+01,
    1.05306285e+01,  0.00000000e+00,  0.00000000e+00],
 [  7.83755436e+00,  6.54821910e+00,  5.72358510e+00,  4.00733319e+00,
    2.19722458e+00,  0.00000000e+00,  0.00000000e+00],
 [ -1.11022302e-16,  0.00000000e+00, -1.11022302e-16, -3.33066907e-16,
    0.00000000e+00,  0.00000000e+00,  0.00000000e+00],
 [ -6.52905628e+00, -3.30639083e+00, -1.65559795e+00, -3.59555763e-02,
   -3.92018498e-03,  0.00000000e+00,  0.00000000e+00],
 [ -1.16708063e+01, -5.62996509e+00, -2.80612447e+00, -5.39486830e-02,
   -5.88120139e-03,  0.00000000e+00,  0.00000000e+00],
 [ -1.63390108e+01, -7.79253299e+00, -3.85974963e+00, -7.19315896e-02,
   -7.84160220e-03,  0.00000000e+00,  0.00000000e+00],
 [ -2.08650853e+01, -9.90569767e+00, -4.87381643e+00, -8.99144870e-02,
   -9.80200275e-03,  0.00000000e+00,  0.00000000e+00],
 [ -2.53260561e+01, -1.19950935e+01, -5.87007374e+00, -1.07897384e-01,
   -1.17624033e-02,  0.00000000e+00,  0.00000000e+00],
 [ -2.97469228e+01, -1.40697728e+01, -6.85812028e+00, -1.25880282e-01,
   -1.37228038e-02,  0.00000000e+00,  0.00000000e+00],
 [ -3.41394105e+01, -1.61341403e+01, -7.84232399e+00, -1.43863179e-01,
   -1.56832044e-02,  0.00000000e+00,  0.00000000e+00],
 [ -3.85107366e+01, -1.81908471e+01, -8.82470701e+00, -1.61846077e-01,
   -1.76436049e-02,  0.00000000e+00,  0.00000000e+00],
 [ -4.28660434e+01, -2.02417050e+01, -9.80621929e+00, -1.79828974e-01,
   -1.96040055e-02,  0.00000000e+00,  0.00000000e+00]]


 Fixed Size Genetic
logR
[-2.30258509,-1.60943791,-1.2039728 ,-0.91629073,-0.69314718,-0.51082562,
 -0.35667494,-0.22314355,-0.10536052, 0.        ]
IndexZero
10
Tq
[ -3.03787452e+01, -2.77677771e+01, -2.51569996e+01, -2.25466065e+01,
  -1.99369919e+01, -1.73289581e+01, -1.47241328e+01, -1.21257519e+01,
  -9.53988148e+00, -6.97539705e+00, -3.93774689e+00,  3.52539018e-17,
   2.83620486e+00,  4.81116292e+00,  6.32942100e+00,  7.63984161e+00,
   8.85865048e+00,  1.00342423e+01,  1.11864821e+01,  1.23244163e+01,
   1.34528045e+01]
Dq
[ 2.76170411, 2.77677771, 2.79522217, 2.81832581, 2.84814171, 2.88815969,
  2.94482656, 3.03143799, 3.17996049, 3.48769853, 3.93774689, 3.44435765,
  2.83620486, 2.40558146, 2.109807  , 1.9099604 , 1.7717301 , 1.67237372,
  1.59806888, 1.54055204, 1.49475606]
lnMrq
[[  9.28232877e+01,  9.11659552e+01,  9.05559141e+01,  8.95688441e+01,
    8.86932481e+01,  8.71241069e+01,  8.48875657e+01,  8.07765459e+01,
    0.00000000e+00,  0.00000000e+00],
 [  8.42854394e+01,  8.26282317e+01,  8.20181127e+01,  8.10310310e+01,
    8.01553375e+01,  7.85861099e+01,  7.63495423e+01,  7.22383747e+01,
    0.00000000e+00,  0.00000000e+00],
 [  7.57479180e+01,  7.40909632e+01,  7.34806869e+01,  7.24935811e+01,
    7.16176913e+01,  7.00482926e+01,  6.78116712e+01,  6.37002052e+01,
    0.00000000e+00,  0.00000000e+00],
 [  6.72110568e+01,  6.55546184e+01,  6.49440236e+01,  6.39568673e+01,
    6.30805803e+01,  6.15108457e+01,  5.92741135e+01,  5.51620438e+01,
    0.00000000e+00,  0.00000000e+00],
 [  5.86755365e+01,  5.70201636e+01,  5.64089195e+01,  5.54216561e+01,
    5.45445608e+01,  5.29741718e+01,  5.07372102e+01,  4.66239234e+01,
    0.00000000e+00,  0.00000000e+00],
 [  5.01427597e+01,  4.84896198e+01,  4.78770408e+01,  4.68895472e+01,
    4.60107895e+01,  4.44391430e+01,  4.22017019e+01,  3.80860078e+01,
    0.00000000e+00,  0.00000000e+00],
 [  4.16156570e+01,  3.99673132e+01,  3.93519548e+01,  3.83639633e+01,
    3.74817247e+01,  3.59077076e+01,  3.36692605e+01,  2.95491149e+01,
    0.00000000e+00,  0.00000000e+00],
 [  3.31004811e+01,  3.14628423e+01,  3.08415916e+01,  2.98525307e+01,
    2.89627727e+01,  2.73843941e+01,  2.51438557e+01,  2.10173128e+01,
    0.00000000e+00,  0.00000000e+00],
 [  2.46110071e+01,  2.29988411e+01,  2.23647667e+01,  2.13734710e+01,
    2.04665083e+01,  1.88802398e+01,  1.66355183e+01,  1.25103974e+01,
    0.00000000e+00,  0.00000000e+00],
 [  1.61792820e+01,  1.46354576e+01,  1.39724717e+01,  1.29765103e+01,
    1.20252416e+01,  1.04238265e+01,  8.17154576e+00,  4.13151208e+00,
    0.00000000e+00,  0.00000000e+00],
 [  7.88832700e+00,  6.58595094e+00,  5.86522082e+00,  4.85421537e+00,
    3.76907600e+00,  2.21484618e+00,  6.09765572e-01,  1.98026273e-02,
    0.00000000e+00,  0.00000000e+00],
 [ -1.11022302e-16,  0.00000000e+00,  0.00000000e+00, -1.11022302e-16,
   -1.11022302e-16,  0.00000000e+00,  0.00000000e+00,  0.00000000e+00,
    0.00000000e+00,  0.00000000e+00],
 [ -6.69029123e+00, -3.60787654e+00, -1.51529066e+00, -3.72374346e-01,
   -6.48801974e-02, -6.89592664e-03, -5.35917179e-04, -2.34782572e-05,
    0.00000000e+00,  0.00000000e+00],
 [ -1.15613234e+01, -5.89439925e+00, -2.26014171e+00, -5.49706239e-01,
   -9.64141724e-02, -1.03082315e-02, -8.03146797e-04, -3.52118457e-05,
    0.00000000e+00,  0.00000000e+00],
 [ -1.53038527e+01, -7.65960735e+00, -2.82445506e+00, -6.95034588e-01,
   -1.24420721e-01, -1.36632295e-02, -1.06960311e-03, -4.69218410e-05,
    0.00000000e+00,  0.00000000e+00],
 [ -1.85481459e+01, -9.16467250e+00, -3.29645291e+00, -8.23381744e-01,
   -1.50405585e-01, -1.69789388e-02, -1.33543357e-03, -5.86182035e-05,
    0.00000000e+00,  0.00000000e+00],
 [ -2.15906446e+01, -1.05313028e+01, -3.71051505e+00, -9.40534888e-01,
   -1.74849489e-01, -2.02569994e-02, -1.60064069e-03, -7.03009584e-05,
    0.00000000e+00,  0.00000000e+00],
 [ -2.45507074e+01, -1.18157309e+01, -4.08473669e+00, -1.04942783e+00,
   -1.98016254e-01, -2.34985509e-02, -1.86522685e-03, -8.19701212e-05,
    0.00000000e+00,  0.00000000e+00],
 [ -2.74736055e+01, -1.30462360e+01, -4.42975080e+00, -1.15177537e+00,
   -2.20088643e-01, -2.67046724e-02, -2.12919443e-03, -9.36257076e-05,
    0.00000000e+00,  0.00000000e+00],
 [ -3.03775260e+01, -1.42392110e+01, -4.75224816e+00, -1.24869116e+00,
   -2.41206877e-01, -2.98763989e-02, -2.39254577e-03, -1.05267733e-04,
    0.00000000e+00,  0.00000000e+00],
 [ -3.32706362e+01, -1.54053582e+01, -5.05671570e+00, -1.34095904e+00,
   -2.61483945e-01, -3.30147239e-02, -2.65528322e-03, -1.16896214e-04,
    0.00000000e+00,  0.00000000e+00]]
fitNessAverage
[ 1.70475303, 1.70337771, 1.70280805, 1.70270759, 1.70349951, 1.70270503,
  1.70290278, 1.70389939, 1.70357849, 1.70429657, 1.70496871, 1.70537665,
  1.70488542, 1.70399629, 1.69886949, 1.70267159, 1.70275343, 1.70584159,
  1.70556555, 1.70355732, 1.70555289, 1.70705889, 1.70809373, 1.70909854,
  1.71030136, 1.71258425, 1.70857123, 1.70411169, 1.70144533, 1.70644336,
  1.70983571, 1.71089801, 1.71090759, 1.70907032, 1.70944795, 1.71357776,
  1.71409696, 1.7175304 , 1.71747199, 1.71886873, 1.72075582, 1.71889061,
  1.72018199, 1.71591737, 1.71273696, 1.71068506, 1.71392237, 1.70957823,
  1.7111912 , 1.71144898, 1.70937255, 1.70728528, 1.70797926, 1.70946658,
  1.70966869, 1.71223463, 1.71350844, 1.71441408, 1.7152812 , 1.7170199 ,
  1.71855705, 1.71729719, 1.71858358, 1.71932205, 1.72071769, 1.72136262,
  1.72737646, 1.73255136, 1.73647392, 1.73845295, 1.74090964, 1.74289265,
  1.74335667, 1.74853773, 1.75203346, 1.75469849, 1.75732752, 1.75983124,
  1.76123871, 1.76514206, 1.76239828, 1.76051857, 1.76112171, 1.76006799,
  1.75795664, 1.75553477, 1.75734867, 1.75496264, 1.75651222, 1.75725077,
  1.7573563 , 1.75878452, 1.75878737, 1.75408346, 1.75482555, 1.75430635,
  1.75900098]
fitNessMax
[ 1.72313436, 1.74263588, 1.739323  , 1.75326134, 1.76561847, 1.76561847,
  1.76561847, 1.76561847, 1.77190496, 1.76829091, 1.76851873, 1.7700402 ,
  1.7700402 , 1.77782176, 1.75332455, 1.76507213, 1.76507213, 1.77364051,
  1.77364051, 1.77364051, 1.75370378, 1.76942431, 1.7593448 , 1.77350291,
  1.77298748, 1.78650062, 1.76883258, 1.76883258, 1.76263302, 1.78941276,
  1.78941276, 1.78941276, 1.78941276, 1.78941276, 1.78941276, 1.78941276,
  1.79137048, 1.79137048, 1.78565095, 1.77859986, 1.77859986, 1.77063643,
  1.7846565 , 1.78195916, 1.78195916, 1.78195916, 1.78365788, 1.78365788,
  1.78504203, 1.79703974, 1.79703974, 1.76969915, 1.77118244, 1.77611008,
  1.76837634, 1.77539431, 1.77539431, 1.77539431, 1.77539431, 1.77539431,
  1.76950329, 1.76950329, 1.77084949, 1.77084949, 1.77084949, 1.77084949,
  1.79248078, 1.79516811, 1.80126004, 1.79426894, 1.78293663, 1.80211176,
  1.80352171, 1.81695003, 1.81695003, 1.81855277, 1.81855277, 1.81855277,
  1.81472468, 1.81472468, 1.81472468, 1.81472468, 1.81472468, 1.81472468,
  1.81472468, 1.80554205, 1.80958409, 1.80958409, 1.8024213 , 1.80654627,
  1.80654627, 1.80381936, 1.80381936, 1.81276569, 1.81276569, 1.80551125,
  1.81768005]
fitNessMin
[ 1.66280851, 1.64240412, 1.64240412, 1.6474369 , 1.63733606, 1.63733606,
  1.62920665, 1.62920665, 1.61782819, 1.59829024, 1.59829024, 1.59829024,
  1.59829024, 1.59829024, 1.59829024, 1.59829024, 1.59829024, 1.64931401,
  1.64274479, 1.64206615, 1.63398774, 1.63398774, 1.63398774, 1.63398774,
  1.65073843, 1.6310596 , 1.61785259, 1.61785259, 1.62828984, 1.63123817,
  1.63123817, 1.64398484, 1.65016774, 1.63779457, 1.63779457, 1.65420311,
  1.65414402, 1.65414402, 1.65420311, 1.65475341, 1.65475341, 1.65475341,
  1.6593219 , 1.6593219 , 1.64354831, 1.64120539, 1.64120539, 1.64120539,
  1.6438206 , 1.6438206 , 1.62233353, 1.62551326, 1.63948846, 1.63948846,
  1.63948846, 1.63948846, 1.63948846, 1.63948846, 1.64167146, 1.64167146,
  1.65703463, 1.65703463, 1.65703463, 1.67126864, 1.63032135, 1.66331253,
  1.66331253, 1.66331253, 1.66331253, 1.6877176 , 1.68771568, 1.68793671,
  1.68793671, 1.68793671, 1.68793671, 1.6904712 , 1.69352512, 1.69352512,
  1.70312723, 1.70557229, 1.70828037, 1.69607308, 1.69607308, 1.70372936,
  1.70372936, 1.69171107, 1.69171107, 1.69283911, 1.70292981, 1.70292981,
  1.70372936, 1.70372936, 1.70372936, 1.66042134, 1.66042134, 1.66042134,
  1.66042134]


 Genetic fixed size Simulated Annealing
logR
[-2.07944154,-1.38629436,-0.98082925,-0.69314718,-0.47000363,-0.28768207,
 -0.13353139, 0.        ]
IndexZero
10
Tq
[ -4.25667529, -4.25678664, -4.25701013, -4.25745936, -4.25836392,
  -4.26018921, -4.26388038, -4.27135657, -4.28648487, -4.31621009,
  -3.71578372,  0.        ,  3.2643559 ,  5.65192567,  7.63672837,
   9.42010402, 11.08299696, 12.67223823, 14.21719373, 15.73531156,
  17.23659354]
Dq
[ 0.38697048, 0.42567866, 0.47300113, 0.53218242, 0.6083377 , 0.71003153,
  0.85277608, 1.06783914, 1.42882829, 2.15810504, 3.71578372, 3.88764248,
  3.2643559 , 2.82596284, 2.54557612, 2.35502601, 2.21659939, 2.1120397 ,
  2.03102768, 1.96691395, 1.91517706]
lnMrq
[[  9.28128679e+01,  9.11615022e+01,  9.05525244e+01,  8.96058017e+01,
    8.87297652e+01,  8.72613688e+01,  8.53410282e+01,  8.25684682e+01],
 [  8.42750064e+01,  8.26237666e+01,  8.20147366e+01,  8.10679552e+01,
    8.01918481e+01,  7.87233878e+01,  7.68029927e+01,  7.40304598e+01],
 [  7.57374584e+01,  7.40864739e+01,  7.34773381e+01,  7.25304389e+01,
    7.16541895e+01,  7.01856031e+01,  6.82650973e+01,  6.54926154e+01],
 [  6.72005439e+01,  6.55500809e+01,  6.49407290e+01,  6.39935940e+01,
    6.31170558e+01,  6.16482228e+01,  5.97274898e+01,  5.69551019e+01],
 [  5.86649167e+01,  5.70155306e+01,  5.64057325e+01,  5.54581263e+01,
    5.45809969e+01,  5.31116863e+01,  5.11904819e+01,  4.84182603e+01],
 [  5.01319248e+01,  4.84847999e+01,  4.78740663e+01,  4.69255211e+01,
    4.60471646e+01,  4.45769449e+01,  4.26547450e+01,  3.98828050e+01],
 [  4.16043905e+01,  3.99621345e+01,  3.93493980e+01,  3.83989940e+01,
    3.75180307e+01,  3.60461231e+01,  3.41217674e+01,  3.13502938e+01],
 [  3.30883537e+01,  3.14570040e+01,  3.08398507e+01,  2.98858254e+01,
    2.89990970e+01,  2.75241651e+01,  2.55949653e+01,  2.28243935e+01],
 [  2.45971997e+01,  2.29918840e+01,  2.23646107e+01,  2.14037875e+01,
    2.05033409e+01,  1.90231694e+01,  1.70824720e+01,  1.43150138e+01],
 [  1.61624698e+01,  1.46267423e+01,  1.39753783e+01,  1.30028250e+01,
    1.20646955e+01,  1.05746500e+01,  8.60435733e+00,  5.85878098e+00],
 [  7.86856038e+00,  6.57324711e+00,  5.87270916e+00,  4.88431593e+00,
    3.82209830e+00,  2.36930873e+00,  8.06475866e-01,  8.61776962e-02],
 [  0.00000000e+00,  0.00000000e+00,  0.00000000e+00,  0.00000000e+00,
    0.00000000e+00,  0.00000000e+00,  0.00000000e+00,  0.00000000e+00],
 [ -6.60035522e+00, -3.58047547e+00, -1.52460680e+00, -4.20256275e-01,
   -7.80584872e-02, -1.19178734e-02, -1.26828431e-03, -8.98969786e-05],
 [ -1.15722551e+01, -5.99464303e+00, -2.30636988e+00, -6.18566192e-01,
   -1.15659881e-01, -1.77464961e-02, -1.90108865e-03, -1.34722315e-04],
 [ -1.57093869e+01, -8.00497946e+00, -2.92527088e+00, -7.77883246e-01,
   -1.48981197e-01, -2.27429100e-02, -2.51434101e-03, -1.79353716e-04],
 [ -1.94372005e+01, -9.79504291e+00, -3.46528174e+00, -9.16288132e-01,
   -1.79815176e-01, -2.73115141e-02, -3.11740793e-03, -2.23847746e-04],
 [ -2.29219498e+01, -1.14497334e+01, -3.95692682e+00, -1.04104767e+00,
   -2.08688758e-01, -3.16092432e-02, -3.71087087e-03, -2.68205003e-04],
 [ -2.62613700e+01, -1.30157243e+01, -4.41551305e+00, -1.15598093e+00,
   -2.35903961e-01, -3.57156852e-02, -4.29503045e-03, -3.12425977e-04],
 [ -2.95178058e+01, -1.45202668e+01, -4.85008175e+00, -1.26336706e+00,
   -2.61684048e-01, -3.96794610e-02, -4.87016967e-03, -3.56511157e-04],
 [ -3.27278662e+01, -1.59803168e+01, -5.26651086e+00, -1.36469268e+00,
   -2.86208661e-01, -4.35333941e-02, -5.43656243e-03, -4.00461029e-04],
 [ -3.59116943e+01, -1.74071585e+01, -5.66884701e+00, -1.46099445e+00,
   -3.09626961e-01, -4.73006436e-02, -5.99447408e-03, -4.44276078e-04]]

