
 BoxCounting Genetic
logR
[-2.19722458,-1.5040774 ,-1.09861229,-0.81093022,-0.58778666,-0.40546511,
 -0.25131443,-0.11778304, 0.        ]
IndexZero
10
Tq
[ -1.85867821e+01, -1.71188123e+01, -1.56504276e+01, -1.41812265e+01,
  -1.27104429e+01, -1.12366844e+01, -9.75767161e+00, -8.27055067e+00,
  -6.77476809e+00, -5.28228325e+00, -3.49582096e+00, -4.04746061e-18,
   2.71550752e+00,  4.49086601e+00,  5.95089831e+00,  7.30312126e+00,
   8.59999081e+00,  9.86245102e+00,  1.11013523e+01,  1.23230681e+01,
   1.35316560e+01]
Dq
[ 1.68970746, 1.71188123, 1.73893641, 1.77265331, 1.81577756, 1.87278074,
  1.95153432, 2.06763767, 2.25825603, 2.64114162, 3.49582096, 3.41667694,
  2.71550752, 2.24543301, 1.98363277, 1.82578031, 1.71999816, 1.64374184,
  1.58590747, 1.54038351, 1.50351734]
lnMrq
[[  8.51996031e+01,  8.36597437e+01,  8.31175853e+01,  8.21653973e+01,
    8.13677162e+01,  7.98667941e+01,  7.81441223e+01,  7.53981201e+01,
    0.00000000e+00],
 [  7.73607806e+01,  7.58210824e+01,  7.52788435e+01,  7.43266697e+01,
    7.35289482e+01,  7.20283830e+01,  7.03062598e+01,  6.75615178e+01,
    0.00000000e+00],
 [  6.95222706e+01,  6.79829008e+01,  6.74404980e+01,  6.64883530e+01,
    6.56905508e+01,  6.41907041e+01,  6.24696687e+01,  5.97274259e+01,
    0.00000000e+00],
 [  6.16843926e+01,  6.01456972e+01,  5.96029589e+01,  5.86508720e+01,
    5.78529089e+01,  5.63545110e+01,  5.46356201e+01,  5.18982982e+01,
    0.00000000e+00],
 [  5.38477992e+01,  5.23105081e+01,  5.17670748e+01,  5.08151060e+01,
    5.00168212e+01,  4.85213507e+01,  4.68066420e+01,  4.40788791e+01,
    0.00000000e+00],
 [  4.60138375e+01,  4.44795329e+01,  4.39346359e+01,  4.29829073e+01,
    4.21839731e+01,  4.06944191e+01,  3.89877058e+01,  3.62780437e+01,
    0.00000000e+00],
 [  3.81853298e+01,  3.66575826e+01,  3.61095324e+01,  3.51582919e+01,
    3.43580107e+01,  3.28803532e+01,  3.11883550e+01,  2.85113672e+01,
    0.00000000e+00],
 [  3.03683163e+01,  2.88556785e+01,  2.83006461e+01,  2.73503775e+01,
    2.65471149e+01,  2.50928951e+01,  2.34260186e+01,  2.08030751e+01,
    0.00000000e+00],
 [  2.25761240e+01,  2.11008181e+01,  2.05300063e+01,  1.95815274e+01,
    1.87706971e+01,  1.73599093e+01,  1.57296433e+01,  1.31833082e+01,
    0.00000000e+00],
 [  1.48394928e+01,  1.34649401e+01,  1.28602149e+01,  1.19140900e+01,
    1.10790133e+01,  9.73545423e+00,  8.14063822e+00,  5.67972924e+00,
    0.00000000e+00],
 [  7.23511469e+00,  6.15670352e+00,  5.51213759e+00,  4.56912841e+00,
    3.64597195e+00,  2.41591378e+00,  1.10856262e+00,  1.65514438e-01,
    0.00000000e+00],
 [  0.00000000e+00,  0.00000000e+00,  0.00000000e+00, -1.11022302e-16,
   -1.11022302e-16,  0.00000000e+00,  0.00000000e+00,  0.00000000e+00,
    0.00000000e+00],
 [ -5.99608348e+00, -3.07783192e+00, -1.47675817e+00, -4.48753112e-01,
   -1.07095931e-01, -2.04034303e-02, -3.01976080e-03, -2.44024752e-04,
    0.00000000e+00],
 [ -1.01660275e+01, -4.72976816e+00, -2.15084161e+00, -6.56035026e-01,
   -1.58828208e-01, -3.04183646e-02, -4.52195449e-03, -3.65887411e-04,
    0.00000000e+00],
 [ -1.36200065e+01, -6.06606692e+00, -2.65043156e+00, -8.31988953e-01,
   -2.04740420e-01, -4.01760150e-02, -6.01576786e-03, -4.87473855e-04,
    0.00000000e+00],
 [ -1.68538261e+01, -7.26030224e+00, -3.05897548e+00, -9.90214265e-01,
   -2.47308665e-01, -4.97531298e-02, -7.50294512e-03, -6.08872722e-04,
    0.00000000e+00],
 [ -1.99812611e+01, -8.37218038e+00, -3.41274079e+00, -1.13537077e+00,
   -2.87531521e-01, -5.91619676e-02, -8.98356125e-03, -7.30084408e-04,
    0.00000000e+00],
 [ -2.30436435e+01, -9.43143362e+00, -3.73094024e+00, -1.26997607e+00,
   -3.25957081e-01, -6.84111377e-02, -1.04576870e-02, -8.51109241e-04,
    0.00000000e+00],
 [ -2.60614442e+01, -1.04548884e+01, -4.02445632e+00, -1.39570210e+00,
   -3.62929797e-01, -7.75085032e-02, -1.19253919e-02, -9.71947547e-04,
    0.00000000e+00],
 [ -2.90464904e+01, -1.14527402e+01, -4.29983945e+00, -1.51378978e+00,
   -3.98684756e-01, -8.64614133e-02, -1.33867449e-02, -1.09259965e-03,
    0.00000000e+00],
 [ -3.20063141e+01, -1.24314606e+01, -4.56128692e+00, -1.62521946e+00,
   -4.33391490e-01, -9.52767511e-02, -1.48418136e-02, -1.21306588e-03,
    0.00000000e+00]]
fitNessAverage
[ 1.99340917, 1.99623813, 1.99655373, 2.00155332, 2.00618055, 2.00144927,
  1.99985554, 2.00133283, 2.0045957 , 2.00214699, 2.00118395, 2.00254103,
  2.00118852, 1.9983187 , 1.99730055, 1.9964194 , 1.99354505, 1.99907388,
  2.00280895, 2.0044947 , 2.00252629, 1.99832239, 1.99860025, 1.99699592,
  1.99425639, 1.99285883]
fitNessMax
[ 2.05386541, 2.08961855, 2.06493817, 2.07600342, 2.12182757, 2.12182757,
  2.09635697, 2.09635697, 2.09890219, 2.08315575, 2.08315575, 2.09512151,
  2.09512151, 2.07072434, 2.10400841, 2.10400841, 2.10400841, 2.10400841,
  2.10494765, 2.10494765, 2.10494765, 2.10494765, 2.10494765, 2.07692829,
  2.07692829, 2.0898472 ]
fitNessMin
[ 1.94820698, 1.90583176, 1.90636223, 1.90636223, 1.89807125, 1.89132907,
  1.89924913, 1.89924913, 1.91094494, 1.9165129 , 1.9165129 , 1.91464629,
  1.9165129 , 1.9003603 , 1.89176899, 1.89176899, 1.89176899, 1.91008734,
  1.91008734, 1.91008734, 1.91008734, 1.91008734, 1.91008734, 1.88718685,
  1.90029002, 1.89052315]


 BoxCounting Simulated Annealing
logR
[-1.94591015,-1.25276297,-0.84729786,-0.55961579,-0.33647224,-0.15415068,
  0.        ]
IndexZero
10
Tq
[ -3.99981043e+01, -3.63712670e+01, -3.27446003e+01, -2.91182817e+01,
  -2.54926806e+01, -2.18685820e+01, -1.82477055e+01, -1.46339930e+01,
  -1.10370739e+01, -7.48228875e+00, -4.00824074e+00, -2.59722777e-17,
   3.01035516e+00,  5.35635856e+00,  7.48178174e+00,  9.53040422e+00,
   1.15464900e+01,  1.35467211e+01,  1.55385328e+01,  1.75255867e+01,
   1.95098117e+01]
Dq
[ 3.6361913 , 3.6371267 , 3.63828893, 3.63978521, 3.64181152, 3.64476367,
  3.64954109, 3.65849824, 3.67902462, 3.74114437, 4.00824074, 3.69821783,
  3.01035516, 2.67817928, 2.49392725, 2.38260105, 2.309298  , 2.25778685,
  2.2197904 , 2.19069834, 2.16775686]
lnMrq
[[  8.51273918e+01,  8.35334541e+01,  8.28460066e+01,  8.14361708e+01,
    7.94902542e+01,  0.00000000e+00,  0.00000000e+00],
 [  7.72885574e+01,  7.56948024e+01,  7.50072200e+01,  7.35973774e+01,
    7.16514480e+01,  0.00000000e+00,  0.00000000e+00],
 [  6.94500240e+01,  6.78566425e+01,  6.71687830e+01,  6.57589348e+01,
    6.38129667e+01,  0.00000000e+00,  0.00000000e+00],
 [  6.16121003e+01,  6.00194905e+01,  5.93310544e+01,  5.79212185e+01,
    5.59751346e+01,  0.00000000e+00,  0.00000000e+00],
 [  5.37754192e+01,  5.21844290e+01,  5.14947716e+01,  5.00850269e+01,
    4.81385970e+01,  0.00000000e+00,  0.00000000e+00],
 [  4.59412937e+01,  4.43537812e+01,  4.36614731e+01,  4.22520938e+01,
    4.03046333e+01,  0.00000000e+00,  0.00000000e+00],
 [  3.81124955e+01,  3.65326977e+01,  3.58344500e+01,  3.44262649e+01,
    3.24757582e+01,  0.00000000e+00,  0.00000000e+00],
 [  3.02950255e+01,  2.87331235e+01,  2.80210425e+01,  2.66161934e+01,
    2.46568292e+01,  0.00000000e+00,  0.00000000e+00],
 [  2.25023734e+01,  2.09843587e+01,  2.02387787e+01,  1.88411565e+01,
    1.68569183e+01,  0.00000000e+00,  0.00000000e+00],
 [  1.47667781e+01,  1.33617926e+01,  1.25335526e+01,  1.11411372e+01,
    9.09200741e+00,  0.00000000e+00,  0.00000000e+00],
 [  7.17472431e+00,  6.05678401e+00,  5.03695260e+00,  3.61091791e+00,
    1.60943791e+00,  0.00000000e+00,  0.00000000e+00],
 [  0.00000000e+00,  0.00000000e+00, -2.22044605e-16, -3.33066907e-16,
   -1.11022302e-16,  0.00000000e+00,  0.00000000e+00],
 [ -6.11529616e+00, -1.90224853e+00, -2.87361078e-01, -4.70225433e-02,
   -3.94290554e-03,  0.00000000e+00,  0.00000000e+00],
 [ -1.10863724e+01, -2.92118292e+00, -4.31484648e-01, -7.05633295e-02,
   -5.91599414e-03,  0.00000000e+00,  0.00000000e+00],
 [ -1.55634134e+01, -3.90396153e+00, -5.75314050e-01, -9.40844649e-02,
   -7.88799309e-03,  0.00000000e+00,  0.00000000e+00],
 [ -1.98652398e+01, -4.88156648e+00, -7.19142567e-01, -1.17605581e-01,
   -9.85999136e-03,  0.00000000e+00,  0.00000000e+00],
 [ -2.40923177e+01, -5.85818270e+00, -8.62971080e-01, -1.41126697e-01,
   -1.18319896e-02,  0.00000000e+00,  0.00000000e+00],
 [ -2.82828482e+01, -6.83460434e+00, -1.00679959e+00, -1.64647814e-01,
   -1.38039879e-02,  0.00000000e+00,  0.00000000e+00],
 [ -3.24539426e+01, -7.81098755e+00, -1.15062811e+00, -1.88168930e-01,
   -1.57759862e-02,  0.00000000e+00,  0.00000000e+00],
 [ -3.66140478e+01, -8.78736316e+00, -1.29445662e+00, -2.11690046e-01,
   -1.77479845e-02,  0.00000000e+00,  0.00000000e+00],
 [ -4.07676174e+01, -9.76373726e+00, -1.43828513e+00, -2.35211162e-01,
   -1.97199827e-02,  0.00000000e+00,  0.00000000e+00]]


 Fixed Size Genetic
logR
[-2.19722458,-1.5040774 ,-1.09861229,-0.81093022,-0.58778666,-0.40546511,
 -0.25131443,-0.11778304, 0.        ]
IndexZero
10
Tq
[ -5.70087610e+00, -5.57093705e+00, -5.44082285e+00, -5.31036184e+00,
  -5.17922181e+00, -5.04678430e+00, -4.91199784e+00, -4.77348347e+00,
  -4.63114618e+00, -4.48867577e+00, -3.46727756e+00, -5.01668638e-18,
   2.74315534e+00,  4.56609299e+00,  6.05105145e+00,  7.41286913e+00,
   8.71093277e+00,  9.96986884e+00,  1.12028280e+01,  1.24178056e+01,
   1.36200137e+01]
Dq
[ 0.51826146, 0.5570937 , 0.60453587, 0.66379523, 0.73988883, 0.84113072,
  0.98239957, 1.19337087, 1.54371539, 2.24433789, 3.46727756, 3.41428664,
  2.74315534, 2.2830465 , 2.01701715, 1.85321728, 1.74218655, 1.66164481,
  1.60040399, 1.55222571, 1.51333485]
lnMrq
[[  8.52065999e+01,  8.36515166e+01,  8.30995174e+01,  8.21365323e+01,
    8.14003294e+01,  7.98871423e+01,  7.80361525e+01,  7.64951098e+01,
    6.79532868e+01],
 [  7.73677932e+01,  7.58129086e+01,  7.52607727e+01,  7.42978330e+01,
    7.35615656e+01,  7.20486924e+01,  7.01985349e+01,  6.86568929e+01,
    6.08073023e+01],
 [  6.95293145e+01,  6.79748324e+01,  6.74224207e+01,  6.64595737e+01,
    6.57231763e+01,  6.42109333e+01,  6.23624354e+01,  6.08195930e+01,
    5.36613178e+01],
 [  6.16914978e+01,  6.01378365e+01,  5.95848669e+01,  5.86222096e+01,
    5.78855498e+01,  5.63745730e+01,  5.45293735e+01,  5.29841290e+01,
    4.65153334e+01],
 [  5.38550231e+01,  5.23030529e+01,  5.17489484e+01,  5.07866832e+01,
    5.00494894e+01,  4.85410582e+01,  4.67023715e+01,  4.51523366e+01,
    3.93693489e+01],
 [  4.60212864e+01,  4.44728556e+01,  4.39164264e+01,  4.29549798e+01,
    4.22166845e+01,  4.07133652e+01,  3.88873668e+01,  3.73278621e+01,
    3.22233644e+01],
 [  3.81931890e+01,  3.66523524e+01,  3.60911170e+01,  3.51313933e+01,
    3.43907672e+01,  3.28976477e+01,  3.10957121e+01,  2.95178573e+01,
    2.50773800e+01],
 [  3.03768671e+01,  2.88529781e+01,  2.82817136e+01,  2.73256021e+01,
    2.65798059e+01,  2.51066255e+01,  2.33479538e+01,  2.17359862e+01,
    1.79313955e+01],
 [  2.25856481e+01,  2.11019711e+01,  2.05097957e+01,  1.95609200e+01,
    1.88026440e+01,  1.73662213e+01,  1.56777564e+01,  1.40070690e+01,
    1.07854317e+01],
 [  1.48497470e+01,  1.34701910e+01,  1.28370172e+01,  1.18999830e+01,
    1.11069903e+01,  9.72775589e+00,  8.13378173e+00,  6.37405712e+00,
    3.66535551e+00],
 [  7.24390604e+00,  6.16356740e+00,  5.47997203e+00,  4.55229670e+00,
    3.65764675e+00,  2.39516427e+00,  1.16315081e+00,  2.85178942e-01,
    2.95588022e-02],
 [  0.00000000e+00,  0.00000000e+00,  0.00000000e+00,  0.00000000e+00,
   -1.11022302e-16,  0.00000000e+00,  0.00000000e+00,  0.00000000e+00,
    0.00000000e+00],
 [ -6.05228573e+00, -3.20161428e+00, -1.32312642e+00, -4.25102959e-01,
   -1.19200366e-01, -2.61517990e-02, -4.20169138e-03, -4.64118551e-04,
   -4.72451812e-05],
 [ -1.03063616e+01, -4.98701287e+00, -1.94307572e+00, -6.26458439e-01,
   -1.76134811e-01, -3.88189997e-02, -6.27743386e-03, -6.95524637e-04,
   -7.08686088e-05],
 [ -1.37836962e+01, -6.42876464e+00, -2.42627176e+00, -7.95181065e-01,
   -2.23565703e-01, -5.05517671e-02, -8.32736835e-03, -9.26067080e-04,
   -9.44553910e-05],
 [ -1.70091017e+01, -7.69475018e+00, -2.83654012e+00, -9.45358112e-01,
   -2.65898582e-01, -6.17154377e-02, -1.03565720e-02, -1.15596314e-03,
   -1.18024127e-04],
 [ -2.01204880e+01, -8.84127564e+00, -3.20086700e+00, -1.08256800e+00,
   -3.05027558e-01, -7.23947236e-02, -1.23654125e-02, -1.38521524e-03,
   -1.41574846e-04],
 [ -2.31699691e+01, -9.90027118e+00, -3.53345250e+00, -1.20984554e+00,
   -3.41921815e-01, -8.26400784e-02, -1.43542265e-02, -1.61382553e-03,
   -1.65107560e-04],
 [ -2.61822902e+01, -1.08945763e+01, -3.84239244e+00, -1.32907689e+00,
   -3.77128788e-01, -9.24932848e-02, -1.63233446e-02, -1.84179614e-03,
   -1.88622283e-04],
 [ -2.91706037e+01, -1.18417644e+01, -4.13261927e+00, -1.44154900e+00,
   -4.10984945e-01, -1.01991172e-01, -1.82730921e-02, -2.06912921e-03,
   -2.12119028e-04],
 [ -3.21424705e+01, -1.27552680e+01, -4.40734108e+00, -1.54820803e+00,
   -4.43712694e-01, -1.11166524e-01, -2.02037890e-02, -2.29582686e-03,
   -2.35597808e-04]]
fitNessAverage
[ 2.35870888, 2.35024415, 2.3472002 , 2.3486479 , 2.345653  , 2.34287008,
  2.34136775, 2.33951615, 2.34006919, 2.34116182, 2.34164724, 2.3410963 ,
  2.33697108, 2.33424123, 2.33289985, 2.33117378, 2.32975236, 2.3303744 ,
  2.32623178, 2.32122783, 2.31901407, 2.31522794]
fitNessMax
[ 2.46565251, 2.46565251, 2.45065619, 2.44067227, 2.43968615, 2.43949887,
  2.43588848, 2.43588848, 2.41223679, 2.41769695, 2.41769695, 2.42011135,
  2.42011135, 2.41769695, 2.42544813, 2.42544813, 2.42544813, 2.42544813,
  2.42544813, 2.42544813, 2.38385703, 2.38385703]
fitNessMin
[ 2.3065968 , 2.2516621 , 2.2516621 , 2.2516621 , 2.2516621 , 2.2516621 ,
  2.26024763, 2.2172543 , 2.26024763, 2.25877242, 2.25877242, 2.25877242,
  2.2492023 , 2.25649393, 2.25098913, 2.25098913, 2.25098913, 2.23440183,
  2.22851281, 2.21073282, 2.23653418, 2.23653418]


 Genetic fixed size Simulated Annealing
logR
[-2.07944154,-1.38629436,-0.98082925,-0.69314718,-0.47000363,-0.28768207,
 -0.13353139, 0.        ]
IndexZero
10
Tq
[ -3.83619567e+00, -3.83589770e+00, -3.83529921e+00, -3.83409585e+00,
  -3.83167553e+00, -3.82681732e+00, -3.81714553e+00, -3.79832641e+00,
  -3.76366087e+00, -3.70658432e+00, -3.26844671e+00, -1.10460226e-17,
   2.91874778e+00,  4.90457833e+00,  6.55727259e+00,  8.08347386e+00,
   9.54326253e+00,  1.09625712e+01,  1.23550805e+01,  1.37286376e+01,
   1.50880021e+01]
Dq
[ 0.34874506, 0.38358977, 0.42614436, 0.47926198, 0.54738222, 0.63780289,
  0.76342911, 0.9495816 , 1.25455362, 1.85329216, 3.26844671, 3.59845433,
  2.91874778, 2.45228916, 2.18575753, 2.02086846, 1.90865251, 1.8270952 ,
  1.7650115 , 1.7160797 , 1.67644468]
lnMrq
[[  8.51955166e+01,  8.36348633e+01,  8.31035811e+01,  8.21692841e+01,
    8.13692379e+01,  7.98151439e+01,  7.80070121e+01,  7.65594095e+01],
 [  7.73566819e+01,  7.57962138e+01,  7.52648476e+01,  7.43305467e+01,
    7.35304626e+01,  7.19767374e+01,  7.01692458e+01,  6.87209555e+01],
 [  6.95181474e+01,  6.79580552e+01,  6.74265186e+01,  6.64922108e+01,
    6.56920497e+01,  6.41390674e+01,  6.23328576e+01,  6.08831852e+01],
 [  6.16802197e+01,  6.01208963e+01,  5.95890127e+01,  5.86546929e+01,
    5.78543743e+01,  5.63028928e+01,  5.44992458e+01,  5.30467943e+01],
 [  5.38435253e+01,  5.22857923e+01,  5.17531950e+01,  5.08188571e+01,
    5.00182116e+01,  4.84697708e+01,  4.66712299e+01,  4.52131975e+01],
 [  4.60093567e+01,  4.44549749e+01,  4.39208883e+01,  4.29865319e+01,
    4.21851891e+01,  4.06429247e+01,  3.88544642e+01,  3.73852914e+01],
 [  3.81804220e+01,  3.66333043e+01,  3.60960448e+01,  3.51616995e+01,
    3.43588009e+01,  3.28290685e+01,  3.10600911e+01,  2.95690623e+01],
 [  3.03625219e+01,  2.88318690e+01,  2.82876489e+01,  2.73534383e+01,
    2.65468106e+01,  2.50421876e+01,  2.33091216e+01,  2.17770345e+01],
 [  2.25685037e+01,  2.10777858e+01,  2.05178117e+01,  1.95839735e+01,
    1.87674584e+01,  1.73109523e+01,  1.56375929e+01,  1.40359384e+01],
 [  1.48283853e+01,  1.34436329e+01,  1.28485477e+01,  1.19140389e+01,
    1.10680292e+01,  9.69212748e+00,  8.09791196e+00,  6.40734903e+00],
 [  7.22004459e+00,  6.14177931e+00,  5.49536332e+00,  4.54912880e+00,
    3.62407423e+00,  2.39698577e+00,  1.14740245e+00,  3.29303747e-01],
 [  0.00000000e+00,  0.00000000e+00,  0.00000000e+00, -1.11022302e-16,
   -1.11022302e-16,  0.00000000e+00,  0.00000000e+00,  0.00000000e+00],
 [ -5.96617357e+00, -3.12357819e+00, -1.36348590e+00, -4.24825192e-01,
   -1.20070764e-01, -3.35003589e-02, -1.12704627e-02, -3.15900391e-03],
 [ -1.02359493e+01, -4.88885438e+00, -1.98785352e+00, -6.22373639e-01,
   -1.76487709e-01, -5.00364283e-02, -1.69047756e-02, -4.73673978e-03],
 [ -1.37880443e+01, -6.37058517e+00, -2.48144296e+00, -7.83032042e-01,
   -2.25963541e-01, -6.38236951e-02, -2.11203416e-02, -6.04306841e-03],
 [ -1.70825758e+01, -7.71712001e+00, -2.91012169e+00, -9.24145360e-01,
   -2.71365756e-01, -7.61711109e-02, -2.46159640e-02, -7.21227675e-03],
 [ -2.02495942e+01, -8.97796621e+00, -3.29829054e+00, -1.05276844e+00,
   -3.13630928e-01, -8.76161133e-02, -2.77011245e-02, -8.27498102e-03],
 [ -2.33415985e+01, -1.01816923e+01, -3.65812759e+00, -1.17248132e+00,
   -3.53310592e-01, -9.84321353e-02, -3.05314080e-02, -9.24643759e-03],
 [ -2.63846241e+01, -1.13467609e+01, -3.99652489e+00, -1.28531424e+00,
   -3.90809221e-01, -1.08776207e-01, -3.31895261e-02, -1.01384015e-02],
 [ -2.93929046e+01, -1.24851601e+01, -4.31778686e+00, -1.39253262e+00,
   -4.26445688e-01, -1.18746418e-01, -3.57216254e-02, -1.09608947e-02],
 [ -3.23748089e+01, -1.36046423e+01, -4.62485587e+00, -1.49499451e+00,
   -4.60477980e-01, -1.28408124e-01, -3.81548544e-02, -1.17226052e-02]]

