
 SandBox Simulated Annealing
logR
[-1.94591015,-1.25276297,-0.84729786,-0.55961579,-0.33647224,-0.15415068,
  0.        ]
IndexZero
10
Tq
[-8.38189496,-7.89040744,-7.36968559,-6.8247863 ,-6.2604427 ,-5.67354712,
 -5.0361316 ,-4.276837  ,-3.34219868,-2.26131808,-1.11177109, 0.        ,
  0.85022433, 1.21411722, 1.29565929, 1.30587983, 1.30156698, 1.29394791,
  1.28546611, 1.27680057, 1.26819627]
Dq
[ 0.76199045, 0.78904074, 0.81885395, 0.85309829, 0.89434896, 0.94559119,
  1.00722632, 1.06920925, 1.11406623, 1.13065904, 1.11177109, 1.03482813,
  0.85022433, 0.60705861, 0.43188643, 0.32646996, 0.2603134 , 0.21565798,
  0.18363802, 0.15960007, 0.1409107 ]
lnMrq
[[-66.28476875,-67.24195012,-69.02459532,-70.9328735 ,-73.07053872,
  -76.57067625,-86.98682384],
 [-60.27341809,-61.19295923,-62.95640672,-64.84599795,-66.97476946,
  -70.27172724,-79.32900244],
 [-54.26162913,-55.14037486,-56.88084426,-58.75150206,-60.87093497,
  -63.96979705,-71.56210914],
 [-48.24935817,-49.08343755,-50.7956034 ,-52.64706537,-54.75583673,
  -57.66158161,-63.70955238],
 [-42.2365551 ,-43.02110074,-44.69717881,-46.52898397,-48.62373676,
  -51.33709068,-55.80003128],
 [-36.22316179,-36.9518721 ,-38.57996405,-40.39062405,-42.46240491,
  -44.95935162,-47.85669979],
 [-30.20910739,-30.87353946,-32.43447602,-34.21795901,-36.23830672,
  -38.39499637,-39.89460462],
 [-24.19428266,-24.78266741,-26.24375248,-27.97562854,-29.84483886,
  -31.35931665,-31.92244352],
 [-18.17836557,-18.67353739,-19.97621548,-21.56952104,-23.03028373,
  -23.77105506,-23.94494583],
 [-12.15958669,-12.53520969,-13.57393168,-14.81266024,-15.63433047,
  -15.90818816,-15.964608  ],
 [ -6.12604593, -6.34035729, -6.94564872, -7.57915985, -7.88044632,
   -7.96469969, -7.98273279],
 [  0.        ,  0.        ,  0.        ,  0.        ,  0.        ,
    0.        ,  0.        ],
 [  6.56612614,  6.73565516,  7.27666181,  7.74025496,  7.9206398 ,
    7.97112046,  7.98323253],
 [ 13.9739363 , 14.10460711, 14.80858398, 15.55020405, 15.85646103,
   15.94478088, 15.96677321],
 [ 21.84373059, 21.89687774, 22.50392283, 23.3956257 , 23.79964534,
   23.91977263, 23.95051672],
 [ 29.81232743, 29.83120993, 30.29835327, 31.26291293, 31.74723769,
   31.89562188, 31.93440305],
 [ 37.79590985, 37.80285068, 38.15389678, 39.14559819, 39.69787485,
   39.87209559, 39.91839644],
 [ 45.7816246 , 45.78452649, 46.0485446 , 47.04003867, 47.65081578,
   47.84905717, 47.90247436],
 [ 53.76764059, 53.76917257, 53.96913458, 54.94391494, 55.60560534,
   55.82641663, 55.88662188],
 [ 61.7536993 , 61.75478403, 61.90746669, 62.85562139, 63.56193809,
   63.80411009, 63.87082849],
 [ 69.7397642 , 69.74073362, 69.85823467, 70.77397874, 71.51959529,
   71.78208994, 71.85508648]]

