
 BoxCounting Genetic
logR
[-2.48490665,-1.79175947,-1.38629436,-1.09861229,-0.87546874,-0.69314718,
 -0.5389965 ,-0.40546511,-0.28768207,-0.18232156,-0.08701138, 0.        ]
IndexZero
10
Tq
[ -3.24833057, -3.2485343 , -3.24894798, -3.24979428, -3.25154522,
  -3.25522813, -3.26316101, -3.28081479, -3.32173966, -3.41848448,
  -2.94771907,  0.        ,  3.2160528 ,  6.23442356,  9.12702786,
  11.92863756, 14.65840824, 17.32884042, 19.94914222, 22.52669397,
  25.06778596]
Dq
[ 0.29530278, 0.32485343, 0.36099422, 0.40622428, 0.46450646, 0.54253802,
  0.6526322 , 0.8202037 , 1.10724655, 1.70924224, 2.94771907, 3.34215181,
  3.2160528 , 3.11721178, 3.04234262, 2.98215939, 2.93168165, 2.88814007,
  2.84987746, 2.81583675, 2.78530955]
lnMrq
[[  8.70393186e+01,  8.59579345e+01,  8.53640360e+01,  8.47818140e+01,
    8.43624581e+01,  8.37329459e+01,  8.31940113e+01,  8.26541790e+01,
    8.19662074e+01,  8.10919596e+01,  7.99847892e+01,  7.69889348e+01],
 [  7.89499946e+01,  7.78684499e+01,  7.72744551e+01,  7.66922539e+01,
    7.62728299e+01,  7.56433964e+01,  7.51044401e+01,  7.45646381e+01,
    7.38766538e+01,  7.30022472e+01,  7.18948154e+01,  6.88988390e+01],
 [  7.08614595e+01,  6.97795925e+01,  6.91854015e+01,  6.86032409e+01,
    6.81836786e+01,  6.75544039e+01,  6.70154053e+01,  6.64756640e+01,
    6.57876490e+01,  6.49129222e+01,  6.38049637e+01,  6.08087433e+01],
 [  6.27745365e+01,  6.16920224e+01,  6.10974278e+01,  6.05153452e+01,
    6.00955007e+01,  5.94665473e+01,  5.89274676e+01,  5.83878477e+01,
    5.76997548e+01,  5.68243796e+01,  5.57153559e+01,  5.27186475e+01],
 [  5.46909406e+01,  5.36071312e+01,  5.30116950e+01,  5.24297569e+01,
    5.20093300e+01,  5.13810298e+01,  5.08417989e+01,  5.03024209e+01,
    4.96141207e+01,  4.87374244e+01,  4.76262354e+01,  4.46285517e+01],
 [  4.66143059e+01,  4.55279309e+01,  4.49307036e+01,  4.43490138e+01,
    4.39273656e+01,  4.33004007e+01,  4.27609009e+01,  4.22220018e+01,
    4.15331203e+01,  4.06537082e+01,  3.95380883e+01,  3.65384559e+01],
 [  3.85524897e+01,  3.74612155e+01,  3.68600612e+01,  3.62787148e+01,
    3.58544419e+01,  3.52302168e+01,  3.46902822e+01,  3.41523053e+01,
    3.34617234e+01,  3.25766520e+01,  3.14518849e+01,  2.84483601e+01],
 [  3.05227759e+01,  2.94232799e+01,  2.88131687e+01,  2.82318913e+01,
    2.78017652e+01,  2.71831375e+01,  2.66426308e+01,  2.61062485e+01,
    2.54105264e+01,  2.45134186e+01,  2.33695726e+01,  2.03582643e+01],
 [  2.25629399e+01,  2.14567194e+01,  2.08255539e+01,  2.02417273e+01,
    1.97977991e+01,  1.91901851e+01,  1.86492042e+01,  1.81142181e+01,
    1.74027382e+01,  1.64791829e+01,  1.52951673e+01,  1.22681733e+01],
 [  1.47489181e+01,  1.36823280e+01,  1.30089046e+01,  1.24088388e+01,
    1.19293591e+01,  1.13396821e+01,  1.07965133e+01,  1.02514549e+01,
    9.49209374e+00,  8.50684584e+00,  7.23850415e+00,  4.19328460e+00],
 [  7.19730061e+00,  6.40811684e+00,  5.77619616e+00,  5.16957449e+00,
    4.61640682e+00,  4.03353242e+00,  3.44393754e+00,  2.81060679e+00,
    1.97823904e+00,  1.08518927e+00,  3.78436436e-01,  1.98026273e-02],
 [  0.00000000e+00,  0.00000000e+00,  0.00000000e+00,  0.00000000e+00,
    0.00000000e+00,  0.00000000e+00,  0.00000000e+00,  0.00000000e+00,
    0.00000000e+00,  0.00000000e+00,  0.00000000e+00,  0.00000000e+00],
 [ -6.85805940e+00, -5.65455028e+00, -4.48563829e+00, -3.29073217e+00,
   -2.09594186e+00, -1.07008519e+00, -3.79982905e-01, -9.44562423e-02,
   -1.69418147e-02, -2.52002402e-03, -3.49261653e-04, -1.22587317e-05],
 [ -1.34576610e+01, -1.08796510e+01, -8.41349389e+00, -5.95988530e+00,
   -3.58891161e+00, -1.71307401e+00, -5.80061225e-01, -1.41081962e-01,
   -2.53637001e-02, -3.77770102e-03, -5.23828446e-04, -1.83881538e-05],
 [ -1.98671371e+01, -1.58494618e+01, -1.20584384e+01, -8.33469214e+00,
   -4.83606406e+00, -2.22351742e+00, -7.39812666e-01, -1.81182307e-01,
   -3.32524187e-02, -5.02210956e-03, -6.98148281e-04, -2.45138566e-05],
 [ -2.61271313e+01, -2.06424257e+01, -1.55175943e+01, -1.05184540e+01,
   -5.93096522e+00, -2.66205978e+00, -8.79071607e-01, -2.17879184e-01,
   -4.08597454e-02, -6.25914244e-03, -8.72323531e-04, -3.06377185e-05],
 [ -3.22613363e+01, -2.53011225e+01, -1.88399473e+01, -1.25642288e+01,
   -6.91668329e+00, -3.05268957e+00, -1.00517630e+00, -2.52123560e-01,
   -4.82395692e-02, -7.48903661e-03, -1.04635458e-03, -3.67597405e-05],
 [ -3.82849914e+01, -2.98531417e+01, -2.20572657e+01, -1.45065220e+01,
   -7.82020844e+00, -3.40786577e+00, -1.12181380e+00, -2.84404117e-01,
   -5.54193355e-02, -8.71192088e-03, -1.22024169e-03, -4.28799231e-05],
 [ -4.42093563e+01, -3.43182435e+01, -2.51931601e+01, -1.63707646e+01,
   -8.66125568e+00, -3.73518497e+00, -1.23112846e+00, -3.15037819e-01,
   -6.24197371e-02, -9.92791900e-03, -1.39398512e-03, -4.89982670e-05],
 [ -5.00441524e+01, -3.87113398e+01, -2.82661046e+01, -1.81766316e+01,
   -9.45500007e+00, -4.03977896e+00, -1.33448945e+00, -3.44255219e-01,
   -6.92580666e-02, -1.11371520e-02, -1.56758514e-03, -5.51147727e-05],
 [ -5.57989106e+01, -4.30440973e+01, -3.12905887e+01, -1.99393244e+01,
   -1.02132014e+01, -4.32535931e+00, -1.43283459e+00, -3.72235050e-01,
   -7.59491028e-02, -1.23397383e-02, -1.74104201e-03, -6.12294407e-05]]
fitNessAverage
[ 15.34289854, 15.36460031, 15.38160056, 15.38946398, 15.39115328,
  15.39277195, 15.39535063, 15.39985499, 15.39509334, 15.39269443,
  15.39152133, 15.38880144, 15.38691597, 15.38539786, 15.37902524,
  15.37760133, 15.37515445, 15.3740537 , 15.37739881, 15.37651006,
  15.3748307 , 15.37593479, 15.37799813, 15.37965507]
fitNessMax
[ 15.41410346, 15.55779736, 15.56347883, 15.56347883, 15.56347883,
  15.56347883, 15.56347883, 15.56347883, 15.56347883, 15.48527585,
  15.48527585, 15.48527585, 15.48527585, 15.48527585, 15.48527585,
  15.48527585, 15.48686921, 15.48686921, 15.48999462, 15.48999462,
  15.48999462, 15.48999462, 15.47565359, 15.47565359]
fitNessMin
[ 15.20949454, 15.20949454, 15.20949454, 15.20949454, 15.20949454,
  15.23932435, 15.24074716, 15.24074716, 15.24074716, 15.24074716,
  15.278467  , 15.26846408, 15.27840954, 15.27840954, 15.26197306,
  15.26197306, 15.26197306, 15.26863166, 15.27695143, 15.27940718,
  15.2786396 , 15.25561832, 15.25561832, 15.29453074]


 BoxCounting Simulated Annealing
logR
[-2.39789527,-1.70474809,-1.29928298,-1.01160091,-0.78845736,-0.6061358 ,
 -0.45198512,-0.31845373,-0.2006707 ,-0.09531018, 0.        ]
IndexZero
10
Tq
[ -2.48112175e+01, -2.25992454e+01, -2.03876585e+01, -1.81768572e+01,
  -1.59676743e+01, -1.37618719e+01, -1.15632732e+01, -9.38043415e+00,
  -7.23311424e+00, -5.16742056e+00, -3.18639163e+00,  2.14038448e-17,
   3.31584263e+00,  6.44633641e+00,  9.47244161e+00,  1.24329617e+01,
   1.53484115e+01,  1.82312573e+01,  2.10898360e+01,  2.39300419e+01,
   2.67561627e+01]
Dq
[ 2.25556523, 2.25992454, 2.26529539, 2.27210715, 2.28109633, 2.29364532,
  2.31265464, 2.34510854, 2.41103808, 2.58371028, 3.18639163, 3.44231115,
  3.31584263, 3.2231682 , 3.15748054, 3.10824041, 3.0696823 , 3.03854289,
  3.01283372, 2.99125524, 2.97290697]
lnMrq
[[  8.69204201e+01,  8.58289477e+01,  8.52190634e+01,  8.45650527e+01,
    8.41974114e+01,  8.30990544e+01,  8.30987286e+01,  8.22872564e+01,
    8.09009578e+01,  0.00000000e+00,  0.00000000e+00],
 [  7.88312023e+01,  7.77395956e+01,  7.71295905e+01,  7.64754975e+01,
    7.61079340e+01,  7.50098347e+01,  7.50091824e+01,  7.41971691e+01,
    7.28108620e+01,  0.00000000e+00,  0.00000000e+00],
 [  7.07428802e+01,  6.96510023e+01,  6.90407517e+01,  6.83864978e+01,
    6.80190786e+01,  6.69214997e+01,  6.69201924e+01,  6.61070987e+01,
    6.47207663e+01,  0.00000000e+00,  0.00000000e+00],
 [  6.26563851e+01,  6.15639579e+01,  6.09532041e+01,  6.02986389e+01,
    5.99314735e+01,  5.88349523e+01,  5.88323272e+01,  5.80170791e+01,
    5.66306705e+01,  0.00000000e+00,  0.00000000e+00],
 [  5.45736499e+01,  5.34801089e+01,  5.28683101e+01,  5.22131531e+01,
    5.18463898e+01,  5.07520391e+01,  5.07467452e+01,  4.99272119e+01,
    4.85405747e+01,  0.00000000e+00,  0.00000000e+00],
 [  4.64987472e+01,  4.54029591e+01,  4.47889511e+01,  4.41326955e+01,
    4.37664136e+01,  4.26765855e+01,  4.26658203e+01,  4.18378016e+01,
    4.04504789e+01,  0.00000000e+00,  0.00000000e+00],
 [  3.84404099e+01,  3.73402160e+01,  3.67214165e+01,  3.60631919e+01,
    3.56968815e+01,  3.46166876e+01,  3.45944429e+01,  3.37497592e+01,
    3.23603831e+01,  0.00000000e+00,  0.00000000e+00],
 [  3.04176165e+01,  2.93097173e+01,  2.86801895e+01,  2.80185974e+01,
    2.76492017e+01,  2.65900595e+01,  2.65428038e+01,  2.56657984e+01,
    2.42702873e+01,  0.00000000e+00,  0.00000000e+00],
 [  2.24711024e+01,  2.13560483e+01,  2.07019542e+01,  2.00347822e+01,
    1.96502394e+01,  1.86377056e+01,  1.85333217e+01,  1.75938849e+01,
    1.61801917e+01,  0.00000000e+00,  0.00000000e+00],
 [  1.46804780e+01,  1.36008590e+01,  1.28975705e+01,  1.22203972e+01,
    1.17810948e+01,  1.08690775e+01,  1.06284787e+01,  9.55650375e+00,
    8.09040239e+00,  0.00000000e+00,  0.00000000e+00],
 [  7.16239750e+00,  6.35437004e+00,  5.68357977e+00,  5.04342512e+00,
    4.46590812e+00,  3.76120012e+00,  3.13549422e+00,  1.79175947e+00,
    6.93147181e-01,  0.00000000e+00,  0.00000000e+00],
 [ -1.11022302e-16,  0.00000000e+00,  0.00000000e+00, -1.11022302e-16,
   -2.22044605e-16, -1.11022302e-16,  0.00000000e+00, -1.11022302e-16,
    0.00000000e+00,  0.00000000e+00,  0.00000000e+00],
 [ -6.83357358e+00, -5.58465744e+00, -4.34205706e+00, -3.27084321e+00,
   -1.93940282e+00, -1.11507731e+00, -7.16011473e-02, -4.29523009e-03,
   -6.13120746e-04,  0.00000000e+00,  0.00000000e+00],
 [ -1.34278087e+01, -1.07567147e+01, -8.16179203e+00, -6.07362434e+00,
   -3.45643812e+00, -1.96189912e+00, -1.07671302e-01, -6.44468472e-03,
   -9.19822146e-04,  0.00000000e+00,  0.00000000e+00],
 [ -1.98594641e+01, -1.57030479e+01, -1.17693273e+01, -8.74318901e+00,
   -4.86945448e+00, -2.75065891e+00, -1.43563532e-01, -8.59291415e-03,
   -1.22642957e-03,  0.00000000e+00,  0.00000000e+00],
 [ -2.61778651e+01, -2.05049129e+01, -1.52742483e+01, -1.13618316e+01,
   -6.23719590e+00, -3.50978127e+00, -1.79454430e-01, -1.07411427e-02,
   -1.53303696e-03,  0.00000000e+00,  0.00000000e+00],
 [ -3.24141895e+01, -2.52054875e+01, -1.87232288e+01, -1.39553183e+01,
   -7.57990783e+00, -4.25111236e+00, -2.15345317e-01, -1.28893712e-02,
   -1.83964435e-03,  0.00000000e+00,  0.00000000e+00],
 [ -3.85891921e+01, -2.98322274e+01, -2.21386979e+01, -1.65337164e+01,
   -8.90686770e+00, -4.98165698e+00, -2.51236203e-01, -1.50375998e-02,
   -2.14625174e-03,  0.00000000e+00,  0.00000000e+00],
 [ -4.47173576e+01, -3.44043901e+01, -2.55326632e+01, -1.91018688e+01,
   -1.02231022e+01, -5.70573907e+00, -2.87127089e-01, -1.71858283e-02,
   -2.45285913e-03,  0.00000000e+00,  0.00000000e+00],
 [ -5.08091230e+01, -3.89360914e+01, -2.89121552e+01, -2.16625314e+01,
   -1.15317067e+01, -6.42599183e+00, -3.23017975e-01, -1.93340568e-02,
   -2.75946652e-03,  0.00000000e+00,  0.00000000e+00],
 [ -5.68721622e+01, -4.34378278e+01, -3.22815658e+01, -2.42174717e+01,
   -1.28347638e+01, -7.14399253e+00, -3.58908861e-01, -2.14822854e-02,
   -3.06607392e-03,  0.00000000e+00,  0.00000000e+00]]


 Fixed Size Genetic
logR
[-2.56494936,-1.87180218,-1.46633707,-1.178655  ,-0.95551145,-0.77318989,
 -0.61903921,-0.48550782,-0.36772478,-0.26236426,-0.16705408,-0.08004271,
  0.        ]
IndexZero
10
Tq
[ -3.4936868 , -3.49386034, -3.49421402, -3.49494153, -3.49645845,
  -3.4996838 , -3.50673169, -3.52269724, -3.56043391, -3.65117756,
  -3.04016032,  0.        ,  3.10663919,  6.0095623 ,  8.79013366,
  11.48400799, 14.10930506, 16.67669047, 19.19351824, 21.66588102,
  24.09962733]
Dq
[ 0.31760789, 0.34938603, 0.388246  , 0.43686769, 0.49949406, 0.58328063,
  0.70134634, 0.88067431, 1.1868113 , 1.82558878, 3.04016032, 3.2515339 ,
  3.10663919, 3.00478115, 2.93004455, 2.871002  , 2.82186101, 2.77944841,
  2.74193118, 2.70823513, 2.67773637]
lnMrq
[[  8.70357288e+01,  8.59461094e+01,  8.53475475e+01,  8.47685225e+01,
    8.43918376e+01,  8.37533541e+01,  8.32090364e+01,  8.25915884e+01,
    8.20000918e+01,  8.11244392e+01,  7.98795236e+01,  7.82418373e+01,
    7.69894230e+01],
 [  7.89464288e+01,  7.78566516e+01,  7.72579903e+01,  7.66789712e+01,
    7.63021976e+01,  7.56637975e+01,  7.51194520e+01,  7.45020325e+01,
    7.39105217e+01,  7.30346832e+01,  7.17896449e+01,  7.01518810e+01,
    6.88998151e+01],
 [  7.08579411e+01,  6.97678478e+01,  6.91689843e+01,  6.85899756e+01,
    6.82130224e+01,  6.75747902e+01,  6.70303904e+01,  6.64130269e+01,
    6.58214854e+01,  6.49452707e+01,  6.36999833e+01,  6.20620641e+01,
    6.08106945e+01],
 [  6.27711110e+01,  6.16803848e+01,  6.10811068e+01,  6.05021143e+01,
    6.01247960e+01,  5.94869014e+01,  5.89423975e+01,  5.83251435e+01,
    5.77335331e+01,  5.68565531e+01,  5.56107563e+01,  5.39725259e+01,
    5.27225461e+01],
 [  5.46876953e+01,  5.35957073e+01,  5.29955687e+01,  5.24165932e+01,
    5.20385264e+01,  5.14013113e+01,  5.08566138e+01,  5.02395710e+01,
    4.96477972e+01,  4.87692482e+01,  4.75224002e+01,  4.58835444e+01,
    4.46363338e+01],
 [  4.66114017e+01,  4.55169321e+01,  4.49149731e+01,  4.43359791e+01,
    4.39563605e+01,  4.33205103e+01,  4.27754740e+01,  4.21588301e+01,
    4.15666405e+01,  4.06848383e+01,  3.94357943e+01,  3.77956738e+01,
    3.65539601e+01],
 [  3.85502038e+01,  3.74510526e+01,  3.68451362e+01,  3.62659172e+01,
    3.58830271e+01,  3.52498938e+01,  3.47043435e+01,  3.40884234e+01,
    3.34950775e+01,  3.26064273e+01,  3.13527313e+01,  2.97100189e+01,
    2.84791318e+01],
 [  3.05215147e+01,  2.94147053e+01,  2.87998612e+01,  2.82194901e+01,
    2.78295245e+01,  2.72016484e+01,  2.66556122e+01,  2.60408895e+01,
    2.54439955e+01,  2.45406372e+01,  2.32769682e+01,  2.16288081e+01,
    2.04188890e+01],
 [  2.25630763e+01,  2.14508597e+01,  2.08152815e+01,  2.02298501e+01,
    1.98238807e+01,  1.92053410e+01,  1.86599554e+01,  1.80465810e+01,
    1.74377239e+01,  1.65019335e+01,  1.52168887e+01,  1.35569815e+01,
    1.23859558e+01],
 [  1.47502082e+01,  1.36797533e+01,  1.30029312e+01,  1.23974267e+01,
    1.19515129e+01,  1.13447479e+01,  1.08030416e+01,  1.01856436e+01,
    9.53332021e+00,  8.52340499e+00,  7.19444756e+00,  5.51491312e+00,
    4.41340432e+00],
 [  7.19840046e+00,  6.40669845e+00,  5.77200171e+00,  5.16112213e+00,
    4.62654021e+00,  4.01764349e+00,  3.45093947e+00,  2.78253905e+00,
    2.03077637e+00,  1.10525683e+00,  3.98776120e-01,  8.61776962e-02,
    2.95588022e-02],
 [  0.00000000e+00,  0.00000000e+00,  0.00000000e+00,  0.00000000e+00,
    0.00000000e+00,  0.00000000e+00,  0.00000000e+00,  0.00000000e+00,
    0.00000000e+00,  0.00000000e+00,  0.00000000e+00,  0.00000000e+00,
    0.00000000e+00],
 [ -6.85818818e+00, -5.64967420e+00, -4.47568108e+00, -3.29568916e+00,
   -2.13547698e+00, -1.10750931e+00, -4.02272885e-01, -1.11413781e-01,
   -2.79452312e-02, -6.28019313e-03, -1.00101172e-03, -1.28449723e-04,
   -2.45100951e-05],
 [ -1.34575438e+01, -1.08721861e+01, -8.39769798e+00, -5.99477223e+00,
   -3.70906992e+00, -1.78570786e+00, -6.16487983e-01, -1.66385555e-01,
   -4.19361254e-02, -9.42394130e-03, -1.50091202e-03, -1.92647069e-04,
   -3.67597341e-05],
 [ -1.98692315e+01, -1.58433449e+01, -1.20444218e+01, -8.43308674e+00,
   -5.06030307e+00, -2.33349757e+00, -7.88727292e-01, -2.11711654e-01,
   -5.34336391e-02, -1.21280559e-02, -1.98472113e-03, -2.56536839e-04,
   -4.89945077e-05],
 [ -2.61360861e+01, -2.06390032e+01, -1.55148449e+01, -1.07097806e+01,
   -6.27077877e+00, -2.81488743e+00, -9.39743860e-01, -2.52253025e-01,
   -6.36514199e-02, -1.46107550e-02, -2.46029968e-03, -3.20263819e-04,
   -6.12200537e-05],
 [ -3.22819600e+01, -2.52981986e+01, -1.88572487e+01, -1.28660072e+01,
   -7.37298268e+00, -3.25376029e+00, -1.07706337e+00, -2.89694383e-01,
   -7.30442640e-02, -1.69312141e-02, -2.92808354e-03, -3.83829106e-04,
   -7.34363829e-05],
 [ -3.83202849e+01, -2.98458076e+01, -2.21002959e+01, -1.49224134e+01,
   -8.38439867e+00, -3.66133018e+00, -1.20447633e+00, -3.24858156e-01,
   -8.18431755e-02, -1.91188632e-02, -3.38829536e-03, -4.47233297e-04,
   -8.56435028e-05],
 [ -4.42593801e+01, -3.43006066e+01, -2.52634190e+01, -1.68926289e+01,
   -9.31825896e+00, -4.04364702e+00, -1.32423284e+00, -3.58215062e-01,
   -9.01835171e-02, -2.11947563e-02, -3.84114580e-03, -5.10476985e-04,
   -9.78414212e-05],
 [ -5.01061045e+01, -3.86783514e+01, -2.83612596e+01, -1.87889549e+01,
   -1.01872875e+01, -4.40432999e+00, -1.43780444e+00, -3.90064922e-01,
   -9.81522884e-02, -2.31758073e-02, -4.28683941e-03, -5.73560763e-04,
   -1.10030146e-04],
 [ -5.58683142e+01, -4.29928508e+01, -3.14057054e+01, -2.06240429e+01,
   -1.10042093e+01, -4.74575370e+00, -1.54621690e+00, -4.20615893e-01,
   -1.05809817e-01, -2.50759810e-02, -4.72557497e-03, -6.36485219e-04,
   -1.22209684e-04]]
fitNessAverage
[ 15.33877661, 15.34385232, 15.34960094, 15.35181208, 15.3492106 ,
  15.34822784, 15.34604962, 15.3621827 , 15.37344791, 15.3822661 ,
  15.38368994, 15.38788817, 15.38758602, 15.3897511 , 15.39069091,
  15.38461977, 15.38048712, 15.38059571, 15.375884  , 15.37250602,
  15.37813313, 15.37954941, 15.37341646, 15.36827556, 15.36621213,
  15.36767834, 15.37045488, 15.36859996, 15.36653904]
fitNessMax
[ 15.39071458, 15.47064859, 15.47064859, 15.48978192, 15.47064859,
  15.47064859, 15.43154576, 15.54396819, 15.54396819, 15.54396819,
  15.49514441, 15.49514441, 15.48998297, 15.48406094, 15.48406094,
  15.48406094, 15.48406094, 15.48489464, 15.48489464, 15.49483864,
  15.49483864, 15.49483864, 15.49483864, 15.48406094, 15.48406094,
  15.45493835, 15.46217439, 15.46217439, 15.46217439]
fitNessMin
[ 15.27313399, 15.25015615, 15.25015615, 15.23803888, 15.22380099,
  15.22380099, 15.17827564, 15.17827564, 15.20238938, 15.20238938,
  15.20238938, 15.20238938, 15.20238938, 15.20238938, 15.20238938,
  15.20238938, 15.20238938, 15.20238938, 15.28130028, 15.26669887,
  15.26669887, 15.28130028, 15.26480386, 15.26480386, 15.26480386,
  15.2657344 , 15.28386795, 15.26283712, 15.26283712]


 Genetic fixed size Simulated Annealing
logR
[-2.48490665,-1.79175947,-1.38629436,-1.09861229,-0.87546874,-0.69314718,
 -0.5389965 ,-0.40546511,-0.28768207,-0.18232156,-0.08701138, 0.        ]
IndexZero
10
Tq
[ -3.19949961, -3.19970493, -3.20012192, -3.20097539, -3.20274253,
  -3.20646462, -3.21450018, -3.23244443, -3.27421655, -3.3741898 ,
  -2.96335942,  0.        ,  3.21067969,  6.22449834,  9.1174708 ,
  11.92587896, 14.66852635, 17.35610867, 19.99537035, 22.59156434,
  25.14989509]
Dq
[ 0.2908636 , 0.31997049, 0.3555691 , 0.40012192, 0.45753465, 0.53441077,
  0.64290004, 0.80811111, 1.09140552, 1.6870949 , 2.96335942, 3.33902747,
  3.21067969, 3.11224917, 3.03915693, 2.98146974, 2.93370527, 2.89268478,
  2.85648148, 2.82394554, 2.79443279]
lnMrq
[[  8.70142110e+01,  8.59663570e+01,  8.53378537e+01,  8.47685109e+01,
    8.43737129e+01,  8.37387892e+01,  8.32364883e+01,  8.26610880e+01,
    8.19967241e+01,  8.09211746e+01,  7.96631514e+01,  7.76820820e+01],
 [  7.89248681e+01,  7.78768601e+01,  7.72482635e+01,  7.66789482e+01,
    7.62841002e+01,  7.56492072e+01,  7.51468755e+01,  7.45715470e+01,
    7.39071241e+01,  7.28314952e+01,  7.15731241e+01,  6.95919862e+01],
 [  7.08362956e+01,  6.97879771e+01,  6.91591916e+01,  6.85899301e+01,
    6.81949804e+01,  6.75601491e+01,  6.70577550e+01,  6.64825709e+01,
    6.58180257e+01,  6.47422369e+01,  6.34831665e+01,  6.15018904e+01],
 [  6.27492991e+01,  6.17003536e+01,  6.10711830e+01,  6.05020254e+01,
    6.01068672e+01,  5.94721591e+01,  5.89696392e+01,  5.83947452e+01,
    5.77299420e+01,  5.66538290e+01,  5.53933507e+01,  5.34117947e+01],
 [  5.46655614e+01,  5.36153487e+01,  5.29853847e+01,  5.24164218e+01,
    5.20208302e+01,  5.13863693e+01,  5.08835937e+01,  5.03092835e+01,
    4.96439213e+01,  4.85671465e+01,  4.73038254e+01,  4.53216989e+01],
 [  4.65886613e+01,  4.55359000e+01,  4.49042762e+01,  4.43356559e+01,
    4.39391443e+01,  4.33051816e+01,  4.28018827e+01,  4.22287421e+01,
    4.15621268e+01,  4.04839817e+01,  3.92149040e+01,  3.72316031e+01],
 [  3.85263830e+01,  3.74686251e+01,  3.68334433e+01,  3.62653327e+01,
    3.58668001e+01,  3.52338529e+01,  3.47294742e+01,  3.41586378e+01,
    3.34890797e+01,  3.24080276e+01,  3.11272654e+01,  2.91415073e+01],
 [  3.04960044e+01,  2.94293926e+01,  2.87863097e+01,  2.82185169e+01,
    2.78152924e+01,  2.71844780e+01,  2.66778378e+01,  2.61112843e+01,
    2.54344035e+01,  2.43469149e+01,  2.30424671e+01,  2.10514115e+01],
 [  2.25357658e+01,  2.14598474e+01,  2.07986719e+01,  2.02285083e+01,
    1.98133904e+01,  1.91873305e+01,  1.86757825e+01,  1.81154816e+01,
    1.74191431e+01,  1.63163245e+01,  1.49645255e+01,  1.29613181e+01],
 [  1.47236689e+01,  1.36796580e+01,  1.29835857e+01,  1.23963620e+01,
    1.19467318e+01,  1.13314494e+01,  1.08071457e+01,  1.02435214e+01,
    9.49206342e+00,  8.34836749e+00,  6.90728977e+00,  4.87885484e+00],
 [  7.18058764e+00,  6.40098808e+00,  5.75937485e+00,  5.15940007e+00,
    4.62516887e+00,  4.02123609e+00,  3.43463216e+00,  2.78006074e+00,
    1.94448056e+00,  9.85816795e-01,  2.92669614e-01,  3.92207132e-02],
 [  0.00000000e+00,  0.00000000e+00,  0.00000000e+00,  0.00000000e+00,
    0.00000000e+00,  0.00000000e+00,  0.00000000e+00,  0.00000000e+00,
    0.00000000e+00,  0.00000000e+00,  0.00000000e+00,  0.00000000e+00],
 [ -6.83922652e+00, -5.64470537e+00, -4.47177416e+00, -3.24419304e+00,
   -2.05886156e+00, -9.77608640e-01, -3.33474579e-01, -8.24038895e-02,
   -1.59853152e-02, -2.67455086e-03, -3.12261054e-04, -2.45176136e-05],
 [ -1.34247750e+01, -1.08674718e+01, -8.38625801e+00, -5.86804588e+00,
   -3.53058737e+00, -1.55519389e+00, -5.06173320e-01, -1.23312616e-01,
   -2.39607389e-02, -3.99487213e-03, -4.68169641e-04, -3.67766458e-05],
 [ -1.98276862e+01, -1.58453981e+01, -1.20212128e+01, -8.23314899e+00,
   -4.79923135e+00, -2.02847694e+00, -6.46342096e-01, -1.58754643e-01,
   -3.10287372e-02, -5.28059602e-03, -6.23626094e-04, -4.90283142e-05],
 [ -2.60878969e+01, -2.06592947e+01, -1.54790606e+01, -1.04532700e+01,
   -5.96351961e+00, -2.45067319e+00, -7.69864898e-01, -1.91357004e-01,
   -3.76283979e-02, -6.54456790e-03, -7.78783899e-04, -6.12763757e-05],
 [ -3.22257413e+01, -2.53532169e+01, -1.88107538e+01, -1.25811784e+01,
   -7.06420183e+00, -2.84110523e+00, -8.82548490e-01, -2.21874758e-01,
   -4.39172687e-02, -7.78799498e-03, -9.33644471e-04, -7.35208322e-05],
 [ -3.82511394e+01, -2.99546046e+01, -2.20460610e+01, -1.46462478e+01,
   -8.12226086e+00, -3.20935227e+00, -9.87393325e-01, -2.50699275e-01,
   -4.99745147e-02, -9.01177507e-03, -1.08820893e-03, -8.57616850e-05],
 [ -4.41697267e+01, -3.44816535e+01, -2.52043385e+01, -1.66663368e+01,
   -9.14988612e+00, -3.56101657e+00, -1.08619208e+00, -2.78095935e-01,
   -5.58488425e-02, -1.02167583e-02, -1.24247839e-03, -9.79989350e-05],
 [ -4.99876155e+01, -3.89468481e+01, -2.82996292e+01, -1.86528414e+01,
   -1.01547197e+01, -3.89971353e+00, -1.18011316e+00, -3.04265022e-01,
   -6.15737642e-02, -1.14037555e-02, -1.39645397e-03, -1.10232583e-04],
 [ -5.57143411e+01, -4.33591128e+01, -3.13431825e+01, -2.06132923e+01,
   -1.11418266e+01, -4.22793417e+00, -1.26996946e+00, -3.29364988e-01,
   -6.71735749e-02, -1.25735401e-02, -1.55013676e-03, -1.22462631e-04]]

