BCAlgorithm
logR
[-1.09861229,-0.40546511, 0.        ]
IndexZero
10
Tq
[-34.33279476,-30.90001343,-27.46835978,-24.039632  ,-20.61836784,
 -17.21602969,-13.86101045,-10.61746967, -7.59515385, -4.8814086 ,
  -2.40487802,  0.        ,  2.35220403,  4.64154744,  6.88398861,
   9.09493615, 11.28461074, 13.45938147, 15.62322796, 17.77870865,
  19.92753925]
Dq
[ 3.12116316, 3.09000134, 3.05203998, 3.004954  , 2.94548112, 2.86933828,
  2.77220209, 2.65436742, 2.53171795, 2.4407043 , 2.40487802, 2.38413518,
  2.35220403, 2.32077372, 2.29466287, 2.27373404, 2.25692215, 2.24323025,
  2.23188971, 2.22233858, 2.21417103]
lnMrq
[[ 40.51909022, 31.363996  ,  0.        ],
 [ 36.46870734, 28.23389502,  0.        ],
 [ 32.41999985, 25.10697005,  0.        ],
 [ 28.3751177 , 21.98503647,  0.        ],
 [ 24.33919626, 18.87086934,  0.        ],
 [ 20.32474814, 15.76861737,  0.        ],
 [ 16.36209622, 12.68437481,  0.        ],
 [ 12.51906898,  9.6276015 ,  0.        ],
 [  8.91245477,  6.61924971,  0.        ],
 [  5.6465413 ,  3.74660888,  0.        ],
 [  2.7080502 ,  1.38629436,  0.        ],
 [  0.        ,  0.        ,  0.        ],
 [ -2.56328722, -0.82373395,  0.        ],
 [ -5.03561808, -1.48560035,  0.        ],
 [ -7.45007377, -2.08891384,  0.        ],
 [ -9.82728903, -2.66300806,  0.        ],
 [-12.17998385, -3.2213161 ,  0.        ],
 [-14.51590937, -3.77111636,  0.        ],
 [-16.83981709, -4.31638578,  0.        ],
 [-19.15469455, -4.85926283,  0.        ],
 [-21.46249724, -5.40088291,  0.        ]]FSBCAlgorithm
logR
[-1.60943791,-0.91629073,-0.51082562,-0.22314355, 0.        ]
IndexZero
10
Tq
[-32.29148346,-29.1177504 ,-25.94458059,-22.77256772,-19.60296443,
 -16.43849263,-13.28537928,-10.1593116 , -7.10661985, -4.27598951,
  -1.92841838,  0.        ,  1.71481212,  3.33413371,  4.9045614 ,
   6.44469397,  7.96354848,  9.46625016, 10.95604499, 12.43514959,
  13.90516594]
Dq
[ 2.93558941, 2.91177504, 2.88273118, 2.84657097, 2.80042349, 2.73974877,
  2.65707586, 2.5398279 , 2.36887328, 2.13799475, 1.92841838, 1.79374548,
  1.71481212, 1.66706685, 1.6348538 , 1.61117349, 1.5927097 , 1.57770836,
  1.56514928, 1.5543937 , 1.54501844]
lnMrq
[[ 48.23467045, 46.62702815, 44.95651348,  0.        ,  0.        ],
 [ 43.49060208, 41.88277018, 40.21242541,  0.        ,  0.        ],
 [ 38.74742124, 37.13920416, 35.4692076 ,  0.        ,  0.        ],
 [ 34.00606554, 32.39706026, 30.72779312,  0.        ,  0.        ],
 [ 29.26852036, 27.65788513, 25.99021039,  0.        ,  0.        ],
 [ 24.53913113, 22.92506909, 21.26113489,  0.        ,  0.        ],
 [ 19.82797037, 18.20648919, 16.55238059,  0.        ,  0.        ],
 [ 15.1608448 , 13.52242618, 11.89745675,  0.        ,  0.        ],
 [ 10.61352278,  8.93589269,  7.39812164,  0.        ,  0.        ],
 [  6.40747274,  4.70479622,  3.33807551,  0.        ,  0.        ],
 [  2.88722672,  1.66112243,  0.6257059 ,  0.        ,  0.        ],
 [  0.        ,  0.        ,  0.        ,  0.        ,  0.        ],
 [ -2.5937064 , -1.13593708, -0.09563761,  0.        ,  0.        ],
 [ -5.06966988, -2.0912202 , -0.14712052,  0.        ,  0.        ],
 [ -7.48711898, -2.95678084, -0.19323105,  0.        ,  0.        ],
 [ -9.86862095, -3.76632281, -0.23731155,  0.        ,  0.        ],
 [-12.22500195, -4.53597845, -0.27981304,  0.        ,  0.        ],
 [-14.56245826, -5.27469795, -0.32087127,  0.        ,  0.        ],
 [-16.8849668 , -5.98795937, -0.36057284,  0.        ,  0.        ],
 [-19.19527433, -6.67939884, -0.39899065,  0.        ,  0.        ],
 [-21.49537284, -7.35162606, -0.43619002,  0.        ,  0.        ]]

\SBAlgorithm
logR
[-1.38629436,-0.69314718,-0.28768207, 0.        ]
IndexZero
10
Tq
[-19.73303833,-17.87219821,-16.0273963 ,-14.19835015,-12.38428667,
 -10.58407236, -8.79637064, -7.01978849, -5.25298888, -3.49476183,
  -1.74405882,  0.        ,  1.73813582,  3.47093052,  5.19884986,
   6.92226709,  8.64148493, 10.35675484, 12.06829286, 13.7762918 ,
  15.48092981]
Dq
[ 1.79391258, 1.78721982, 1.78082181, 1.77479377, 1.76918381, 1.76401206,
  1.75927413, 1.75494712, 1.75099629, 1.74738091, 1.74405882, 1.74098947,
  1.73813582, 1.73546526, 1.73294995, 1.73056677, 1.72829699, 1.72612581,
  1.72404184, 1.72203647, 1.72010331]
lnMrq
[[-26.27815135,-42.21146636,-51.51058821,-52.19425341],
 [-23.97522975,-38.46164141,-46.8430774 ,-47.44932128],
 [-21.65105118,-34.69618964,-42.17200119,-42.70438916],
 [-19.30619499,-30.91411929,-37.49753566,-37.95945703],
 [-16.94188845,-27.11460847,-32.81985695,-33.2145249 ],
 [-14.55982445,-23.29703307,-28.13913875,-28.46959277],
 [-12.1619451 ,-19.46097442,-23.45555027,-23.72466064],
 [ -9.75024282,-15.60620481,-18.76925468,-18.97972851],
 [ -7.32661086,-11.73265384,-14.08040796,-14.23479639],
 [ -4.89275179, -7.84036269, -9.38915819, -9.48986426],
 [ -2.45013658, -3.92943593, -4.69564512, -4.74493213],
 [  0.        ,  0.        ,  0.        ,  0.        ],
 [  2.45664225,  3.94782396,  4.69765437,  4.74493213],
 [  4.91896588,  7.91392925,  9.3972034 ,  9.48986426],
 [  7.38630746, 11.89821416, 14.09854042, 14.23479639],
 [  9.85813523, 15.90055691, 18.80156626, 18.97972851],
 [ 12.33402335, 19.92078091, 23.50618879, 23.72466064],
 [ 14.81363023, 23.95861737, 28.21232248, 28.46959277],
 [ 17.29668083, 28.01367312, 32.91988792, 33.2145249 ],
 [ 19.78295246, 32.08541   , 37.62881132, 37.95945703],
 [ 22.27226357, 36.17313961, 42.33902409, 42.70438916]]


 SandBox Genetic
logR
[-1.38629436,-0.69314718,-0.28768207, 0.        ]
IndexZero
10
Tq
[-19.72762219,-17.85546371,-16.00399416,-14.17216925,-12.35830259,
 -10.56035067, -8.77618148, -7.00377438, -5.2413368 , -3.48735067,
  -1.74057123,  0.        ,  1.73515265,  3.46550629,  5.19154579,
   6.91365185,  8.63212622, 10.34721206, 12.05911005, 13.76799064,
  15.47400323]
Dq
[ 1.7934202 , 1.78554637, 1.77822157, 1.77152116, 1.7654718 , 1.76005844,
  1.7552363 , 1.75094359, 1.74711227, 1.74367534, 1.74057123, 1.73774576,
  1.73515265, 1.73275314, 1.73051526, 1.72841296, 1.72642524, 1.72453534,
  1.72273001, 1.72099883, 1.71933369]
lnMrq
[[-26.27198529,-41.90858013,-51.37420595,-52.19425341],
 [-23.98629356,-38.1915122 ,-46.7222768 ,-47.44932128],
 [-21.67280268,-34.45824235,-42.06607923,-42.70438916],
 [-19.33316048,-30.70760554,-37.40580688,-37.95945703],
 [-16.9698751 ,-26.93857037,-32.74165642,-33.2145249 ],
 [-14.58591779,-23.15029565,-28.07382461,-28.46959277],
 [-12.18434968,-19.34217439,-23.40250566,-23.72466064],
 [ -9.76804532,-15.51385751,-18.72788919,-18.97972851],
 [ -7.33953282,-11.66525272,-14.05015861,-14.23479639],
 [ -4.90093334, -7.79649967, -9.36948988, -9.48986426],
 [ -2.45396775, -3.90792688, -4.6860507 , -4.74493213],
 [  0.        ,  0.        ,  0.        ,  0.        ],
 [  2.45990535,  3.92672915,  4.68851229,  4.74493213],
 [  4.92492498,  7.87166441,  9.37934526,  9.48986426],
 [  7.39442481, 11.83419328, 14.07236688, 14.23479639],
 [  9.86791666, 15.81369999, 18.76745371, 18.97972851],
 [ 12.34502363, 19.80956565, 23.46449054, 23.72466064],
 [ 14.82545322, 23.82115964, 28.16336997, 28.46959277],
 [ 17.30897687, 27.84782699, 32.86399192, 33.2145249 ],
 [ 19.79541445, 31.88887658, 37.56626319, 37.95945703],
 [ 22.28462264, 35.94357356, 42.27009696, 42.70438916]]
fitNessAverage
[ 55.43852626, 55.33348492, 55.2560269 , 55.2125709 , 55.18662185,
  55.16030352, 55.13224411, 55.12883961, 55.11831556, 55.1105656 ,
  55.10435112, 55.09495637, 55.09378205, 55.0832891 , 55.10464554,
  55.12865133, 55.12696442, 55.12160059, 55.1175787 , 55.11450679,
  55.12394386, 55.11701916, 55.11532895, 55.13106893, 55.16681301,
  55.17133686, 55.13160255, 55.07620675, 55.08281031, 55.08241574,
  55.077465  , 55.05820176, 55.0290316 ]
fitNessMax
[ 55.883058  , 55.883058  , 55.83066587, 55.83066587, 55.83066587,
  55.83066587, 55.83066587, 55.83066587, 55.83066587, 55.83066587,
  55.66820466, 55.94388653, 55.94388653, 55.94388653, 55.88080602,
  55.88080602, 55.79341204, 55.79341204, 55.73846027, 55.65381641,
  55.64044194, 55.63571477, 55.6990265 , 55.7577244 , 55.70841432,
  55.72375362, 55.82000136, 55.82000136, 55.82000136, 55.72375362,
  55.63127756, 55.63127756, 55.65698356]
fitNessMin
[ 55.14598693, 54.55205916, 54.54791671, 54.17468692, 54.17468692,
  54.17468692, 54.47318383, 54.47318383, 54.41447934, 54.41447934,
  54.53530769, 54.53530769, 54.53530769, 54.53893014, 54.63289911,
  54.60134578, 54.4583486 , 54.5570411 , 54.5570411 , 54.53569442,
  54.53569442, 54.61361477, 54.5642988 , 54.5642988 , 54.61361477,
  54.65542438, 54.36693527, 54.36693527, 54.36693527, 54.4261551 ,
  54.51203299, 54.4515053 , 54.4515053 ]


 SandBox Simulated Annealing
logR
[-1.38629436,-0.69314718,-0.28768207, 0.        ]
IndexZero
10
Tq
[-19.58374008,-17.74786071,-15.9249287 ,-14.11472609,-12.31673147,
 -10.53019387, -8.7542167 , -6.98783767, -5.23009545, -3.48007872,
  -1.73695764,  0.        ,  1.73142458,  3.45784905,  5.17971864,
   6.89740353,  8.61121224, 10.32140445, 12.02820215, 13.7317988 ,
  15.43236618]
Dq
[ 1.78034001, 1.77478607, 1.76943652, 1.76434076, 1.75953307, 1.75503231,
  1.75084334, 1.74695942, 1.74336515, 1.74003936, 1.73695764, 1.73409442,
  1.73142458, 1.72892452, 1.72657288, 1.72435088, 1.72224245, 1.72023407,
  1.71831459, 1.71647485, 1.71470735]
lnMrq
[[-26.51559507,-42.09519189,-51.55989995,-52.19425341],
 [-24.17291796,-38.37696149,-46.88804503,-47.44932128],
 [-21.81351866,-34.63954312,-42.2122658 ,-42.70438916],
 [-19.43799663,-30.88155937,-37.53289215,-37.95945703],
 [-17.04732965,-27.10184134,-32.85023011,-33.2145249 ],
 [-14.64276368,-23.29949757,-28.16456039,-28.46959277],
 [-12.22569243,-19.47395963,-23.47613818,-23.72466064],
 [ -9.79754684,-15.62499487,-18.78519371,-18.97972851],
 [ -7.35970748,-11.75268413,-14.09193341,-14.23479639],
 [ -4.91344473, -7.85737015, -9.39654154, -9.48986426],
 [ -2.45988533, -3.9395891 , -4.69918195, -4.74493213],
 [  0.        ,  0.        ,  0.        ,  0.        ],
 [  2.46539384,  3.96067513,  4.70087554,  4.74493213],
 [  4.93562018,  7.94169248,  9.40333066,  9.48986426],
 [  7.41012789, 11.94230673, 14.10726434, 14.23479639],
 [  9.88847249, 15.96177339, 18.81258699, 18.97972851],
 [ 12.37029861, 19.99933916, 23.51921899, 23.72466064],
 [ 14.85532381, 24.05422742, 28.22708936, 28.46959277],
 [ 17.34332457, 28.12562528, 32.93613463, 33.2145249 ],
 [ 19.8341243 , 32.21267665, 37.64629781, 37.95945703],
 [ 22.32758349, 36.31448336, 42.35752749, 42.70438916]]


 BoxCounting Genetic
logR
[-1.60943791,-0.91629073,-0.51082562,-0.22314355, 0.        ]
IndexZero
10
Tq
[-32.30993456,-29.1361154 ,-25.96277349,-22.79041682,-19.62012762,
 -16.45429166,-13.29848559,-10.16721005, -7.1052674 , -4.26599388,
  -1.92445314,  0.        ,  1.70499209,  3.31516606,  4.87879076,
   6.41441228,  7.93083625,  9.43299363, 10.92395694, 12.40578177,
  13.879915  ]
Dq
[ 2.93726678, 2.91361154, 2.88475261, 2.8488021 , 2.80287537, 2.74238194,
  2.65969712, 2.54180251, 2.36842247, 2.13299694, 1.92445314, 1.78566836,
  1.70499209, 1.65758303, 1.62626359, 1.60360307, 1.58616725, 1.57216561,
  1.56056528, 1.55072272, 1.54221278]
lnMrq
[[ 48.43580354, 46.45563318, 45.7889514 ,  0.        ,  0.        ],
 [ 43.69154662, 41.7112755 , 41.04438283,  0.        ,  0.        ],
 [ 38.94798487, 36.96751368, 36.30018384,  0.        ,  0.        ],
 [ 34.20585517, 32.22498962, 31.55674125,  0.        ,  0.        ],
 [ 29.46672195, 27.4850913 , 26.81488085,  0.        ,  0.        ],
 [ 24.73402011, 22.75095681, 22.07647559,  0.        ,  0.        ],
 [ 20.01574676, 18.03022303, 17.34625205,  0.        ,  0.        ],
 [ 15.33262365, 13.34392649, 12.63821645,  0.        ,  0.        ],
 [ 10.74794473,  8.76316197,  8.0021166 ,  0.        ,  0.        ],
 [  6.46792346,  4.5887146 ,  3.64522429,  0.        ,  0.        ],
 [  2.8842419 ,  1.6563215 ,  0.64185389,  0.        ,  0.        ],
 [  0.        ,  0.        ,  0.        ,  0.        ,  0.        ],
 [ -2.5682258 , -1.1666928 , -0.09278045,  0.        ,  0.        ],
 [ -5.02089835, -2.14952632, -0.14256152,  0.        ,  0.        ],
 [ -7.41979294, -3.03972346, -0.18680793,  0.        ,  0.        ],
 [ -9.78647362, -3.87429509, -0.22885313,  0.        ,  0.        ],
 [-12.13076066, -4.67173433, -0.2691662 ,  0.        ,  0.        ],
 [-14.45813669, -5.44239554, -0.30789516,  0.        ,  0.        ],
 [-16.77208378, -6.19249533, -0.34513784,  0.        ,  0.        ],
 [-19.07499808, -6.92596145, -0.3809782 ,  0.        ,  0.        ],
 [-21.3686166 , -7.64538517, -0.41549253,  0.        ,  0.        ]]
fitNessAverage
[ 55.06566285, 55.11333828, 55.10178811, 55.09734466, 55.10998404,
  55.10454341, 55.12252197, 55.13486519, 55.15791967, 55.18263278,
  55.21376629, 55.21710469, 55.198051  , 55.2093474 , 55.20369123,
  55.21653238, 55.21818203, 55.22667567, 55.20605107, 55.21849774,
  55.24471565, 55.25310431, 55.25598417, 55.26405246, 55.27159237,
  55.31014213, 55.24253775, 55.24155509, 55.24837747, 55.21261844,
  55.21707813, 55.18415993, 55.20035976, 55.20208349, 55.13258626,
  55.12893767, 55.12618671, 55.12268422, 55.13232235, 55.10136432,
  55.11681017, 55.13396703, 55.12079668, 55.10725689, 55.13011877,
  55.12792055, 55.02690457]
fitNessMax
[ 55.43887249, 55.8136266 , 55.8136266 , 55.84839035, 55.84839035,
  55.84839035, 55.84839035, 55.78847843, 56.03941282, 56.09276286,
  56.09276286, 55.96513427, 56.05546157, 55.96513427, 56.03746496,
  55.99101805, 55.99101805, 55.79711989, 55.88251075, 56.03746496,
  56.03746496, 56.03746496, 56.03746496, 56.17303947, 56.17303947,
  56.30811407, 56.08195659, 56.03746496, 56.02335157, 56.0426712 ,
  56.0426712 , 56.09223423, 56.09223423, 56.02335157, 56.02335157,
  56.02335157, 56.02335157, 56.02335157, 56.02335157, 56.04072958,
  56.14819702, 56.13132602, 56.13132602, 56.13132602, 56.13132602,
  55.9708504 , 55.9708504 ]
fitNessMin
[ 54.54231233, 54.47476705, 54.3289195 , 54.25909881, 54.34849172,
  54.34849172, 54.34849172, 54.34849172, 54.34849172, 54.34849172,
  54.34849172, 54.34849172, 54.34849172, 54.34849172, 54.34849172,
  54.34849172, 54.34849172, 54.34849172, 54.34849172, 54.38156455,
  54.33158566, 54.33158566, 54.43811417, 54.43811417, 54.53648915,
  54.53648915, 54.37317478, 54.46910981, 54.42206865, 54.42206865,
  54.28487778, 54.24530188, 54.24530188, 54.45751199, 54.42814105,
  54.42425984, 54.42425984, 54.42425984, 54.33911808, 54.08197946,
  54.08197946, 54.08197946, 54.19222668, 54.24198304, 54.24198304,
  54.38526059, 53.95260593]


 BoxCounting Simulated Annealing
logR
[-1.38629436,-0.69314718,-0.28768207, 0.        ]
IndexZero
10
Tq
[ -3.23371746e+01, -2.91626857e+01, -2.59903007e+01, -2.28211198e+01,
  -1.96571228e+01, -1.65022876e+01, -1.33657340e+01, -1.02710361e+01,
  -7.28049998e+00, -4.52290905e+00, -2.11408410e+00,  1.03798558e-17,
   1.95667158e+00,  3.84328790e+00,  5.69688770e+00,  7.53212430e+00,
   9.35534040e+00,  1.11696770e+01,  1.29769005e+01,  1.47781185e+01,
   1.65740930e+01]
Dq
[ 2.93974314, 2.91626857, 2.88781119, 2.85263997, 2.8081604 , 2.75038126,
  2.6731468 , 2.56775904, 2.42683333, 2.26145452, 2.1140841 , 2.01509894,
  1.95667158, 1.92164395, 1.89896257, 1.88303108, 1.87106808, 1.86161283,
  1.85384292, 1.84726481, 1.84156589]
lnMrq
[[  4.12197432e+01,  2.27942303e+01,  0.00000000e+00,  0.00000000e+00],
 [  3.71724215e+01,  2.05631825e+01,  0.00000000e+00,  0.00000000e+00],
 [  3.31274816e+01,  1.83359683e+01,  0.00000000e+00,  0.00000000e+00],
 [  2.90863704e+01,  1.61130149e+01,  0.00000000e+00,  0.00000000e+00],
 [  2.50517140e+01,  1.38949159e+01,  0.00000000e+00,  0.00000000e+00],
 [  2.10287948e+01,  1.16828141e+01,  0.00000000e+00,  0.00000000e+00],
 [  1.70296786e+01,  9.47968250e+00,  0.00000000e+00,  0.00000000e+00],
 [  1.30853881e+01,  7.29451089e+00,  0.00000000e+00,  0.00000000e+00],
 [  9.27741012e+00,  5.15502250e+00,  0.00000000e+00,  0.00000000e+00],
 [  5.77175181e+00,  3.13750684e+00,  0.00000000e+00,  0.00000000e+00],
 [  2.70805020e+00,  1.38629436e+00,  0.00000000e+00,  0.00000000e+00],
 [  0.00000000e+00, -1.11022302e-16,  0.00000000e+00,  0.00000000e+00],
 [ -2.52856821e+00, -1.10940759e+00,  0.00000000e+00,  0.00000000e+00],
 [ -4.97843157e+00, -2.08640052e+00,  0.00000000e+00,  0.00000000e+00],
 [ -7.39007352e+00, -3.00983210e+00,  0.00000000e+00,  0.00000000e+00],
 [ -9.77975913e+00, -3.90894669e+00,  0.00000000e+00,  0.00000000e+00],
 [ -1.21548606e+01, -4.79380183e+00,  0.00000000e+00,  0.00000000e+00],
 [ -1.45191556e+01, -5.66838407e+00,  0.00000000e+00,  0.00000000e+00],
 [ -1.68747823e+01, -6.53482680e+00,  0.00000000e+00,  0.00000000e+00],
 [ -1.92230604e+01, -7.39463493e+00,  0.00000000e+00,  0.00000000e+00],
 [ -2.15648747e+01, -8.24902266e+00,  0.00000000e+00,  0.00000000e+00]]


 Fixed Size Genetic
logR
[-1.60943791,-0.91629073,-0.51082562,-0.22314355, 0.        ]
IndexZero
10
Tq
[-32.10023667,-28.92657126,-25.7535438 ,-22.58183777,-19.41291875,
 -16.25004459,-13.10088213, -9.98519179, -6.96037332, -4.19347917,
  -1.91414715,  0.        ,  1.7061759 ,  3.31451332,  4.87360405,
   6.40343327,  7.91357644,  9.40928756, 10.89374808, 12.36902644,
  13.83654237]
Dq
[ 2.91820333, 2.89265713, 2.86150487, 2.82272972, 2.77327411, 2.70834076,
  2.62017643, 2.49629795, 2.32012444, 2.09673958, 1.91414715, 1.78627549,
  1.7061759 , 1.65725666, 1.62453468, 1.60085832, 1.58271529, 1.56821459,
  1.55624973, 1.54612831, 1.5373936 ]
lnMrq
[[ 48.09730391, 46.40034562, 45.78920981,  0.        ,  0.        ],
 [ 43.35326686, 41.65626965, 41.0449007 ,  0.        ,  0.        ],
 [ 38.61015714, 36.91306986, 36.30122188,  0.        ,  0.        ],
 [ 33.8689697 , 32.17166497, 31.55882076,  0.        ,  0.        ],
 [ 29.13184112, 27.43398683, 26.81903563,  0.        ,  0.        ],
 [ 24.40353143, 22.7042219 , 22.08471081,  0.        ,  0.        ],
 [ 19.69527631, 17.99193712, 17.36223463,  0.        ,  0.        ],
 [ 15.03609599, 13.32129544, 12.66756291,  0.        ,  0.        ],
 [ 10.5094246 ,  8.76618287,  8.04811301,  0.        ,  0.        ],
 [  6.34433538,  4.61568837,  3.68733131,  0.        ,  0.        ],
 [  2.86448399,  1.66770682,  0.64710324,  0.        ,  0.        ],
 [  0.        ,  0.        ,  0.        ,  0.        ,  0.        ],
 [ -2.57251515, -1.16140836, -0.09843309,  0.        ,  0.        ],
 [ -5.02428203, -2.13807365, -0.15153884,  0.        ,  0.        ],
 [ -7.41654121, -3.02557974, -0.19762632,  0.        ,  0.        ],
 [ -9.7734427 , -3.86074203, -0.24073446,  0.        ,  0.        ],
 [-12.10648833, -4.66081087, -0.28160077,  0.        ,  0.        ],
 [-14.42206756, -5.43489888, -0.32050214,  0.        ,  0.        ],
 [-16.72413955, -6.18820635, -0.35762251,  0.        ,  0.        ],
 [-19.01534935, -6.92387418, -0.39311375,  0.        ,  0.        ],
 [-21.29755953, -7.64390306, -0.4271085 ,  0.        ,  0.        ]]
fitNessAverage
[ 55.1619196 , 55.12478359, 55.05518105, 55.0526051 , 55.01739011,
  55.01733487, 54.98760892, 54.99081509, 55.01440356, 55.00239588,
  54.98405752, 54.97425634, 55.01043545, 55.00048285, 54.99112722,
  54.97628933, 54.95621959, 54.96505919, 54.9649981 , 54.94614373,
  54.92931804, 54.90023114, 54.87261913, 54.95839662, 54.96020463,
  54.95899422, 54.9539314 , 54.84376399, 54.86358486]
fitNessMax
[ 55.52517164, 55.63883467, 55.68518041, 55.67853009, 55.76796917,
  55.87730489, 55.79516654, 56.15462059, 56.15462059, 56.01254167,
  56.01254167, 55.81990169, 55.90322066, 55.90322066, 55.90322066,
  55.90322066, 55.91444615, 55.92107915, 56.06261097, 56.02852243,
  56.02852243, 55.96160477, 55.96160477, 55.91444615, 55.91444615,
  55.91444615, 55.91444615, 55.91444615, 56.07646469]
fitNessMin
[ 54.7896332 , 54.42281341, 54.0658777 , 53.94352528, 54.14403261,
  54.14403261, 53.78492528, 54.121713  , 54.09624787, 53.83364841,
  53.96777154, 54.07366071, 54.07366071, 54.07366071, 54.10204872,
  54.10204872, 53.9720709 , 53.91983471, 53.53223594, 53.53223594,
  53.60745224, 53.60745224, 53.60745224, 53.60745224, 53.60745224,
  53.57109837, 53.60745224, 53.51680134, 53.50725767]


 Genetic fixed size Simulated Annealing
logR
[-1.60943791,-0.91629073,-0.51082562,-0.22314355, 0.        ]
IndexZero
10
Tq
[-32.26647372,-29.09270862,-25.91948021,-22.74736716,-19.57761683,
 -16.41301881,-13.26017438,-10.13615698, -7.09096014, -4.2769615 ,
  -1.93785729,  0.        ,  1.71423973,  3.32940173,  4.89604671,
   6.43393455,  7.95232468,  9.45628543, 10.94892904, 12.43233564,
  13.90798538]
Dq
[ 2.93331579, 2.90927086, 2.87994225, 2.84342089, 2.7968024 , 2.73550313,
  2.65203488, 2.53403925, 2.36365338, 2.13848075, 1.93785729, 1.79776836,
  1.71423973, 1.66470087, 1.63201557, 1.60848364, 1.59046494, 1.57604757,
  1.56413272, 1.55404196, 1.54533171]
lnMrq
[[ 48.38609719, 46.3106657 , 45.67765436,  0.        ,  0.        ],
 [ 43.64186026, 41.56652851, 40.93301561,  0.        ,  0.        ],
 [ 38.8983446 , 36.82321986, 36.18867891,  0.        ,  0.        ],
 [ 34.15632611, 32.08163933, 31.44496952,  0.        ,  0.        ],
 [ 29.41747549, 27.34374146, 26.70260509,  0.        ,  0.        ],
 [ 24.68553065, 22.61394983, 21.96329968,  0.        ,  0.        ],
 [ 19.9693819 , 17.90288601, 17.23170184,  0.        ,  0.        ],
 [ 15.29236981, 13.23830743, 12.52272377,  0.        ,  0.        ],
 [ 10.72435411,  8.7025426 ,  7.89227937,  0.        ,  0.        ],
 [  6.47632569,  4.58412532,  3.56808011,  0.        ,  0.        ],
 [  2.90690106,  1.64480506,  0.62057649,  0.        ,  0.        ],
 [  0.        ,  0.        ,  0.        ,  0.        ,  0.        ],
 [ -2.59377678, -1.12594813, -0.08395546,  0.        ,  0.        ],
 [ -5.06521759, -2.06855008, -0.12861436,  0.        ,  0.        ],
 [ -7.47831425, -2.92366061, -0.16892095,  0.        ,  0.        ],
 [ -9.85663648, -3.72809415, -0.20755411,  0.        ,  0.        ],
 [-12.21097364, -4.49951412, -0.24480901,  0.        ,  0.        ],
 [-14.54724855, -5.24748218, -0.2807628 ,  0.        ,  0.        ],
 [-16.86916455, -5.97763169, -0.31546725,  0.        ,  0.        ],
 [-19.17925273, -6.69353169, -0.34896925,  0.        ,  0.        ],
 [-21.47935009, -7.39759774, -0.38131342,  0.        ,  0.        ]]


Execution time

Box Counting	Box Counting Fixed	SandBox	Genetic SandBox	Simulated SandBox	Genetic BCFS	Simulated BCFS
[  1.83868098,  3.15464997,  1.68373394, 53.66817093, 21.63616681,
  50.08853698, 22.50110483, 26.88933897, 22.93676591]
Fractal dimension
2.60048816557