FSBCAlgorithm
logR
[-1.38629436,-0.69314718,-0.28768207, 0.        ]IndexZero
10
Tq
[ -2.80431306e+01, -2.53272997e+01, -2.26120293e+01, -1.98977917e+01,
  -1.71855371e+01, -1.44772143e+01, -1.17768942e+01, -9.09328557e+00,
  -6.44598206e+00, -3.88698092e+00, -1.60071996e+00,  3.90517338e-18,
   9.22831896e-01,  1.59352528e+00,  2.20265316e+00,  2.79410308e+00,
   3.37875160e+00,  3.96004761e+00,  4.53937679e+00,  5.11741561e+00,
   5.69454517e+00]
Dq
[ 2.54937551, 2.53272997, 2.5124477 , 2.48722396, 2.45507673, 2.41286905,
  2.35537884, 2.27332139, 2.14866069, 1.94349046, 1.60071996, 1.19157224,
  0.9228319 , 0.79676264, 0.73421772, 0.69852577, 0.67575032, 0.66000793,
  0.6484824 , 0.63967695, 0.63272724]
lnMrq
[[  3.63896356e+01,  1.53207939e+01,  1.98931211e-01,  0.00000000e+00],
 [  3.28694283e+01,  1.38042975e+01,  1.79038161e-01,  0.00000000e+00],
 [  2.93498154e+01,  1.22891383e+01,  1.59145266e-01,  0.00000000e+00],
 [  2.58313960e+01,  1.07756718e+01,  1.39252870e-01,  0.00000000e+00],
 [  2.23153919e+01,  9.26448987e+00,  1.19362101e-01,  0.00000000e+00],
 [  1.88043205e+01,  7.75671371e+00,  9.94766068e-02,  0.00000000e+00],
 [  1.53034357e+01,  6.25474422e+00,  7.96081689e-02,  0.00000000e+00],
 [  1.18239194e+01,  4.76419467e+00,  5.97943230e-02,  0.00000000e+00],
 [  8.39082312e+00,  3.29863412e+00,  4.01517359e-02,  0.00000000e+00],
 [  5.07087052e+00,  1.89245457e+00,  2.10855858e-02,  0.00000000e+00],
 [  2.09743949e+00,  6.98012762e-01,  5.54517744e-03,  0.00000000e+00],
 [ -5.32907052e-18,  0.00000000e+00,  0.00000000e+00,  0.00000000e+00],
 [ -1.19743856e+00, -4.91034223e-01, -2.01943575e-03,  0.00000000e+00],
 [ -2.05812600e+00, -9.22951596e-01, -3.46243449e-03,  0.00000000e+00],
 [ -2.83795816e+00, -1.32960162e+00, -4.73417446e-03,  0.00000000e+00],
 [ -3.59512690e+00, -1.72464247e+00, -5.95132236e-03,  0.00000000e+00],
 [ -4.34376322e+00, -2.11376224e+00, -7.15141386e-03,  0.00000000e+00],
 [ -5.08826640e+00, -2.49940358e+00, -8.34623031e-03,  0.00000000e+00],
 [ -5.83038275e+00, -2.88271122e+00, -9.53942104e-03,  0.00000000e+00],
 [ -6.57095849e+00, -3.26429096e+00, -1.07321113e-02,  0.00000000e+00],
 [ -7.31046740e+00, -3.64450683e+00, -1.19246476e-02,  0.00000000e+00]]

\SBAlgorithm
logR
[-1.38629436,-0.69314718,-0.28768207, 0.        ]IndexZero
10
Tq
[-20.03346023,-18.11411369,-16.19369165,-14.2751782 ,-12.36289092,
 -10.46271594, -8.58238299, -6.73207319, -4.92579417, -3.18264918,
  -1.52717217,  0.        ,  1.32417887,  2.3795045 ,  3.19914537,
   3.87914016,  4.49106865,  5.07012359,  5.63200814,  6.18405433,
   6.73001225]
Dq
[ 1.82122366, 1.81141137, 1.79929907, 1.78439728, 1.76612727, 1.74378599,
  1.7164766 , 1.6830183 , 1.64193139, 1.59132459, 1.52717217, 1.4406674 ,
  1.32417887, 1.18975225, 1.06638179, 0.96978504, 0.89821373, 0.8450206 ,
  0.80457259, 0.77300679, 0.74777914]
lnMrq
[[-11.50388151,-25.10829293,-35.24275935,-38.33896716],
 [-10.63673189,-23.07378175,-32.16519112,-34.89127588],
 [ -9.75772263,-21.03518062,-29.07074096,-31.43366618],
 [ -8.86211237,-18.9894079 ,-25.95556941,-27.96668476],
 [ -7.943839  ,-16.93093811,-22.81587363,-24.49111071],
 [ -6.99555081,-14.84988626,-19.64833151,-21.00787174],
 [ -6.00877377,-12.72853852,-16.45052775,-17.51795946],
 [ -4.9739667 ,-10.53477496,-13.22121316,-14.02235707],
 [ -3.87983457, -8.21245231, -9.96031063,-10.52198642],
 [ -2.7105294 , -5.6889491 , -6.66870502, -7.01767552],
 [ -1.43742509, -2.93507713, -3.34794737, -3.51014376],
 [  0.        ,  0.        ,  0.        ,  0.        ],
 [  1.71084378,  3.05044642,  3.37292495,  3.51225075],
 [  3.78876453,  6.1770682 ,  6.76845306,  7.02619625],
 [  6.1896079 ,  9.3618095 , 10.18410737, 10.54150405],
 [  8.78234833, 12.59533743, 13.61737358, 14.05790857],
 [ 11.4690799 , 15.87078126, 17.06577871, 17.57519919],
 [ 14.20156992, 19.18175144, 20.52697286, 21.09320969],
 [ 16.95824747, 22.52212868, 23.99879911, 24.61180946],
 [ 19.72901008, 25.88632571, 27.47934088, 28.13089605],
 [ 22.50866322, 29.26951484, 30.96694358, 31.65038927]]


 SandBox Genetic
logR
[-1.38629436,-0.69314718,-0.28768207, 0.        ]IndexZero
10
Tq
[-20.61587989,-18.62140889,-16.62110238,-14.61853615,-12.61934685,
 -10.63181996, -8.66762629, -6.74313453, -4.88170669, -3.11425716,
  -1.47411159,  0.        ,  1.25548865,  2.2611999 ,  3.0549901 ,
   3.71232998,  4.2926484 ,  4.82957618,  5.34080324,  5.83605648,
   6.32107066]
Dq
[ 1.8741709 , 1.86214089, 1.84678915, 1.82731702, 1.80276384, 1.77196999,
  1.73352526, 1.68578363, 1.62723556, 1.55712858, 1.47411159, 1.37397929,
  1.25548865, 1.13059995, 1.01833003, 0.92808249, 0.85852968, 0.80492936,
  0.76297189, 0.72950706, 0.70234118]
lnMrq
[[-10.61139047,-22.75020809,-34.62894446,-38.11928743],
 [ -9.88972661,-20.95594514,-31.66008676,-34.71457524],
 [ -9.15436837,-19.15989105,-28.66557901,-31.29365996],
 [ -8.39921991,-17.36059206,-25.63982085,-27.85753753],
 [ -7.61598862,-15.55507383,-22.57761823,-24.40756096],
 [ -6.79384002,-13.73668444,-19.4749337 ,-20.94529937],
 [ -5.91925108,-11.88937622,-16.32948942,-17.47240087],
 [ -4.9759842 , -9.97385629,-13.14098359,-13.99047904],
 [ -3.94462418, -7.90548905, -9.91085512,-10.5010325 ],
 [ -2.80024735, -5.56471802, -6.64175305, -7.00539768],
 [ -1.50569971, -2.90291603, -3.3369662 , -3.50472916],
 [  0.        ,  0.        ,  0.        ,  0.        ],
 [  1.79966465,  3.04225229,  3.36565244,  3.50798545],
 [  3.94111938,  6.16821506,  6.75660011,  7.01857231],
 [  6.37388846,  9.35575916, 10.16958477, 10.53123362],
 [  8.99467474, 12.59555225, 13.6015076 , 14.04554918],
 [ 11.7218337 , 15.88124061, 17.0494695 , 17.56118625],
 [ 14.5090791 , 19.20641755, 20.51081822, 21.07788273],
 [ 17.33206885, 22.56437   , 23.98318821, 24.59543293],
 [ 20.17744867, 25.94862085, 27.4645227 , 28.11367589],
 [ 23.03736203, 29.35343802, 30.95307522, 31.63248588]]
fitNessAverage
[ 13.28247833, 13.77593087, 13.93747232, 14.00720295, 14.08919164,
  14.10534472, 14.1161937 , 14.06797426, 13.95333957, 14.01715209,
  14.05641157, 14.05030289, 14.08090826, 14.15145187, 14.07269628,
  14.06834338, 14.13354745, 14.1927296 , 14.18824748, 14.15620992,
  14.18704072, 14.3115132 , 14.2627573 , 14.21889154, 14.23715235,
  14.17414397, 14.14417224, 14.24310301, 14.20162603, 14.17872262,
  14.20963985, 14.58445696, 14.7441845 , 14.90294118, 14.89454161,
  14.97774389, 15.01595673, 15.01240777, 15.02523336, 15.07199801,
  15.0450012 , 15.11400514, 15.1177285 ]
fitNessMax
[ 15.24554223, 16.31844699, 16.31844699, 16.31844699, 16.31844699,
  16.31844699, 16.33060061, 16.33060061, 16.33060061, 16.37369072,
  16.37755778, 16.37755778, 16.39536064, 16.76861221, 16.78099811,
  16.78099811, 16.78099811, 16.83552835, 16.83552835, 16.83552835,
  16.6180758 , 17.20243653, 17.20243653, 17.20243653, 17.20243653,
  17.20243653, 16.52089407, 16.48151324, 16.81544118, 16.81544118,
  16.81544118, 16.84642111, 16.89310645, 16.89310645, 16.89310645,
  16.79846542, 16.79846542, 16.70882353, 16.673336  , 16.82352941,
  16.85808824, 16.85808824, 17.18602941]
fitNessMin
[ 11.94310413, 11.94310413, 11.5368413 , 11.55      , 11.55      ,
  11.55      , 11.41556883, 11.41556883, 11.41556883, 12.03622884,
  12.02186547, 11.97407964, 11.97407964, 12.02186547, 12.02186547,
  12.02186547, 12.02186547, 12.18048821, 12.18048821, 12.08014761,
  12.08014761, 12.17629909, 11.61258154, 11.61258154, 12.17629909,
  11.78820735, 11.78820735, 12.19884779, 12.19884779, 11.32135394,
  11.87776698, 11.92205882, 11.92205882, 11.92205882, 11.92205882,
  11.92205882, 12.36208769, 12.695872  , 12.695872  , 11.59670217,
  11.99117647, 11.68467387, 11.68467387]


 SandBox Simulated Annealing
logR
[-1.38629436,-0.69314718,-0.28768207, 0.        ]IndexZero
10
Tq
[-18.53011639,-16.82303265,-15.10311333,-13.37059067,-11.626719  ,
  -9.87445898, -8.11964325, -6.37307378, -4.65389372, -2.99165789,
  -1.42324176,  0.        ,  1.19924041,  2.12670053,  2.84019868,
   3.43748032,  3.98106476,  4.49933067,  5.00428121,  5.50130845,
   5.9931248 ]
Dq
[ 1.68455604, 1.68230326, 1.6781237 , 1.67132383, 1.66095986, 1.64574316,
  1.62392865, 1.59326844, 1.55129791, 1.49582894, 1.42324176, 1.32554957,
  1.19924041, 1.06335026, 0.94673289, 0.85937008, 0.79621295, 0.74988845,
  0.71489732, 0.68766356, 0.66590276]
lnMrq
[[-13.44295243,-22.70142141,-34.60225419,-38.10489836],
 [-12.33406141,-20.90716606,-31.63976405,-34.70355673],
 [-11.22112363,-19.11113598,-28.65254616,-31.28566868],
 [-10.10237217,-17.31191232,-25.63457327,-27.85214169],
 [ -8.97517523,-15.50662748,-22.57994784,-24.40427974],
 [ -7.83557761,-13.68894531,-19.48374654,-20.9436416 ],
 [ -6.67759855,-11.8436873 ,-16.34283043,-17.47189671],
 [ -5.49214665, -9.93355934,-13.1563032 ,-13.990702  ],
 [ -4.2652022 , -7.87657479, -9.92543414,-10.50161149],
 [ -2.97407722, -5.55132262, -6.65313255, -7.00602085],
 [ -1.57817754, -2.90020353, -3.34325321, -3.50514202],
 [  0.        ,  0.        ,  0.        ,  0.        ],
 [  1.87946505,  3.04213865,  3.37245491,  3.5085559 ],
 [  4.13115854,  6.16531281,  6.77015849,  7.01983318],
 [  6.67752417,  9.34475325, 10.18945002, 10.53327418],
 [  9.38481875, 12.57064544, 13.62698828, 14.04843413],
 [ 12.16698638, 15.8377222 , 17.07976699, 17.56496088],
 [ 14.98463793, 19.14158293, 20.54512645, 21.08257719],
 [ 17.82092077, 22.47773757, 24.02075744, 24.60106569],
 [ 20.66818271, 25.84159939, 27.5046934 , 28.12025644],
 [ 23.52256108, 29.22872551, 30.99529005, 31.64001686]]


 BoxCounting Genetic
logR
[-1.38629436,-0.69314718,-0.28768207, 0.        ]IndexZero
10
Tq
[-28.51000429,-25.80160831,-23.09322492,-20.38487875,-17.67664475,
 -14.96875826,-12.26198582, -9.55895672, -6.86943786, -4.23402508,
  -1.82199609,  0.        ,  1.26189537,  2.31601276,  3.30830465,
   4.27766324,  5.23678005,  6.19061903,  7.1412567 ,  8.08959611,
   9.03605641]
Dq
[ 2.59181857, 2.58016083, 2.56591388, 2.54810984, 2.52523496, 2.49479304,
  2.45239716, 2.38973918, 2.28981262, 2.11701254, 1.82199609, 1.47664555,
  1.26189537, 1.15800638, 1.10276822, 1.06941581, 1.04735601, 1.03176984,
  1.02017953, 1.01119951, 1.00400627]
lnMrq
[[ 37.20951567, 13.29139603,  0.        ,  0.        ],
 [ 33.68315596, 11.96232508,  0.        ,  0.        ],
 [ 30.15679871, 10.63336965,  0.        ,  0.        ],
 [ 26.6304513 ,  9.30473497,  0.        ,  0.        ],
 [ 23.10414346,  7.9769901 ,  0.        ,  0.        ],
 [ 19.5779956 ,  6.65170815,  0.        ,  0.        ],
 [ 16.05250372,  5.33320045,  0.        ,  0.        ],
 [ 12.52978333,  4.03300816,  0.        ,  0.        ],
 [  9.0194621 ,  2.78013548,  0.        ,  0.        ],
 [  5.56902281,  1.63662065,  0.        ,  0.        ],
 [  2.39789527,  0.69314718,  0.        ,  0.        ],
 [  0.        ,  0.        ,  0.        ,  0.        ],
 [ -1.6590935 , -0.49310581,  0.        ,  0.        ],
 [ -3.04860158, -0.87685378,  0.        ,  0.        ],
 [ -4.35977863, -1.21328213,  0.        ,  0.        ],
 [ -5.64199722, -1.53139509,  0.        ,  0.        ],
 [ -6.91110397, -1.84273378,  0.        ,  0.        ],
 [ -8.17332272, -2.15160956,  0.        ,  0.        ],
 [ -9.43128642, -2.45959553,  0.        ,  0.        ],
 [-10.6861548 , -2.76726074,  0.        ,  0.        ],
 [-11.93847365, -3.07481044,  0.        ,  0.        ]]
fitNessAverage
[ 21.25123851, 21.25071319, 21.16886667, 21.21717551, 21.1968482 ,
  21.30244106, 21.27878868, 21.02482128, 21.14061007, 21.17175123,
  20.89832953, 20.72027361, 20.54609435, 20.21269985, 20.54958382,
  20.89081007, 21.18158818, 21.44764436, 21.72201874, 21.89742525,
  21.84525387, 21.80463053, 21.71755202, 21.80091899, 21.80149547,
  21.90945448, 22.14971093, 22.209581  , 22.23340345, 22.06885927]
fitNessMax
[ 22.8671024 , 23.1459695 , 23.16069285, 23.64594932, 23.87791054,
  23.96024816, 23.96024816, 23.95929075, 24.88191721, 24.88191721,
  24.88191721, 24.88191721, 24.88191721, 24.88191721, 24.        ,
  24.18242556, 24.18242556, 24.58126108, 24.58126108, 24.58213508,
  24.58213508, 24.58213508, 24.58213508, 24.4822077 , 24.54124507,
  24.54124507, 24.54124507, 24.54124507, 24.54124507, 24.54124507]
fitNessMin
[ 19.84502542, 17.20588235, 17.20588235, 16.88464276, 15.88868637,
  16.88464276, 15.23369372, 15.23369372, 15.23369372, 15.6652114 ,
  15.05882353, 14.63587509, 14.63587509, 14.63587509, 15.60029049,
  15.60029049, 15.60029049, 15.60029049, 15.6652114 , 15.6652114 ,
  15.6652114 , 15.6652114 , 15.6652114 , 15.6652114 , 15.6652114 ,
  15.6652114 , 16.61583152, 16.61583152, 16.61583152, 16.61583152]


 BoxCounting Simulated Annealing
logR
[-1.38629436,-0.69314718,-0.28768207, 0.        ]IndexZero
10
Tq
[-28.51000429,-25.80160831,-23.09322492,-20.38487875,-17.67664475,
 -14.96875826,-12.26198582, -9.55895672, -6.86943786, -4.23402508,
  -1.82199609,  0.        ,  1.26189537,  2.31601276,  3.30830465,
   4.27766324,  5.23678005,  6.19061903,  7.1412567 ,  8.08959611,
   9.03605641]
Dq
[ 2.59181857, 2.58016083, 2.56591388, 2.54810984, 2.52523496, 2.49479304,
  2.45239716, 2.38973918, 2.28981262, 2.11701254, 1.82199609, 1.47664555,
  1.26189537, 1.15800638, 1.10276822, 1.06941581, 1.04735601, 1.03176984,
  1.02017953, 1.01119951, 1.00400627]
lnMrq
[[ 37.20951567, 13.29139603,  0.        ,  0.        ],
 [ 33.68315596, 11.96232508,  0.        ,  0.        ],
 [ 30.15679871, 10.63336965,  0.        ,  0.        ],
 [ 26.6304513 ,  9.30473497,  0.        ,  0.        ],
 [ 23.10414346,  7.9769901 ,  0.        ,  0.        ],
 [ 19.5779956 ,  6.65170815,  0.        ,  0.        ],
 [ 16.05250372,  5.33320045,  0.        ,  0.        ],
 [ 12.52978333,  4.03300816,  0.        ,  0.        ],
 [  9.0194621 ,  2.78013548,  0.        ,  0.        ],
 [  5.56902281,  1.63662065,  0.        ,  0.        ],
 [  2.39789527,  0.69314718,  0.        ,  0.        ],
 [  0.        ,  0.        ,  0.        ,  0.        ],
 [ -1.6590935 , -0.49310581,  0.        ,  0.        ],
 [ -3.04860158, -0.87685378,  0.        ,  0.        ],
 [ -4.35977863, -1.21328213,  0.        ,  0.        ],
 [ -5.64199722, -1.53139509,  0.        ,  0.        ],
 [ -6.91110397, -1.84273378,  0.        ,  0.        ],
 [ -8.17332272, -2.15160956,  0.        ,  0.        ],
 [ -9.43128642, -2.45959553,  0.        ,  0.        ],
 [-10.6861548 , -2.76726074,  0.        ,  0.        ],
 [-11.93847365, -3.07481044,  0.        ,  0.        ]]


Execution time
[ 21.82830596,  2.1617918 , 12.074085  ,  6.83189988,  5.62675595,
   6.68848705]