BCAlgorithm
logR
[-2.77258872,-2.07944154,-1.67397643,-1.38629436,-1.16315081,-0.98082925,
 -0.82667857,-0.69314718,-0.57536414,-0.47000363,-0.37469345,-0.28768207,
 -0.20763936,-0.13353139,-0.06453852, 0.        ]
IndexZero
10
Tq
[ -3.49022190e+01, -3.17198243e+01, -2.85376668e+01, -2.53559896e+01,
  -2.21752895e+01, -1.89965872e+01, -1.58219866e+01, -1.26558279e+01,
  -9.50707839e+00, -6.39556181e+00, -3.34708476e+00, -6.69631339e-17,
   2.28616757e+00,  3.96107079e+00,  5.44758521e+00,  6.88286311e+00,
   8.30401794e+00,  9.71992235e+00,  1.11333866e+01,  1.25455549e+01,
   1.39569768e+01]
Dq
[ 3.172929  , 3.17198243, 3.17085186, 3.16949869, 3.16789851, 3.16609786,
  3.16439733, 3.16395698, 3.16902613, 3.1977809 , 3.34708476, 2.95778396,
  2.28616757, 1.98053539, 1.81586174, 1.72071578, 1.66080359, 1.61998706,
  1.5904838 , 1.56819436, 1.5507752 ]
lnMrq
[[  9.02319725e+01,  8.87817609e+01,  8.84090060e+01,  8.73598708e+01,
    8.69661861e+01,  8.61598835e+01,  8.55803931e+01,  8.48865537e+01,
    8.36341327e+01,  8.36341322e+01,  8.29404974e+01,  0.00000000e+00,
    0.00000000e+00,  0.00000000e+00,  0.00000000e+00,  0.00000000e+00],
 [  8.19384254e+01,  8.04883409e+01,  8.01154103e+01,  7.90663593e+01,
    7.86724813e+01,  7.78663488e+01,  7.72871849e+01,  7.65926594e+01,
    7.53405741e+01,  7.53405719e+01,  7.46464506e+01,  0.00000000e+00,
    0.00000000e+00,  0.00000000e+00,  0.00000000e+00,  0.00000000e+00],
 [  7.36453834e+01,  7.21955644e+01,  7.18222778e+01,  7.07733950e+01,
    7.03791349e+01,  6.95733364e+01,  6.89948223e+01,  6.82989374e+01,
    6.70475121e+01,  6.70475031e+01,  6.63524124e+01,  0.00000000e+00,
    0.00000000e+00,  0.00000000e+00,  0.00000000e+00,  0.00000000e+00],
 [  6.53533555e+01,  6.39041029e+01,  6.35300905e+01,  6.24815434e+01,
    6.20865332e+01,  6.12813850e+01,  6.07041582e+01,  6.00055970e+01,
    5.87554608e+01,  5.87554237e+01,  5.80584085e+01,  0.00000000e+00,
    0.00000000e+00,  0.00000000e+00,  0.00000000e+00,  0.00000000e+00],
 [  5.70633666e+01,  5.56153570e+01,  5.52398530e+01,  5.41919749e+01,
    5.37955066e+01,  5.29916091e+01,  5.24169122e+01,  5.17131393e+01,
    5.04655041e+01,  5.04653483e+01,  4.97645420e+01,  0.00000000e+00,
    0.00000000e+00,  0.00000000e+00,  0.00000000e+00,  0.00000000e+00],
 [  4.87774816e+01,  4.73323040e+01,  4.69537026e+01,  4.59071575e+01,
    4.55078975e+01,  4.47063683e+01,  4.41365622e+01,  4.34228428e+01,
    4.21800427e+01,  4.21793802e+01,  4.14712243e+01,  0.00000000e+00,
    0.00000000e+00,  0.00000000e+00,  0.00000000e+00,  0.00000000e+00],
 [  4.04998539e+01,  3.90614432e+01,  3.86763371e+01,  3.76324601e+01,
    3.72279816e+01,  3.64308795e+01,  3.58701910e+01,  3.51382211e+01,
    3.39048789e+01,  3.39020095e+01,  3.31800972e+01,  0.00000000e+00,
    0.00000000e+00,  0.00000000e+00,  0.00000000e+00,  0.00000000e+00],
 [  3.22387848e+01,  3.08174455e+01,  3.04186111e+01,  2.93802236e+01,
    2.89663641e+01,  2.81776128e+01,  2.76325140e+01,  2.68697563e+01,
    2.56559679e+01,  2.56432468e+01,  2.48976531e+01,  0.00000000e+00,
    0.00000000e+00,  0.00000000e+00,  0.00000000e+00,  0.00000000e+00],
 [  2.40105913e+01,  2.26346420e+01,  2.22075858e+01,  2.11818205e+01,
    2.07522223e+01,  1.99802730e+01,  1.94560860e+01,  1.86513267e+01,
    1.74837333e+01,  1.74264285e+01,  1.66487240e+01,  0.00000000e+00,
    0.00000000e+00,  0.00000000e+00,  0.00000000e+00,  0.00000000e+00],
 [  1.58463385e+01,  1.45948574e+01,  1.41181396e+01,  1.31318990e+01,
    1.26791622e+01,  1.19419821e+01,  1.14256370e+01,  1.05963252e+01,
    9.55060175e+00,  9.30574164e+00,  8.51739342e+00,  0.00000000e+00,
    0.00000000e+00,  0.00000000e+00,  0.00000000e+00,  0.00000000e+00],
 [  7.80343506e+00,  6.88448665e+00,  6.37842618e+00,  5.56834450e+00,
    5.08759634e+00,  4.39444915e+00,  3.85014760e+00,  3.09104245e+00,
    2.30258509e+00,  1.60943791e+00,  1.09861229e+00,  0.00000000e+00,
    0.00000000e+00,  0.00000000e+00,  0.00000000e+00,  0.00000000e+00],
 [  2.22044605e-16,  2.22044605e-16, -1.11022302e-16, -1.11022302e-16,
    0.00000000e+00, -3.33066907e-16, -3.33066907e-16, -2.22044605e-16,
   -1.11022302e-16, -1.11022302e-16,  0.00000000e+00,  0.00000000e+00,
    0.00000000e+00,  0.00000000e+00,  0.00000000e+00,  0.00000000e+00],
 [ -7.21887658e+00, -3.84023155e+00, -2.27271202e+00, -1.32796555e+00,
   -7.57441731e-01, -3.92098774e-01, -1.99762164e-01, -8.32680284e-02,
   -2.36150278e-02, -4.00262483e-03, -2.50049864e-03,  0.00000000e+00,
    0.00000000e+00,  0.00000000e+00,  0.00000000e+00,  0.00000000e+00],
 [ -1.32739496e+01, -5.92399039e+00, -3.48462862e+00, -2.01502994e+00,
   -1.15086067e+00, -5.96828273e-01, -3.01908556e-01, -1.25584066e-01,
   -3.54586705e-02, -6.00600685e-03, -3.75234469e-03,  0.00000000e+00,
    0.00000000e+00,  0.00000000e+00,  0.00000000e+00,  0.00000000e+00],
 [ -1.85001561e+01, -7.90691756e+00, -4.65202309e+00, -2.68746925e+00,
   -1.53525667e+00, -7.96220013e-01, -4.02596480e-01, -1.67456645e-01,
   -4.72783071e-02, -8.00801068e-03, -5.00312761e-03,  0.00000000e+00,
    0.00000000e+00,  0.00000000e+00,  0.00000000e+00,  0.00000000e+00],
 [ -2.34820370e+01, -9.88435444e+00, -5.81567939e+00, -3.35937340e+00,
   -1.91912588e+00, -9.95302799e-01, -5.03247006e-01, -2.09321017e-01,
   -5.90978840e-02, -1.00100134e-02, -6.25390951e-03,  0.00000000e+00,
    0.00000000e+00,  0.00000000e+00,  0.00000000e+00,  0.00000000e+00],
 [ -2.83956119e+01, -1.18613011e+01, -6.97889505e+00, -4.03125016e+00,
   -2.30295529e+00, -1.19436517e+00, -6.03896448e-01, -2.51185225e-01,
   -7.09174608e-02, -1.20120160e-02, -7.50469141e-03,  0.00000000e+00,
    0.00000000e+00,  0.00000000e+00,  0.00000000e+00,  0.00000000e+00],
 [ -3.32836609e+01, -1.38381936e+01, -8.14205437e+00, -4.70312531e+00,
   -2.68678151e+00, -1.39342616e+00, -7.04545857e-01, -2.93049429e-01,
   -8.27370376e-02, -1.40140187e-02, -8.75547331e-03,  0.00000000e+00,
    0.00000000e+00,  0.00000000e+00,  0.00000000e+00,  0.00000000e+00],
 [ -3.81598264e+01, -1.58150795e+01, -9.30520631e+00, -5.37500036e+00,
   -3.07060746e+00, -1.59248705e+00, -8.05195265e-01, -3.34913633e-01,
   -9.45566144e-02, -1.60160214e-02, -1.00062552e-02,  0.00000000e+00,
    0.00000000e+00,  0.00000000e+00,  0.00000000e+00,  0.00000000e+00],
 [ -4.30296774e+01, -1.77919646e+01, -1.04683573e+01, -6.04687541e+00,
   -3.45443340e+00, -1.79154793e+00, -9.05844673e-01, -3.76777837e-01,
   -1.06376191e-01, -1.80180240e-02, -1.12570371e-02,  0.00000000e+00,
    0.00000000e+00,  0.00000000e+00,  0.00000000e+00,  0.00000000e+00],
 [ -4.78958917e+01, -1.97688495e+01, -1.16315081e+01, -6.71875045e+00,
   -3.83825933e+00, -1.99060881e+00, -1.00649408e+00, -4.18642041e-01,
   -1.18195768e-01, -2.00200267e-02, -1.25078190e-02,  0.00000000e+00,
    0.00000000e+00,  0.00000000e+00,  0.00000000e+00,  0.00000000e+00]]FSBCAlgorithm
logR
[-3.09104245,-2.39789527,-1.99243016,-1.70474809,-1.48160454,-1.29928298,
 -1.1451323 ,-1.01160091,-0.89381788,-0.78845736,-0.69314718,-0.6061358 ,
 -0.5260931 ,-0.45198512,-0.38299225,-0.31845373,-0.25782911,-0.2006707 ,
 -0.14660347,-0.09531018,-0.04652002, 0.        ]
IndexZero
10
Tq
[ -4.23687505e+00, -4.23663540e+00, -4.23615801e+00, -4.23520995e+00,
  -4.23333804e+00, -4.22968122e+00, -4.22267816e+00, -4.20975779e+00,
  -4.18755044e+00, -4.14158717e+00, -2.96907393e+00, -2.31313768e-17,
   2.44150215e+00,  4.26177226e+00,  5.61924179e+00,  6.75810516e+00,
   7.80231614e+00,  8.79842362e+00,  9.76677272e+00,  1.07175952e+01,
   1.16568399e+01]
Dq
[ 0.38517046, 0.42366354, 0.47068422, 0.52940124, 0.60476258, 0.70494687,
  0.84453563, 1.05243945, 1.39585015, 2.07079358, 2.96907393, 2.82663527,
  2.44150215, 2.13088613, 1.8730806 , 1.68952629, 1.56046323, 1.46640394,
  1.39525325, 1.3396994 , 1.29520443]
lnMrq
[[  9.02929959e+01,  8.88289635e+01,  8.84639115e+01,  8.75097101e+01,
    8.71580307e+01,  8.64913069e+01,  8.61405812e+01,  8.55996972e+01,
    8.53680575e+01,  8.48240145e+01,  8.44643584e+01,  8.39493511e+01,
    8.35369453e+01,  8.27658598e+01,  8.22342059e+01,  8.16993757e+01,
    8.11488550e+01,  8.04998987e+01,  7.96944763e+01,  7.84541941e+01,
    7.67270579e+01,  7.62562837e+01],
 [  8.19994315e+01,  8.05355143e+01,  8.01702992e+01,  7.92161573e+01,
    7.88644093e+01,  7.81977836e+01,  7.78470501e+01,  7.73061439e+01,
    7.70744413e+01,  7.65302924e+01,  7.61706791e+01,  7.56557925e+01,
    7.52434694e+01,  7.44728723e+01,  7.39413678e+01,  7.34063992e+01,
    7.28559235e+01,  7.22070971e+01,  7.14018087e+01,  7.01612286e+01,
    6.84341871e+01,  6.79626417e+01],
 [  7.37063550e+01,  7.22426801e+01,  7.18771341e+01,  7.09231135e+01,
    7.05712274e+01,  6.99047962e+01,  6.95540468e+01,  6.90131011e+01,
    6.87812715e+01,  6.82369141e+01,  6.78773843e+01,  6.73627349e+01,
    6.69505742e+01,  6.61809564e+01,  6.56497455e+01,  6.51144955e+01,
    6.45641092e+01,  6.39155396e+01,  6.31105177e+01,  6.18693448e+01,
    6.01425124e+01,  5.96694243e+01],
 [  6.54142585e+01,  6.39511049e+01,  6.35848845e+01,  6.26311128e+01,
    6.22789477e+01,  6.16129005e+01,  6.12621182e+01,  6.07211079e+01,
    6.04890217e+01,  5.99442572e+01,  5.95848885e+01,  5.90706984e+01,
    5.86588541e+01,  5.78912004e+01,  5.73605611e+01,  5.68247373e+01,
    5.62745266e+01,  5.56264591e+01,  5.48219643e+01,  5.35796162e+01,
    5.18532603e+01,  5.13770914e+01],
 [  5.71241340e+01,  5.56621378e+01,  5.52945311e+01,  5.43412763e+01,
    5.39885452e+01,  5.33232516e+01,  5.29724003e+01,  5.24313051e+01,
    5.21986962e+01,  5.16531487e+01,  5.12940838e+01,  5.07807638e+01,
    5.03695249e+01,  4.96058092e+01,  4.90762679e+01,  4.85392715e+01,
    4.79893996e+01,  4.73422907e+01,  4.65388258e+01,  4.52941661e+01,
    4.35689317e+01,  4.30866362e+01],
 [  4.88379823e+01,  4.73786644e+01,  4.70081781e+01,  4.60560180e+01,
    4.57021307e+01,  4.50383050e+01,  4.46873048e+01,  4.41461739e+01,
    4.39124869e+01,  4.33654732e+01,  4.30069600e+01,  4.24952179e+01,
    4.20851025e+01,  4.13292598e+01,  4.08017889e+01,  4.02624082e+01,
    3.97131648e+01,  3.90677964e+01,  3.82662885e+01,  3.70171481e+01,
    3.52946338e+01,  3.48002784e+01],
 [  4.05598354e+01,  3.91070440e+01,  3.87305084e+01,  3.77807399e+01,
    3.74244708e+01,  3.67634854e+01,  3.64121480e+01,  3.58713429e+01,
    3.56353862e+01,  3.50857573e+01,  3.47281782e+01,  3.42190564e+01,
    3.38108991e+01,  3.30706613e+01,  3.25469998e+01,  3.20028808e+01,
    3.14546992e+01,  3.08121383e+01,  3.00141220e+01,  2.87565275e+01,
    2.70407374e+01,  2.65232142e+01],
 [  3.22977687e+01,  3.08618399e+01,  3.04725453e+01,  2.95283024e+01,
    2.91670859e+01,  2.85116439e+01,  2.81594724e+01,  2.76204071e+01,
    2.73795026e+01,  2.68256562e+01,  2.64694375e+01,  2.59638481e+01,
    2.55586414e+01,  2.48486146e+01,  2.43317698e+01,  2.37788212e+01,
    2.32320031e+01,  2.25925803e+01,  2.17998590e+01,  2.05270723e+01,
    1.88278902e+01,  1.82682925e+01],
 [  2.40676669e+01,  2.26778387e+01,  2.22625693e+01,  2.13325973e+01,
    2.09611674e+01,  2.03172857e+01,  1.99627560e+01,  1.94295563e+01,
    1.91772474e+01,  1.86182496e+01,  1.82632121e+01,  1.77598114e+01,
    1.73572600e+01,  1.67021101e+01,  1.61969978e+01,  1.56299605e+01,
    1.50830292e+01,  1.44413206e+01,  1.36528219e+01,  1.23550049e+01,
    1.06958749e+01,  1.00686677e+01],
 [  1.58995614e+01,  1.46401364e+01,  1.41827827e+01,  1.32985649e+01,
    1.29083982e+01,  1.22935887e+01,  1.19320560e+01,  1.14132098e+01,
    1.11327435e+01,  1.05751473e+01,  1.02168529e+01,  9.70731417e+00,
    9.29929952e+00,  8.72513323e+00,  8.23623021e+00,  7.65203896e+00,
    7.09487591e+00,  6.42363624e+00,  5.62370373e+00,  4.30199630e+00,
    2.78675608e+00,  2.13219234e+00],
 [  7.84663549e+00,  6.94720842e+00,  6.50283315e+00,  5.80931185e+00,
    5.42441463e+00,  4.91286442e+00,  4.55233096e+00,  4.08484963e+00,
    3.74943643e+00,  3.24835210e+00,  2.87183292e+00,  2.37511503e+00,
    1.96866709e+00,  1.51729521e+00,  1.14015402e+00,  7.57060506e-01,
    4.70316080e-01,  2.41572687e-01,  1.06497369e-01,  2.91946583e-02,
    7.47201484e-03,  3.12012734e-03],
 [  0.00000000e+00,  2.22044605e-16,  0.00000000e+00,  0.00000000e+00,
    0.00000000e+00,  0.00000000e+00, -1.11022302e-16,  0.00000000e+00,
    0.00000000e+00,  0.00000000e+00, -1.11022302e-16,  0.00000000e+00,
    0.00000000e+00,  0.00000000e+00,  0.00000000e+00,  0.00000000e+00,
    0.00000000e+00,  0.00000000e+00,  0.00000000e+00,  0.00000000e+00,
    0.00000000e+00,  0.00000000e+00],
 [ -7.43475657e+00, -5.55997427e+00, -4.32703436e+00, -3.24178186e+00,
   -2.45083520e+00, -1.80472152e+00, -1.31285072e+00, -9.31052780e-01,
   -6.42194385e-01, -4.22915022e-01, -2.65434675e-01, -1.55499265e-01,
   -8.44202040e-02, -4.18856650e-02, -1.84922308e-02, -7.26399851e-03,
   -2.68426213e-03, -9.66424791e-04, -3.07597116e-04, -7.52182663e-05,
   -1.62090689e-05, -3.93405461e-06],
 [ -1.37150627e+01, -9.64365707e+00, -7.02504548e+00, -5.12675058e+00,
   -3.77527993e+00, -2.76357256e+00, -1.98904901e+00, -1.40720271e+00,
   -9.64730781e-01, -6.35075335e-01, -3.97831509e-01, -2.33052854e-01,
   -1.26494304e-01, -6.27837918e-02, -2.77199501e-02, -1.08909795e-02,
   -4.02535504e-03, -1.44968024e-03, -4.61407555e-04, -1.12817901e-04,
   -2.43137018e-05, -5.90108772e-06],
 [ -1.81661831e+01, -1.28785536e+01, -9.16740744e+00, -6.58838560e+00,
   -4.80161962e+00, -3.50602540e+00, -2.51480823e+00, -1.77517920e+00,
   -1.21372504e+00, -7.98459895e-01, -5.00260233e-01, -2.94049256e-01,
   -1.60664689e-01, -8.03648001e-02, -3.57112195e-02, -1.40812841e-02,
   -5.22364172e-03, -1.89364259e-03, -6.08407491e-04, -1.49837467e-04,
   -3.23776336e-05, -7.86467879e-06],
 [ -2.18651533e+01, -1.55089498e+01, -1.10818808e+01, -7.87360019e+00,
   -5.69524543e+00, -4.14484808e+00, -2.96477860e+00, -2.08842518e+00,
   -1.42505929e+00, -9.36676245e-01, -5.87052511e-01, -3.46413241e-01,
   -1.90726721e-01, -9.62466279e-02, -4.30733200e-02, -1.70512213e-02,
   -6.35009058e-03, -2.31794501e-03, -7.52004056e-04, -1.86563979e-04,
   -4.04212468e-05, -9.82655075e-06],
 [ -2.53894832e+01, -1.77454708e+01, -1.28153828e+01, -9.05994971e+00,
   -6.50981707e+00, -4.71944471e+00, -3.36523194e+00, -2.36609184e+00,
   -1.61181114e+00, -1.05834835e+00, -6.63448212e-01, -3.92869330e-01,
   -2.17854993e-01, -1.10876846e-01, -4.99768754e-02, -1.98647727e-02,
   -7.42297653e-03, -2.72605491e-03, -8.92494774e-04, -2.23004956e-04,
   -4.84446878e-05, -1.17867072e-05],
 [ -2.88602833e+01, -1.98152380e+01, -1.43688306e+01, -1.01756555e+01,
   -7.27202694e+00, -5.24946156e+00, -3.72968296e+00, -2.61782476e+00,
   -1.78063141e+00, -1.16791971e+00, -7.32179399e-01, -4.34841474e-01,
   -2.42655105e-01, -1.24482132e-01, -5.65077493e-02, -2.25539729e-02,
   -8.45144821e-03, -3.11970287e-03, -1.03002797e-03, -2.59164199e-04,
   -5.64480298e-05, -1.37451499e-05],
 [ -3.23104177e+01, -2.18288214e+01, -1.57670401e+01, -1.12283019e+01,
   -7.99744403e+00, -5.74657132e+00, -4.06639139e+00, -2.84944058e+00,
   -1.93553259e+00, -1.26809579e+00, -7.94928892e-01, -4.73233103e-01,
   -2.65525436e-01, -1.37213935e-01, -6.27207225e-02, -2.51389737e-02,
   -9.44189882e-03, -3.50027048e-03, -1.16473750e-03, -2.95045401e-04,
   -6.44313451e-05, -1.57018808e-05],
 [ -3.57515515e+01, -2.38236299e+01, -1.70583206e+01, -1.22175772e+01,
   -8.69546578e+00, -6.21850928e+00, -4.38096529e+00, -3.06484740e+00,
   -2.07919544e+00, -1.36068662e+00, -8.52831929e-01, -5.08675535e-01,
   -2.86758508e-01, -1.49185971e-01, -6.86550137e-02, -2.76339929e-02,
   -1.03993448e-02, -3.86896549e-03, -1.29674999e-03, -3.30652200e-04,
   -7.23947058e-05, -1.76569015e-05],
 [ -3.91884521e+01, -2.58115317e+01, -1.82879970e+01, -1.31429809e+01,
   -9.37157759e+00, -6.67075417e+00, -4.67748868e+00, -3.26685524e+00,
   -2.21352892e+00, -1.44697852e+00, -9.06700278e-01, -5.41635448e-01,
   -3.06581332e-01, -1.60488525e-01, -7.43407192e-02, -3.00497292e-02,
   -1.13278710e-02, -4.22685914e-03, -1.42618563e-03, -3.65988184e-04,
   -8.03381838e-05, -1.96102138e-05]]

\SBAlgorithm
logR
[-2.94443898,-2.2512918 ,-1.84582669,-1.55814462,-1.33500107,-1.15267951,
 -0.99852883,-0.86499744,-0.7472144 ,-0.64185389,-0.54654371,-0.45953233,
 -0.37948962,-0.30538165,-0.23638878,-0.17185026,-0.11122564,-0.05406722,
  0.        ]
IndexZero
10
Tq
[-34.39016732,-31.29240846,-28.19022629,-25.08174459,-21.96567753,
 -18.84081839,-15.70278407,-12.54459622, -9.3575235 , -6.13835716,
  -2.95326382,  0.        ,  2.51638638,  4.52187911,  6.05864279,
   7.3720126 ,  8.59538659,  9.77345556, 10.92461684, 12.05824775,
  13.1800472 ]
Dq
[ 3.12637885, 3.12924085, 3.13224737, 3.13521807, 3.13795393, 3.1401364 ,
  3.14055681, 3.13614905, 3.1191745 , 3.06917858, 2.95326382, 2.75988521,
  2.51638638, 2.26093955, 2.0195476 , 1.84300315, 1.71907732, 1.62890926,
  1.56065955, 1.50728097, 1.46444969]
lnMrq
[[ -8.02683154,-14.02858199,-19.17017849,-23.57749158,-28.42217878,
  -33.34067856,-39.09563512,-45.90586318,-53.54089976,-57.52565883,
  -63.78668707,-71.43960508,-77.88882246,-83.58354836,-88.71608693,
  -90.99705605,-91.20612193,-91.22812985,-91.23301025],
 [ -7.33218224,-12.91644147,-17.73975669,-21.90553117,-26.38144223,
  -30.95094493,-36.18817106,-42.39168422,-49.3008633 ,-52.94228567,
  -58.63805408,-65.60306024,-71.47161538,-76.63571038,-81.13731785,
  -82.77896484,-82.91709778,-82.93487827,-82.93911796],
 [ -6.63675845,-11.79935191,-16.29724661,-20.21565549,-24.32658582,
  -28.54739922,-33.27486897,-38.86979714,-45.05157949,-48.35665069,
  -53.48833913,-59.76329637,-65.05001789,-69.67016876,-73.46264819,
  -74.53540871,-74.62719688,-74.64156652,-74.64522156],
 [ -5.94014884,-10.67534412,-14.83890359,-18.5016517 ,-22.25272404,
  -26.12378906,-30.35242801,-35.33615463,-40.78964803,-43.76704199,
  -48.33664027,-53.91866191,-58.62051553,-62.66834088,-65.64536577,
  -66.27477613,-66.33661623,-66.34820193,-66.35132125],
 [ -5.24171104, -9.54153849,-13.35946265,-16.75461011,-20.15205155,
  -23.67031246,-27.41470092,-31.78398212,-36.50990773,-39.17036437,
  -43.18105054,-48.06595284,-52.17420795,-55.59086145,-57.66523734,
  -58.00311531,-58.04550725,-58.05479088,-58.05741724],
 [ -4.54042775, -8.39360809,-11.85120902,-14.9614074 ,-18.01151085,
  -21.17109095,-24.44967611,-28.20134493,-32.20407054,-34.56082959,
  -38.01724784,-42.19763149,-45.68413826,-48.34865067,-49.54959508,
  -49.72447683,-49.75398619,-49.76133893,-49.76350971],
 [ -3.8346564 , -7.22480215,-10.30221435,-13.10209124,-15.8082631 ,
  -18.59927256,-21.43258761,-24.56593174,-27.85764442,-29.92666136,
  -32.83400985,-36.28975409,-39.0630449 ,-40.79565593,-41.34888881,
  -41.44145531,-41.46214232,-41.46785092,-41.46959885],
 [ -3.12167001, -6.02402088, -8.6927427 ,-11.14515538,-13.50075846,
  -15.90651135,-18.30957372,-20.83299879,-23.44078381,-25.23831388,
  -27.59282639,-30.24225742,-32.07434006,-32.88240161,-33.10405727,
  -33.15567172,-33.1700442 ,-33.17433106,-33.17568481],
 [ -2.396749  , -4.77165025, -6.98730932, -9.03789957,-11.01083211,
  -12.99797508,-14.96022986,-16.90194027,-18.86776498,-20.38316956,
  -22.10502931,-23.68096313,-24.46385453,-24.74525825,-24.83834071,
  -24.8681268 ,-24.87774462,-24.88078303,-24.88176777],
 [ -1.65117409, -3.4295396 , -5.11535529, -6.68102783, -8.18661682,
   -9.67566673,-11.12297373,-12.4935177 ,-13.79232688,-14.82250665,
  -15.65932359,-16.1819161 ,-16.41865532,-16.52013844,-16.56288241,
  -16.57943661,-16.58528425,-16.58721004,-16.58784785],
 [ -0.86701394, -1.91325856, -2.91824112, -3.84720438, -4.71554898,
   -5.53542573, -6.28386622, -6.92775643, -7.43614948, -7.79182748,
   -8.02213451, -8.15725992, -8.22926029, -8.26548426, -8.28269049,
   -8.28998186, -8.29269457, -8.29361488, -8.29392522],
 [  0.        ,  0.        ,  0.        ,  0.        ,  0.        ,
    0.        ,  0.        ,  0.        ,  0.        ,  0.        ,
    0.        ,  0.        ,  0.        ,  0.        ,  0.        ,
    0.        ,  0.        ,  0.        ,  0.        ],
 [  1.10039879,  2.86965718,  4.29317106,  5.35102175,  6.15327164,
    6.7642347 ,  7.2262084 ,  7.56992539,  7.82012044,  7.99735046,
    8.11832163,  8.19674085,  8.24401154,  8.27048427,  8.28416225,
    8.29035878,  8.29278045,  8.29363246,  8.29392768],
 [  3.08742811,  7.04369565,  9.82712704, 11.70286811, 13.05669651,
   14.06210118, 14.81541021, 15.37460577, 15.78313684, 16.07536256,
   16.27815347, 16.41270596, 16.49599255, 16.54392885, 16.56929685,
   16.58099768, 16.58563191, 16.58728063, 16.58785771],
 [  6.70615707, 12.0264874 , 15.91076593, 18.47478924, 20.27089934,
   21.58081197, 22.55909903, 23.284557  , 23.81511919, 24.19597441,
   24.46212614, 24.64086889, 24.75337591, 24.81946176, 24.85514068,
   24.87185283, 24.87854266, 24.88094287, 24.88178996],
 [ 11.04490823, 17.50126681, 22.23074186, 25.43964029, 27.64241123,
   29.21633666, 30.38729083, 31.25361648, 31.88723236, 32.34283626,
   32.66207685, 32.87768644, 33.01482168, 33.09661861, 33.14154129,
   33.162881  , 33.17150345, 33.17461775, 33.17572434],
 [ 15.55937356, 23.28124774, 28.70101772, 32.51089306, 35.10738098,
   36.92483485, 38.27020894, 39.26150701, 39.9860405 , 40.50763179,
   40.87344469, 41.12101941, 41.279482  , 41.37510483, 41.42840142,
   41.45405198, 41.4645069 , 41.46830399, 41.46966073],
 [ 20.13163671, 29.20973888, 35.30152231, 39.6507914 , 42.63324444,
   44.68357012, 46.19228311, 47.29749212, 48.10428015, 48.68561688,
   49.09341879, 49.36945257, 49.54676473, 49.6547115 , 49.7156535 ,
   49.74534401, 49.75754713, 49.7620005 , 49.76359905],
 [ 24.72832291, 35.20833661, 42.01484018, 46.84319158, 50.20132478,
   52.47909035, 54.14414759, 55.35503653, 56.23752564, 56.8738315 ,
   57.32014478, 57.62199411, 57.81623285, 57.93528028, 58.00324727,
   58.03674091, 58.05061937, 58.05570629, 58.05753921],
 [ 29.33688293, 41.24404918, 48.81195859, 54.08247585, 57.80021167,
   60.30270316, 62.1196053 , 63.42976926, 64.38283186, 65.07029347,
   65.55233449, 65.87791951, 66.08755198, 66.21668624, 66.29114347,
   66.32823025, 66.34371973, 66.3494205 , 66.35148112],
 [ 33.95182261, 47.30133982, 55.66310809, 61.3670891 , 65.42281862,
   68.14843949, 70.1142667 , 71.51857825, 72.5381121 , 73.27359973,
   73.78905568, 74.13668238, 74.36045935, 74.49882821, 74.57931027,
   74.61980225, 74.63684506, 74.64314238, 74.64542469]]


 SandBox Genetic
logR
[-2.63905733,-1.94591015,-1.54044504,-1.25276297,-1.02961942,-0.84729786,
 -0.69314718,-0.55961579,-0.44183275,-0.33647224,-0.24116206,-0.15415068,
 -0.07410797, 0.        ]
IndexZero
10
Tq
[-28.49930196,-26.14662999,-23.79523168,-21.44474074,-19.09293143,
 -16.73127934,-14.33654902,-11.86838612, -9.26270439, -6.39936193,
  -3.21553861,  0.        ,  2.85935663,  5.12550122,  6.81177351,
   8.23750709,  9.55751469, 10.82648646, 12.06794922, 13.29315808,
  14.5085148 ]
Dq
[ 2.59084563, 2.614663  , 2.64391463, 2.68059259, 2.72756163, 2.78854656,
  2.8673098 , 2.96709653, 3.08756813, 3.19968096, 3.21553861, 3.09269613,
  2.85935663, 2.56275061, 2.27059117, 2.05937677, 1.91150294, 1.80441441,
  1.72399275, 1.66164476, 1.6120572 ]
lnMrq
[[ -8.01992086,-14.00110452,-19.17897036,-23.145611  ,-28.0485048 ,
  -31.85208106,-38.05989999,-44.77681311,-52.64807236,-56.28487481,
  -62.33743685,-70.14712449,-76.58835517,-82.27166672],
 [ -7.32540212,-12.88978549,-17.74497717,-21.48629198,-26.0373272 ,
  -29.63199111,-35.20982673,-41.32986571,-48.46521604,-51.76949912,
  -57.27275335,-64.38553899,-70.25741136,-75.42560211],
 [ -6.63017496,-11.77378006,-16.29841466,-19.8128433 ,-24.0121118 ,
  -27.39926667,-32.35653102,-37.87711186,-44.27635775,-47.25324126,
  -52.20765893,-58.62099405,-63.92306719,-68.57461185],
 [ -5.93386149,-10.65119659,-14.83564445,-18.12023012,-21.96803703,
  -25.14635316,-29.4982107 ,-34.41552806,-40.07901108,-42.73543472,
  -47.14177556,-52.85248478,-57.58326775,-61.71118728],
 [ -5.23586914, -9.51925037,-13.35165142,-16.40102411,-19.89757   ,
  -22.86096253,-26.63123176,-30.94001202,-35.86899383,-38.21482278,
  -42.07430825,-47.07826328,-51.23375577,-54.8110318 ],
 [ -4.53525357, -8.37372617,-11.83919519,-14.6438506 ,-17.78827652,
  -20.52325938,-23.74776932,-27.44136174,-31.63880198,-33.68883451,
  -37.00345457,-41.29464551,-44.86203884,-47.79806659],
 [ -3.83047505, -7.20799614,-10.28713265,-12.83052519,-15.61840345,
  -18.10152337,-20.82966987,-23.90167773,-27.37398271,-29.15137863,
  -31.92436741,-35.49032485,-38.41755368,-40.49966576],
 [ -3.1189386 , -6.01107729, -8.67683829,-10.93056035,-13.3477952 ,
  -15.54400547,-17.83157528,-20.28310333,-23.04359766,-24.58393057,
  -26.81839337,-29.6097406 ,-31.70080897,-32.76816539],
 [ -2.39605078, -4.76341083, -6.97397939, -8.88978901,-10.89919271,
  -12.75736443,-14.63624043,-16.49542433,-18.56415694,-19.90285685,
  -21.56767868,-23.35332431,-24.33873766,-24.70872862],
 [ -1.65304279, -3.4266465 , -5.10820011, -6.60210963, -8.11965101,
   -9.54735764,-10.9607527 ,-12.27173829,-13.61659196,-14.61724396,
  -15.49082171,-16.10621488,-16.38921508,-16.50885387],
 [ -0.87102165, -1.91520451, -2.91849076, -3.82512139, -4.69150314,
   -5.49749103, -6.24139342, -6.8771012 , -7.39564651, -7.76042401,
   -8.00047517, -8.14516538, -8.22295015, -8.2623328 ],
 [  0.        ,  0.        ,  0.        ,  0.        ,  0.        ,
    0.        ,  0.        ,  0.        ,  0.        ,  0.        ,
    0.        ,  0.        ,  0.        ,  0.        ],
 [  1.14805283,  2.91097006,  4.32474831,  5.37252827,  6.16430895,
    6.76735986,  7.22394835,  7.56484132,  7.81407456,  7.99160018,
    8.11342492,  8.19296209,  8.24140961,  8.26887037],
 [  3.37454899,  7.18790864,  9.90527553, 11.75451522, 13.08894803,
   14.07858348, 14.82013862, 15.37214423, 15.77713877, 16.06849369,
   16.27162692, 16.40717996, 16.49191631, 16.54127599],
 [  7.31818293, 12.31909693, 16.03503405, 18.55102835, 20.32119958,
   21.61085437, 22.57277482, 23.28683127, 23.8108259 , 24.18930382,
   24.4550396 , 24.63440489, 24.74834244, 24.8160527 ],
 [ 11.936683  , 18.00363422, 22.41227142, 25.53950645, 27.70756627,
   29.25805189, 30.40981662, 31.26126383, 31.88532694, 32.33691348,
   32.65487945, 32.87067879, 33.00913024, 33.09262903],
 [ 16.71998114, 24.04655665, 28.9630102 , 32.63721472, 35.18614245,
   36.97646354, 38.30085819, 39.2745679 , 39.98683495, 40.50275991,
   40.86637161, 41.1136789 , 41.27332078, 41.37065912],
 [ 21.55684864, 30.25658607, 35.67591712, 39.80897905, 42.72575481,
   44.74399992, 46.23022708, 47.31574273, 48.10789385, 48.68198552,
   49.08661945, 49.36190244, 49.54025572, 49.64990272],
 [ 26.41485808, 36.53073966, 42.53566537, 47.04104607, 50.308517  ,
   52.54782644, 54.18864952, 55.37814293, 56.24396629, 56.87156186,
   57.31372648, 57.61431404, 57.80945676, 57.93017951],
 [ 31.28203245, 42.82913625, 49.50728174, 54.33002629, 57.92352726,
   60.37971259, 62.17007991, 63.45736534, 64.39204094, 65.06945954,
   65.54637913, 65.87016624, 66.08056342, 66.21134817],
 [ 36.15339038, 49.13738289, 56.55073562, 61.67605314, 65.56412488,
   68.23400505, 70.17028569, 71.55030636, 72.54999264, 73.2742412 ,
   73.78362732, 74.1288995 , 74.35329639, 74.49329502]]
fitNessAverage
[ 0.85282461, 0.85704552, 0.85867294, 0.86112497, 0.86187318, 0.86359022,
  0.86468858, 0.86575302, 0.86730575, 0.86813196, 0.8678516 , 0.86892886,
  0.87037246, 0.86937321, 0.86985282, 0.86975153, 0.87057022, 0.87019985,
  0.87103078, 0.87102728, 0.87099807, 0.87090705, 0.87107354, 0.86908248,
  0.86811123, 0.86532659, 0.86335537, 0.86217898, 0.8617891 , 0.86144623,
  0.86040264, 0.86028482, 0.86046147, 0.85956141, 0.86001387, 0.86033887,
  0.86087989, 0.86233698, 0.86289517, 0.8633627 , 0.86382246, 0.86635091,
  0.86527621, 0.86499569]
fitNessMax
[ 0.8711416 , 0.8837234 , 0.89029391, 0.88754699, 0.89243975, 0.89438901,
  0.89438901, 0.89378018, 0.90231789, 0.90231789, 0.90255342, 0.90249323,
  0.90249323, 0.90249323, 0.899881  , 0.899881  , 0.9013099 , 0.90783687,
  0.9013099 , 0.9013099 , 0.9013099 , 0.89638318, 0.90797621, 0.90275273,
  0.90275273, 0.89579386, 0.89579386, 0.89579386, 0.89579386, 0.89579386,
  0.89579386, 0.88654911, 0.88654911, 0.8890209 , 0.89871706, 0.89871706,
  0.89424089, 0.89353525, 0.89353525, 0.89824782, 0.89824782, 0.89824782,
  0.89824782, 0.89824782]
fitNessMin
[ 0.83087002, 0.83087002, 0.81945276, 0.81945276, 0.82168291, 0.81365668,
  0.81365668, 0.81365668, 0.8022482 , 0.81365668, 0.81053339, 0.81053339,
  0.82211965, 0.82014041, 0.82014041, 0.82014041, 0.81873613, 0.81873613,
  0.82784771, 0.82784771, 0.82784771, 0.8288687 , 0.8288687 , 0.82753885,
  0.8288687 , 0.81869166, 0.81869166, 0.82081733, 0.8103409 , 0.81221774,
  0.80774988, 0.80774988, 0.80774988, 0.80306726, 0.80306726, 0.80774988,
  0.81036178, 0.81036178, 0.8152699 , 0.8154861 , 0.8154861 , 0.81916834,
  0.81245378, 0.81916834]


 SandBox Simulated Annealing
logR
[-2.7080502 ,-2.01490302,-1.60943791,-1.32175584,-1.09861229,-0.91629073,
 -0.76214005,-0.62860866,-0.51082562,-0.40546511,-0.31015493,-0.22314355,
 -0.14310084,-0.06899287, 0.        ]
IndexZero
10
Tq
[-30.64503511,-28.11290014,-25.56995285,-23.00936689,-20.42587707,
 -17.81101576,-15.14409911,-12.39333028, -9.50802044, -6.4243061 ,
  -3.1705019 ,  0.        ,  2.77229971,  4.97594116,  6.63279667,
   8.02690846,  9.31250085, 10.54539964, 11.74925906, 12.93535052,
  14.11024844]
Dq
[ 2.78591228, 2.81129001, 2.84110587, 2.87617086, 2.91798244, 2.96850263,
  3.02881982, 3.09833257, 3.16934015, 3.21215305, 3.1705019 , 3.01496399,
  2.77229971, 2.48797058, 2.21093222, 2.00672711, 1.86250017, 1.75756661,
  1.67846558, 1.61691882, 1.56780538]
lnMrq
[[ -8.06917233,-14.08450487,-19.21055198,-24.32424507,-29.25924261,
  -34.65763638,-38.93782909,-45.52349093,-53.42829558,-57.39493003,
  -63.53983812,-70.98793703,-77.34425528,-83.02135777,-88.5600673 ],
 [ -7.37448062,-12.97183763,-17.78249328,-22.60147615,-27.12937841,
  -32.11131864,-36.09682618,-42.07453863,-49.23070504,-52.87822757,
  -58.46957868,-65.23891872,-71.01512767,-76.17426646,-81.07918895],
 [ -6.67899008,-11.85408843,-16.34272521,-20.85105939,-24.9865205 ,
  -29.54939458,-33.2498252 ,-38.61814719,-45.01862729,-48.35712267,
  -53.39791419,-59.48759153,-64.68256137,-69.31948315,-73.47249084],
 [ -5.98227376,-10.72926953,-14.88747377,-19.06661579,-22.82543632,
  -26.9656482 ,-30.39189512,-35.14987887,-40.78677627,-43.82831469,
  -48.32334523,-53.73194306,-58.3436159 ,-62.4428859 ,-65.68172522],
 [ -5.28366181, -9.59448971,-13.41136497,-17.24015392,-20.63796857,
  -24.35094346,-27.51377175,-31.66194627,-36.52797459,-39.28604493,
  -43.24268722,-47.96791409,-51.99113112,-55.49873771,-57.69766048],
 [ -4.58208645, -8.44542309,-11.90643636,-15.36102642,-18.41089563,
  -21.69156972,-24.59780306,-28.14013833,-32.23230756,-34.72019884,
  -38.14893358,-42.18627445,-45.60157723,-48.36092519,-49.56977681],
 [ -3.87580721, -7.27533324,-10.36029248,-13.41369421,-16.12186423,
  -18.96579534,-21.60994505,-24.55776325,-27.88518161,-30.11235243,
  -33.02528177,-36.35958726,-39.08076755,-40.83682509,-41.35995096],
 [ -3.16189381, -6.07311606, -8.7524408 ,-11.37295263,-13.73136853,
  -16.13512608,-18.4844072 ,-20.86374357,-23.46042383,-25.42378059,
  -27.82068027,-30.37087639,-32.13479838,-32.90642936,-33.1100642 ],
 [ -2.43516638, -4.8189503 , -7.04637855, -9.192987  ,-11.16606692,
  -13.12039129,-15.09670717,-16.95397443,-18.88413959,-20.53136636,
  -22.3044738 ,-23.77819235,-24.49448632,-24.75554822,-24.84168902],
 [ -1.68574671, -3.47345833, -5.17014316, -6.77811792, -8.28101776,
   -9.74007869,-11.21028696,-12.55529098,-13.82679621,-14.89399898,
  -15.72664345,-16.20867636,-16.42897402,-16.52469542,-16.56471023],
 [ -0.89239845, -1.94694341, -2.95985326, -3.89618426, -4.76251768,
   -5.57494799, -6.33088848, -6.96979445, -7.46567167, -7.8127458 ,
   -8.0353386 , -8.1642656 , -8.23287058, -8.26732721, -8.28349722],
 [  0.        ,  0.        ,  0.        ,  0.        ,  0.        ,
    0.        ,  0.        ,  0.        ,  0.        ,  0.        ,
    0.        ,  0.        ,  0.        ,  0.        ,  0.        ],
 [  1.18262148,  2.9448994 ,  4.35831544,  5.40228504,  6.1921503 ,
    6.79472468,  7.25120372,  7.59055894,  7.83632251,  8.00935712,
    8.12651337,  8.20186068,  8.24694111,  8.27205866,  8.28487455],
 [  3.39289916,  7.20703577,  9.93787906, 11.79162432, 13.12519668,
   14.11248288, 14.85333565, 15.40483924, 15.80725211, 16.0942749 ,
   16.29199546, 16.42190196, 16.50148507, 16.5469498 , 16.57067518],
 [  7.27760731, 12.30289178, 16.05714198, 18.58727452, 20.3610471 ,
   21.64797277, 22.60750596, 23.32137449, 23.84404919, 24.21922843,
   24.47992939, 24.65327087, 24.76109676, 24.82382681, 24.85715676],
 [ 11.88229881, 17.959922  , 22.41704965, 25.56901709, 27.74758612,
   29.29767083, 30.44561653, 31.29623299, 31.91981986, 32.36918033,
   32.68278501, 32.89261805, 33.02446293, 33.1022278 , 33.14417267],
 [ 16.66391727, 23.99202822, 28.94574144, 32.65487886, 35.22297573,
   37.01767873, 38.33791478, 39.30970644, 40.02181666, 40.53642062,
   40.89639695, 41.13797588, 41.29077414, 41.38185975, 41.4316269 ],
 [ 21.50067192, 30.19990464, 35.63770485, 39.81072645, 42.7562433 ,
   44.78554945, 46.26858971, 47.35116199, 48.14304488, 48.71648978,
   49.11818979, 49.38806012, 49.55947885, 49.66251774, 49.71945165],
 [ 26.35870515, 36.47407146, 42.48309223, 47.02413312, 50.32982255,
   52.58826231, 54.228107  , 55.41402557, 56.2791949 , 56.9065699 ,
   57.34645013, 57.64197426, 57.8301771 , 57.94404947, 58.00759622],
 [ 31.22589486, 42.77271482, 49.44786996, 54.29349204, 57.93314451,
   60.41753949, 62.21020912, 63.49385368, 64.42737202, 65.10475563,
   65.5799762 , 65.89906241, 66.10256623, 66.22633705, 66.2960211 ],
 [ 36.09725841, 49.08111939, 56.48947194, 61.62116077, 65.55985272,
   68.26775744, 70.21052315, 71.58746808, 72.58550735, 73.30968896,
   73.81789027, 74.15882772, 74.37640989, 74.50928657, 74.58469454]]


 BoxCounting Genetic
logR
[-2.99573227,-2.30258509,-1.89711998,-1.60943791,-1.38629436,-1.2039728 ,
 -1.04982212,-0.91629073,-0.7985077 ,-0.69314718,-0.597837  ,-0.51082562,
 -0.43078292,-0.35667494,-0.28768207,-0.22314355,-0.16251893,-0.10536052,
 -0.05129329, 0.        ]
IndexZero
10
Tq
[ -4.17815009e+00, -4.12937632e+00, -4.08037980e+00, -4.03094694e+00,
  -3.98067174e+00, -3.92881245e+00, -3.87411239e+00, -3.81475303e+00,
  -3.74900829e+00, -3.67512176e+00, -2.91552126e+00, -2.45317772e-18,
   2.54071316e+00,  4.26733326e+00,  5.46419581e+00,  6.53675715e+00,
   7.57374350e+00,  8.59571746e+00,  9.61046758e+00,  1.06214672e+01,
   1.16303619e+01]
Dq
[ 0.37983183, 0.41293763, 0.45337553, 0.50386837, 0.56866739, 0.65480208,
  0.77482248, 0.95368826, 1.24966943, 1.83756088, 2.91552126, 2.93494453,
  2.54071316, 2.13366663, 1.8213986 , 1.63418929, 1.5147487 , 1.43261958,
  1.37292394, 1.3276834 , 1.29226243]
lnMrq
[[  9.02700646e+01,  8.88067597e+01,  8.84649374e+01,  8.75062646e+01,
    8.71487329e+01,  8.64608804e+01,  8.61550543e+01,  8.55871809e+01,
    8.54258304e+01,  8.48308794e+01,  8.44926508e+01,  8.40193822e+01,
    8.34892806e+01,  8.29995639e+01,  8.20978009e+01,  8.17038340e+01,
    8.11091352e+01,  8.04158658e+01,  7.90304247e+01,  7.20970016e+01],
 [  8.19764844e+01,  8.05133060e+01,  8.01713162e+01,  7.92127041e+01,
    7.88551033e+01,  7.81673507e+01,  7.78615030e+01,  7.72936479e+01,
    7.71322147e+01,  7.65371250e+01,  7.61989533e+01,  7.57258133e+01,
    7.51958960e+01,  7.47063188e+01,  7.38050283e+01,  7.34109957e+01,
    7.28163049e+01,  7.21229132e+01,  7.07383229e+01,  6.44960991e+01],
 [  7.36833769e+01,  7.22204625e+01,  7.18781338e+01,  7.09196452e+01,
    7.05619054e+01,  6.98743512e+01,  6.95684598e+01,  6.90006457e+01,
    6.88390467e+01,  6.82436812e+01,  6.79056215e+01,  6.74327340e+01,
    6.69031805e+01,  6.64138897e+01,  6.55135372e+01,  6.51193670e+01,
    6.45246915e+01,  6.38310547e+01,  6.24481588e+01,  5.68951967e+01],
 [  6.53912201e+01,  6.39288692e+01,  6.35858506e+01,  6.26276157e+01,
    6.22695949e+01,  6.15824330e+01,  6.12764527e+01,  6.07087349e+01,
    6.05468017e+01,  5.99508911e+01,  5.96130493e+01,  5.91406518e+01,
    5.86118111e+01,  5.81231140e+01,  5.72246169e+01,  5.68301532e+01,
    5.62355050e+01,  5.55413759e+01,  5.41618413e+01,  4.92942942e+01],
 [  5.71009806e+01,  5.56398671e+01,  5.52954336e+01,  5.43377252e+01,
    5.39791347e+01,  5.32927455e+01,  5.29865823e+01,  5.24190987e+01,
    5.22564899e+01,  5.16595098e+01,  5.13220865e+01,  5.08506181e+01,
    5.03231563e+01,  4.98357053e+01,  4.89408587e+01,  4.85457533e+01,
    4.79511474e+01,  4.72560262e+01,  4.58831086e+01,  4.16933918e+01],
 [  4.88146165e+01,  4.73563306e+01,  4.70089634e+01,  4.60523681e+01,
    4.56926166e+01,  4.50077422e+01,  4.47011948e+01,  4.41343058e+01,
    4.39703193e+01,  4.33712715e+01,  4.30346343e+01,  4.25648496e+01,
    4.20399989e+01,  4.15551957e+01,  4.06674836e+01,  4.02709319e+01,
    3.96763613e+01,  3.89792280e+01,  3.76191509e+01,  3.40924893e+01],
 [  4.05361013e+01,  3.90846172e+01,  3.87310894e+01,  3.77769140e+01,
    3.74147873e+01,  3.67328865e+01,  3.64254933e+01,  3.58601643e+01,
    3.56933238e+01,  3.50903928e+01,  3.47551770e+01,  3.42881580e+01,
    3.37680698e+01,  3.32889326e+01,  3.24150578e+01,  3.20151381e+01,
    3.14204473e+01,  3.07191837e+01,  2.93833798e+01,  2.64915868e+01],
 [  3.22734806e+01,  3.08393769e+01,  3.04728050e+01,  2.95241700e+01,
    2.91571830e+01,  2.84812731e+01,  2.81718393e+01,  2.76106519e+01,
    2.74377084e+01,  2.68279427e+01,  2.64951157e+01,  2.60315674e+01,
    2.55195935e+01,  2.50524255e+01,  2.42052201e+01,  2.37972257e+01,
    2.32015778e+01,  2.24916614e+01,  2.11996491e+01,  1.88906844e+01],
 [  2.40428470e+01,  2.26559128e+01,  2.22624236e+01,  2.13279432e+01,
    2.09512137e+01,  2.02885672e+01,  1.99734522e+01,  1.94228947e+01,
    1.92359847e+01,  1.86163143e+01,  1.82867578e+01,  1.78233866e+01,
    1.73236211e+01,  1.68798966e+01,  1.60836713e+01,  1.56560049e+01,
    1.50558614e+01,  1.43272831e+01,  1.31078607e+01,  1.12897944e+01],
 [  1.58753843e+01,  1.46211678e+01,  1.41823513e+01,  1.32932749e+01,
    1.28997270e+01,  1.22724102e+01,  1.19400805e+01,  1.14143706e+01,
    1.11912577e+01,  1.05693458e+01,  1.02391778e+01,  9.75641017e+00,
    9.27233955e+00,  8.85999859e+00,  8.15498655e+00,  7.67921401e+00,
    7.06093013e+00,  6.29207438e+00,  5.17615002e+00,  3.71357231e+00],
 [  7.82802210e+00,  6.93629414e+00,  6.50217516e+00,  5.80585760e+00,
    5.42318635e+00,  4.91441804e+00,  4.55954501e+00,  4.10693168e+00,
    3.79233816e+00,  3.25037449e+00,  2.89259151e+00,  2.37769257e+00,
    1.95727391e+00,  1.56444055e+00,  1.11514159e+00,  7.51416089e-01,
    4.38254931e-01,  2.07014169e-01,  7.69610411e-02,  1.98026273e-02],
 [  0.00000000e+00,  0.00000000e+00,  0.00000000e+00,  0.00000000e+00,
    0.00000000e+00,  0.00000000e+00, -1.11022302e-16,  0.00000000e+00,
    0.00000000e+00,  0.00000000e+00,  0.00000000e+00,  0.00000000e+00,
   -1.11022302e-16,  0.00000000e+00,  0.00000000e+00,  0.00000000e+00,
    0.00000000e+00,  0.00000000e+00,  0.00000000e+00,  0.00000000e+00],
 [ -7.34742759e+00, -5.45489545e+00, -4.28590115e+00, -3.22647566e+00,
   -2.50133983e+00, -1.92012399e+00, -1.38321591e+00, -9.79066165e-01,
   -6.47814862e-01, -4.18755298e-01, -2.61163332e-01, -1.46069219e-01,
   -7.48083545e-02, -3.40739389e-02, -1.35089641e-02, -4.45568936e-03,
   -1.22926023e-03, -3.39542638e-04, -9.99199918e-05, -1.99901998e-05],
 [ -1.29115376e+01, -8.93531561e+00, -6.80634023e+00, -5.07292530e+00,
   -3.86393201e+00, -2.98108114e+00, -2.13302213e+00, -1.50658645e+00,
   -9.90275455e-01, -6.35635061e-01, -3.92642789e-01, -2.20037536e-01,
   -1.11861822e-01, -5.10324239e-02, -2.02287537e-02, -6.67660564e-03,
   -1.84319920e-03, -5.09308555e-04, -1.49883732e-04, -2.99854496e-05],
 [ -1.66636064e+01, -1.13122900e+01, -8.63003283e+00, -6.51956900e+00,
   -4.91193312e+00, -3.79334163e+00, -2.72691922e+00, -1.92847593e+00,
   -1.26570609e+00, -8.09043834e-01, -4.96406044e-01, -2.79068690e-01,
   -1.42804168e-01, -6.59985003e-02, -2.64844588e-02, -8.82746296e-03,
   -2.45112645e-03, -6.78590231e-04, -1.99765129e-04, -3.99708088e-05],
 [ -2.01351410e+01, -1.33819594e+01, -1.01419798e+01, -7.82675076e+00,
   -5.82274782e+00, -4.48361557e+00, -3.23972634e+00, -2.29610490e+00,
   -1.50709182e+00, -9.60447326e-01, -5.85912540e-01, -3.30360763e-01,
   -1.70576900e-01, -7.99355536e-02, -3.24980860e-02, -1.09411738e-02,
   -3.05582307e-03, -8.47627986e-04, -2.49606593e-04, -4.99512725e-05],
 [ -2.35745385e+01, -1.53829191e+01, -1.14825477e+01, -9.07404125e+00,
   -6.65658361e+00, -5.10137737e+00, -3.69898917e+00, -2.62783298e+00,
   -1.72601986e+00, -1.09723732e+00, -6.66066710e-01, -3.76403255e-01,
   -1.95964333e-01, -9.30230445e-02, -3.82953978e-02, -1.30197482e-02,
   -3.65734246e-03, -1.01642283e-03, -2.99408205e-04, -5.99268456e-05],
 [ -2.70070491e+01, -1.73683361e+01, -1.27328035e+01, -1.02930757e+01,
   -7.44319178e+00, -5.67103455e+00, -4.11907953e+00, -2.93287778e+00,
   -1.92812636e+00, -1.22310965e+00, -7.39403805e-01, -4.18481365e-01,
   -2.19372138e-01, -1.05352117e-01, -4.38897350e-02, -1.50642460e-02,
   -4.25571297e-03, -1.18497525e-03, -3.49170004e-04, -6.98975302e-05],
 [ -3.04374266e+01, -1.93500618e+01, -1.39393329e+01, -1.14978539e+01,
   -8.19966809e+00, -6.20607128e+00, -4.50859012e+00, -3.21679740e+00,
   -2.11673938e+00, -1.34029292e+00, -8.07447913e-01, -4.57400154e-01,
   -2.41091500e-01, -1.16995913e-01, -4.92928606e-02, -1.70756621e-02,
   -4.85096243e-03, -1.35328577e-03, -3.98892028e-04, -7.98633289e-05],
 [ -3.38669578e+01, -2.13308701e+01, -1.51258009e+01, -1.26949465e+01,
   -8.93648360e+00, -6.71477294e+00, -4.87317175e+00, -3.48334840e+00,
   -2.29410671e+00, -1.45028186e+00, -8.71197026e-01, -4.93718157e-01,
   -2.61354645e-01, -1.28018693e-01, -5.45157333e-02, -1.90549575e-02,
   -5.44311839e-03, -1.52135488e-03, -4.48574315e-04, -8.98242439e-05],
 [ -3.72960496e+01, -2.33114401e+01, -1.63032963e+01, -1.38875956e+01,
   -9.66025489e+00, -7.20273430e+00, -5.21685300e+00, -3.73525010e+00,
   -2.46188339e+00, -1.55414945e+00, -9.31345091e-01, -5.27846604e-01,
   -2.80352671e-01, -1.38477699e-01, -5.95686056e-02, -2.10030621e-02,
   -6.03220814e-03, -1.68918307e-03, -4.98216904e-04, -9.97802776e-05]]
fitNessAverage
[ 0.88969209, 0.88432213, 0.87901959, 0.87787451, 0.87689062, 0.87584202,
  0.87636821, 0.8758416 , 0.87668343, 0.87614077, 0.87636885, 0.8771688 ,
  0.8775926 , 0.8775113 , 0.87547276, 0.87346633, 0.87219175, 0.87239198,
  0.87223481, 0.87148658, 0.87175383, 0.87376727]
fitNessMax
[ 0.92865128, 0.92615105, 0.92597501, 0.92597501, 0.92597501, 0.92597501,
  0.92597501, 0.92414771, 0.92414771, 0.9123176 , 0.9123176 , 0.9123176 ,
  0.9123176 , 0.9123176 , 0.9123176 , 0.9123176 , 0.9123176 , 0.9123176 ,
  0.89845334, 0.89395962, 0.89338446, 0.89788459]
fitNessMin
[ 0.86985614, 0.85118117, 0.8412693 , 0.8412693 , 0.8412693 , 0.8412693 ,
  0.8412693 , 0.8412693 , 0.8412693 , 0.8412693 , 0.8412693 , 0.8412693 ,
  0.8412693 , 0.84415843, 0.84610923, 0.84610923, 0.83512529, 0.83512529,
  0.83995346, 0.83995346, 0.83527712, 0.84704147]


 BoxCounting Simulated Annealing
logR
[-2.99573227,-2.30258509,-1.89711998,-1.60943791,-1.38629436,-1.2039728 ,
 -1.04982212,-0.91629073,-0.7985077 ,-0.69314718,-0.597837  ,-0.51082562,
 -0.43078292,-0.35667494,-0.28768207,-0.22314355,-0.16251893,-0.10536052,
 -0.05129329, 0.        ]
IndexZero
10
Tq
[ -4.17815009e+00, -4.12937632e+00, -4.08037980e+00, -4.03094694e+00,
  -3.98067174e+00, -3.92881245e+00, -3.87411239e+00, -3.81475303e+00,
  -3.74900829e+00, -3.67512176e+00, -2.91552126e+00, -2.45317772e-18,
   2.54071316e+00,  4.26733326e+00,  5.46419581e+00,  6.53675715e+00,
   7.57374350e+00,  8.59571746e+00,  9.61046758e+00,  1.06214672e+01,
   1.16303619e+01]
Dq
[ 0.37983183, 0.41293763, 0.45337553, 0.50386837, 0.56866739, 0.65480208,
  0.77482248, 0.95368826, 1.24966943, 1.83756088, 2.91552126, 2.93494453,
  2.54071316, 2.13366663, 1.8213986 , 1.63418929, 1.5147487 , 1.43261958,
  1.37292394, 1.3276834 , 1.29226243]
lnMrq
[[  9.02700646e+01,  8.88067597e+01,  8.84649374e+01,  8.75062646e+01,
    8.71487329e+01,  8.64608804e+01,  8.61550543e+01,  8.55871809e+01,
    8.54258304e+01,  8.48308794e+01,  8.44926508e+01,  8.40193822e+01,
    8.34892806e+01,  8.29995639e+01,  8.20978009e+01,  8.17038340e+01,
    8.11091352e+01,  8.04158658e+01,  7.90304247e+01,  7.20970016e+01],
 [  8.19764844e+01,  8.05133060e+01,  8.01713162e+01,  7.92127041e+01,
    7.88551033e+01,  7.81673507e+01,  7.78615030e+01,  7.72936479e+01,
    7.71322147e+01,  7.65371250e+01,  7.61989533e+01,  7.57258133e+01,
    7.51958960e+01,  7.47063188e+01,  7.38050283e+01,  7.34109957e+01,
    7.28163049e+01,  7.21229132e+01,  7.07383229e+01,  6.44960991e+01],
 [  7.36833769e+01,  7.22204625e+01,  7.18781338e+01,  7.09196452e+01,
    7.05619054e+01,  6.98743512e+01,  6.95684598e+01,  6.90006457e+01,
    6.88390467e+01,  6.82436812e+01,  6.79056215e+01,  6.74327340e+01,
    6.69031805e+01,  6.64138897e+01,  6.55135372e+01,  6.51193670e+01,
    6.45246915e+01,  6.38310547e+01,  6.24481588e+01,  5.68951967e+01],
 [  6.53912201e+01,  6.39288692e+01,  6.35858506e+01,  6.26276157e+01,
    6.22695949e+01,  6.15824330e+01,  6.12764527e+01,  6.07087349e+01,
    6.05468017e+01,  5.99508911e+01,  5.96130493e+01,  5.91406518e+01,
    5.86118111e+01,  5.81231140e+01,  5.72246169e+01,  5.68301532e+01,
    5.62355050e+01,  5.55413759e+01,  5.41618413e+01,  4.92942942e+01],
 [  5.71009806e+01,  5.56398671e+01,  5.52954336e+01,  5.43377252e+01,
    5.39791347e+01,  5.32927455e+01,  5.29865823e+01,  5.24190987e+01,
    5.22564899e+01,  5.16595098e+01,  5.13220865e+01,  5.08506181e+01,
    5.03231563e+01,  4.98357053e+01,  4.89408587e+01,  4.85457533e+01,
    4.79511474e+01,  4.72560262e+01,  4.58831086e+01,  4.16933918e+01],
 [  4.88146165e+01,  4.73563306e+01,  4.70089634e+01,  4.60523681e+01,
    4.56926166e+01,  4.50077422e+01,  4.47011948e+01,  4.41343058e+01,
    4.39703193e+01,  4.33712715e+01,  4.30346343e+01,  4.25648496e+01,
    4.20399989e+01,  4.15551957e+01,  4.06674836e+01,  4.02709319e+01,
    3.96763613e+01,  3.89792280e+01,  3.76191509e+01,  3.40924893e+01],
 [  4.05361013e+01,  3.90846172e+01,  3.87310894e+01,  3.77769140e+01,
    3.74147873e+01,  3.67328865e+01,  3.64254933e+01,  3.58601643e+01,
    3.56933238e+01,  3.50903928e+01,  3.47551770e+01,  3.42881580e+01,
    3.37680698e+01,  3.32889326e+01,  3.24150578e+01,  3.20151381e+01,
    3.14204473e+01,  3.07191837e+01,  2.93833798e+01,  2.64915868e+01],
 [  3.22734806e+01,  3.08393769e+01,  3.04728050e+01,  2.95241700e+01,
    2.91571830e+01,  2.84812731e+01,  2.81718393e+01,  2.76106519e+01,
    2.74377084e+01,  2.68279427e+01,  2.64951157e+01,  2.60315674e+01,
    2.55195935e+01,  2.50524255e+01,  2.42052201e+01,  2.37972257e+01,
    2.32015778e+01,  2.24916614e+01,  2.11996491e+01,  1.88906844e+01],
 [  2.40428470e+01,  2.26559128e+01,  2.22624236e+01,  2.13279432e+01,
    2.09512137e+01,  2.02885672e+01,  1.99734522e+01,  1.94228947e+01,
    1.92359847e+01,  1.86163143e+01,  1.82867578e+01,  1.78233866e+01,
    1.73236211e+01,  1.68798966e+01,  1.60836713e+01,  1.56560049e+01,
    1.50558614e+01,  1.43272831e+01,  1.31078607e+01,  1.12897944e+01],
 [  1.58753843e+01,  1.46211678e+01,  1.41823513e+01,  1.32932749e+01,
    1.28997270e+01,  1.22724102e+01,  1.19400805e+01,  1.14143706e+01,
    1.11912577e+01,  1.05693458e+01,  1.02391778e+01,  9.75641017e+00,
    9.27233955e+00,  8.85999859e+00,  8.15498655e+00,  7.67921401e+00,
    7.06093013e+00,  6.29207438e+00,  5.17615002e+00,  3.71357231e+00],
 [  7.82802210e+00,  6.93629414e+00,  6.50217516e+00,  5.80585760e+00,
    5.42318635e+00,  4.91441804e+00,  4.55954501e+00,  4.10693168e+00,
    3.79233816e+00,  3.25037449e+00,  2.89259151e+00,  2.37769257e+00,
    1.95727391e+00,  1.56444055e+00,  1.11514159e+00,  7.51416089e-01,
    4.38254931e-01,  2.07014169e-01,  7.69610411e-02,  1.98026273e-02],
 [  0.00000000e+00,  0.00000000e+00,  0.00000000e+00,  0.00000000e+00,
    0.00000000e+00,  0.00000000e+00, -1.11022302e-16,  0.00000000e+00,
    0.00000000e+00,  0.00000000e+00,  0.00000000e+00,  0.00000000e+00,
   -1.11022302e-16,  0.00000000e+00,  0.00000000e+00,  0.00000000e+00,
    0.00000000e+00,  0.00000000e+00,  0.00000000e+00,  0.00000000e+00],
 [ -7.34742759e+00, -5.45489545e+00, -4.28590115e+00, -3.22647566e+00,
   -2.50133983e+00, -1.92012399e+00, -1.38321591e+00, -9.79066165e-01,
   -6.47814862e-01, -4.18755298e-01, -2.61163332e-01, -1.46069219e-01,
   -7.48083545e-02, -3.40739389e-02, -1.35089641e-02, -4.45568936e-03,
   -1.22926023e-03, -3.39542638e-04, -9.99199918e-05, -1.99901998e-05],
 [ -1.29115376e+01, -8.93531561e+00, -6.80634023e+00, -5.07292530e+00,
   -3.86393201e+00, -2.98108114e+00, -2.13302213e+00, -1.50658645e+00,
   -9.90275455e-01, -6.35635061e-01, -3.92642789e-01, -2.20037536e-01,
   -1.11861822e-01, -5.10324239e-02, -2.02287537e-02, -6.67660564e-03,
   -1.84319920e-03, -5.09308555e-04, -1.49883732e-04, -2.99854496e-05],
 [ -1.66636064e+01, -1.13122900e+01, -8.63003283e+00, -6.51956900e+00,
   -4.91193312e+00, -3.79334163e+00, -2.72691922e+00, -1.92847593e+00,
   -1.26570609e+00, -8.09043834e-01, -4.96406044e-01, -2.79068690e-01,
   -1.42804168e-01, -6.59985003e-02, -2.64844588e-02, -8.82746296e-03,
   -2.45112645e-03, -6.78590231e-04, -1.99765129e-04, -3.99708088e-05],
 [ -2.01351410e+01, -1.33819594e+01, -1.01419798e+01, -7.82675076e+00,
   -5.82274782e+00, -4.48361557e+00, -3.23972634e+00, -2.29610490e+00,
   -1.50709182e+00, -9.60447326e-01, -5.85912540e-01, -3.30360763e-01,
   -1.70576900e-01, -7.99355536e-02, -3.24980860e-02, -1.09411738e-02,
   -3.05582307e-03, -8.47627986e-04, -2.49606593e-04, -4.99512725e-05],
 [ -2.35745385e+01, -1.53829191e+01, -1.14825477e+01, -9.07404125e+00,
   -6.65658361e+00, -5.10137737e+00, -3.69898917e+00, -2.62783298e+00,
   -1.72601986e+00, -1.09723732e+00, -6.66066710e-01, -3.76403255e-01,
   -1.95964333e-01, -9.30230445e-02, -3.82953978e-02, -1.30197482e-02,
   -3.65734246e-03, -1.01642283e-03, -2.99408205e-04, -5.99268456e-05],
 [ -2.70070491e+01, -1.73683361e+01, -1.27328035e+01, -1.02930757e+01,
   -7.44319178e+00, -5.67103455e+00, -4.11907953e+00, -2.93287778e+00,
   -1.92812636e+00, -1.22310965e+00, -7.39403805e-01, -4.18481365e-01,
   -2.19372138e-01, -1.05352117e-01, -4.38897350e-02, -1.50642460e-02,
   -4.25571297e-03, -1.18497525e-03, -3.49170004e-04, -6.98975302e-05],
 [ -3.04374266e+01, -1.93500618e+01, -1.39393329e+01, -1.14978539e+01,
   -8.19966809e+00, -6.20607128e+00, -4.50859012e+00, -3.21679740e+00,
   -2.11673938e+00, -1.34029292e+00, -8.07447913e-01, -4.57400154e-01,
   -2.41091500e-01, -1.16995913e-01, -4.92928606e-02, -1.70756621e-02,
   -4.85096243e-03, -1.35328577e-03, -3.98892028e-04, -7.98633289e-05],
 [ -3.38669578e+01, -2.13308701e+01, -1.51258009e+01, -1.26949465e+01,
   -8.93648360e+00, -6.71477294e+00, -4.87317175e+00, -3.48334840e+00,
   -2.29410671e+00, -1.45028186e+00, -8.71197026e-01, -4.93718157e-01,
   -2.61354645e-01, -1.28018693e-01, -5.45157333e-02, -1.90549575e-02,
   -5.44311839e-03, -1.52135488e-03, -4.48574315e-04, -8.98242439e-05],
 [ -3.72960496e+01, -2.33114401e+01, -1.63032963e+01, -1.38875956e+01,
   -9.66025489e+00, -7.20273430e+00, -5.21685300e+00, -3.73525010e+00,
   -2.46188339e+00, -1.55414945e+00, -9.31345091e-01, -5.27846604e-01,
   -2.80352671e-01, -1.38477699e-01, -5.95686056e-02, -2.10030621e-02,
   -6.03220814e-03, -1.68918307e-03, -4.98216904e-04, -9.97802776e-05]]


Execution time

Box Counting	Box Counting Fixed	SandBox	Genetic SandBox	Simulated SandBox	Genetic BCFS	Simulated BCFS
[ 77387.04214001, 79860.17772698,  8309.21319389, 37928.30430794,
  22660.35955   , 30737.64216208, 23098.63365293, 35664.9342432 ,
  23345.25857997]
Fractal dimension
2.55522468884