FSBCAlgorithm
logR
[-1.38629436,-0.69314718,-0.28768207, 0.        ]IndexZero
10
Tq
[ -2.80651235e+01, -2.53444064e+01, -2.26242872e+01, -1.99052668e+01,
  -1.71883421e+01, -1.44755310e+01, -1.17709817e+01, -9.08340867e+00,
  -6.43220117e+00, -3.86998960e+00, -1.58982488e+00,  3.25431115e-18,
   9.23764242e-01,  1.59657901e+00,  2.20754370e+00,  2.80064190e+00,
   3.38676651e+00,  3.96936594e+00,  4.54983393e+00,  5.12886380e+00,
   5.70685788e+00]
Dq
[ 2.55137487, 2.53444064, 2.51380969, 2.48815834, 2.45547744, 2.4125885 ,
  2.35419635, 2.27085217, 2.14406706, 1.9349948 , 1.58982488, 1.18872264,
  0.92376424, 0.79828951, 0.7358479 , 0.70016047, 0.6773533 , 0.66156099,
  0.64997628, 0.64110797, 0.63409532]
lnMrq
[[  3.62975955e+01,  1.58542806e+01,  5.78767897e-02,  0.00000000e+00],
 [  3.27830296e+01,  1.42836200e+01,  5.20891823e-02,  0.00000000e+00],
 [  2.92691182e+01,  1.27142261e+01,  4.63017288e-02,  0.00000000e+00],
 [  2.57564999e+01,  1.11464495e+01,  4.05147758e-02,  0.00000000e+00],
 [  2.22464609e+01,  9.58087808e+00,  3.47294485e-02,  0.00000000e+00],
 [  1.87416138e+01,  8.01862606e+00,  2.89493962e-02,  0.00000000e+00],
 [  1.52473201e+01,  6.46207592e+00,  2.31863971e-02,  0.00000000e+00],
 [  1.17747729e+01,  4.91681485e+00,  1.74778854e-02,  0.00000000e+00],
 [  8.34872928e+00,  3.39652424e+00,  1.19371803e-02,  0.00000000e+00],
 [  5.03656837e+00,  1.93690366e+00,  6.86073188e-03,  0.00000000e+00],
 [  2.08109682e+00,  7.01256483e-01,  2.77258872e-03,  0.00000000e+00],
 [ -4.44089210e-18,  0.00000000e+00,  0.00000000e+00,  0.00000000e+00],
 [ -1.20007993e+00, -4.79597956e-01, -1.78428345e-03,  0.00000000e+00],
 [ -2.06525222e+00, -8.98684147e-01, -3.10431024e-03,  0.00000000e+00],
 [ -2.84917346e+00, -1.29257160e+00, -4.25653043e-03,  0.00000000e+00],
 [ -3.61014906e+00, -1.67504573e+00, -5.35426320e-03,  0.00000000e+00],
 [ -4.36233709e+00, -2.05175696e+00, -6.43494274e-03,  0.00000000e+00],
 [ -5.11014076e+00, -2.42511206e+00, -7.51034734e-03,  0.00000000e+00],
 [ -5.85531989e+00, -2.79623587e+00, -8.58412622e-03,  0.00000000e+00],
 [ -6.59874516e+00, -3.16572280e+00, -9.65740464e-03,  0.00000000e+00],
 [ -7.34092041e+00, -3.53392838e+00, -1.07305290e-02,  0.00000000e+00]]

\SBAlgorithm
logR
[-1.38629436,-0.69314718,-0.28768207, 0.        ]IndexZero
10
Tq
[-19.95383681,-18.04791297,-16.14001776,-14.23288937,-12.33058081,
 -10.43874806, -8.56501052, -6.71965817, -4.91708426, -3.17697011,
  -1.52432215,  0.        ,  1.32059259,  2.37046655,  3.18341352,
   3.85678115,  4.46256183,  5.03583079,  5.59213131,  6.13870591,
   6.67926205]
Dq
[ 1.81398516, 1.8047913 , 1.79333531, 1.77911117, 1.76151154, 1.73979134,
  1.7130021 , 1.67991454, 1.63902809, 1.58848506, 1.52432215, 1.43766264,
  1.32059259, 1.18523328, 1.06113784, 0.96419529, 0.89251237, 0.83930513,
  0.7988759 , 0.76733824, 0.74214023]
lnMrq
[[-11.60331679,-25.06617153,-35.22361345,-38.32921173],
 [-10.72165552,-23.03042626,-32.15149281,-34.88361848],
 [ -9.8289103 ,-20.99090572,-29.06205371,-31.42778518],
 [ -8.92059278,-18.9448484 ,-25.95131212,-27.96227673],
 [ -7.99089172,-16.88726625,-22.81530613,-24.48789816],
 [ -7.0326351 ,-14.80905954,-19.65056417,-21.00560809],
 [ -6.03737438,-12.69337135,-16.45456546,-17.51643115],
 [ -4.99539364,-10.50839139,-13.22603198,-14.02138327],
 [ -3.8950757 , -8.19674539, -9.96494981,-10.52141698],
 [ -2.72025685, -5.68269848, -6.67234839, -7.01738784],
 [ -1.44213939, -2.93407958, -3.34997422, -3.51003915],
 [  0.        ,  0.        ,  0.        ,  0.        ],
 [  1.71638738,  3.05182713,  3.3751661 ,  3.51220785],
 [  3.80234926,  6.18063855,  6.7729861 ,  7.02615849],
 [  6.21293623,  9.36751091, 10.19085972, 10.54150848],
 [  8.81535308, 12.60268153, 13.6261899 , 14.05798349],
 [ 11.51112936, 15.87911055, 17.07645681, 17.57536593],
 [ 14.25218199, 19.19040686, 20.53929251, 21.09348417],
 [ 17.01714374, 22.53054761, 24.01254281, 24.61220331],
 [ 19.79602045, 25.89408264, 27.49430707, 28.13141759],
 [ 22.58366506, 29.2763223 , 30.98295373, 31.65104425]]


 SandBox Genetic
logR
[-1.38629436,-0.69314718,-0.28768207, 0.        ]IndexZero
10
Tq
[-18.89029206,-17.09253002,-15.29692795,-13.50474312,-11.71791614,
  -9.93944201, -8.17389312, -6.42809403, -4.7120845 , -3.0416983 ,
  -1.4479328 ,  0.        ,  1.19018103,  2.07596415,  2.75156477,
   3.32716847,  3.85939808,  4.37112582,  4.87185763,  5.36607277,
   5.85615799]
Dq
[ 1.71729928, 1.709253  , 1.69965866, 1.68809289, 1.67398802, 1.65657367,
  1.63477862, 1.60702351, 1.57069483, 1.52084915, 1.4479328 , 1.33813914,
  1.19018103, 1.03798207, 0.91718826, 0.83179212, 0.77187962, 0.72852097,
  0.69597966, 0.6707591 , 0.65068422]
lnMrq
[[-13.37255346,-27.33778105,-36.10670173,-38.691335  ],
 [-12.26193423,-25.0306902 ,-32.86944284,-35.17489242],
 [-11.14688605,-22.71989036,-29.62745994,-31.65825313],
 [-10.02568562,-20.40230608,-26.37970409,-28.14141916],
 [ -8.89590801,-18.07237735,-23.12490117,-24.62439261],
 [ -7.7541377 ,-15.72032849,-19.86154286,-21.10717562],
 [ -6.59554469,-13.32994193,-16.58790183,-17.58977038],
 [ -5.41316165,-10.87716124,-13.30208324,-14.07217912],
 [ -4.19624838, -8.33290384,-10.00212253,-10.55440412],
 [ -2.92554311, -5.67313684, -6.68613175, -7.03644769],
 [ -1.55897037, -2.89123358, -3.35248296, -3.51831219],
 [  0.        ,  0.        ,  0.        ,  0.        ],
 [  1.90707032,  2.97892516,  3.37188299,  3.51848647],
 [  4.22829253,  6.02634895,  6.76303774,  7.03714477],
 [  6.83640248,  9.12961465, 10.17265682, 10.55597245],
 [  9.58144865, 12.2813647 , 13.59936306, 14.07496701],
 [ 12.38607791, 15.47692663, 17.04138278, 17.59412595],
 [ 15.21882736, 18.71232331, 20.49673933, 21.11344675],
 [ 18.06649611, 21.98332135, 23.96342837, 24.63292689],
 [ 20.92283508, 25.28527957, 27.43955091, 28.1525638 ],
 [ 23.78454212, 28.61340786, 30.92339726, 31.67235495]]
fitNessAverage
[ 13.86863764, 13.93715419, 14.08288019, 14.07898494, 14.07643106,
  14.07872722, 14.29033744, 14.63387557, 14.83058186, 15.04600928,
  15.31571356, 15.38041981, 15.37499174, 15.48993416, 15.46100078,
  15.52425756, 15.5516708 , 15.61410099, 15.65548707, 15.71115924,
  15.88198382, 15.98762723, 15.74281749, 15.66030319, 15.50226295,
  15.17825492, 15.01421453, 15.0666302 , 15.01389228, 15.0390977 ,
  15.09690773, 15.09267369, 14.97824181, 14.73560968, 14.65399631,
  14.73274762, 14.82215417, 14.79878926, 15.38200605, 15.68756303,
  15.83923293, 15.98704451, 15.81752091, 15.76333518, 15.68089913,
  15.59282433, 15.48772686, 15.70042185, 15.65981991, 15.56551827,
  15.70656998, 15.53530435, 15.61438418, 15.72321806, 15.81978079,
  15.7780972 , 15.92905294, 16.00735741, 16.06566603, 16.20543012]
fitNessMax
[ 15.40014423, 16.34192558, 16.5561778 , 16.67271847, 16.67271847,
  17.5428934 , 17.04960429, 17.5428934 , 17.51455794, 17.51455794,
  17.83662684, 18.28900506, 17.90268842, 18.15544577, 18.15544577,
  18.15544577, 18.15544577, 19.05882353, 19.05882353, 19.05882353,
  19.05882353, 19.05882353, 18.81481481, 18.72105985, 18.72105985,
  18.62030526, 18.07145969, 18.03921569, 18.03921569, 18.45925926,
  18.45925926, 18.63529412, 18.63529412, 18.48191721, 18.09295147,
  17.95904139, 18.35294118, 18.73638344, 19.48583878, 18.8604013 ,
  19.41089325, 19.41089325, 19.40597668, 19.40597668, 19.40597668,
  19.40597668, 19.40597668, 19.40597668, 19.40597668, 19.40597668,
  18.95043732, 19.08484832, 19.08484832, 18.99759904, 19.03665426,
  19.03665426, 19.27762457, 19.31778629, 19.31778629, 19.31778629]
fitNessMin
[ 10.02436478, 10.02436478, 10.02436478, 10.02436478, 10.02436478,
  10.02436478, 10.02436478, 10.02436478, 11.13013494, 11.13013494,
  11.06308593, 11.06308593, 11.06308593, 10.10196078, 11.69107171,
  11.69107171, 10.83697151, 10.83697151,  9.74640523,  9.74640523,
   9.74640523,  9.74640523, 10.42962963, 11.83877996, 11.32897603,
  11.31590414, 11.32897603, 11.1546841 , 11.1546841 , 11.24183007,
  11.03262734, 11.76470588, 10.42265795, 10.17406963, 10.42265795,
  10.42265795, 10.62745098, 10.35414166, 10.62745098, 10.62745098,
  11.14302864, 11.14302864, 10.38849768, 10.38849768, 11.14302864,
  11.14302864, 11.14302864, 11.14302864, 11.13445378,  9.90396158,
   9.90396158,  9.90396158, 11.57211329, 12.0177247 , 11.88904133,
  11.88904133, 11.88904133, 11.03584291, 11.88904133, 11.71218487]


 SandBox Simulated Annealing
logR
[-1.38629436,-0.69314718,-0.28768207, 0.        ]IndexZero
10
Tq
[-20.62497205,-18.62692081,-16.62033287,-14.60809702,-12.59560646,
 -10.5920083 , -8.61166924, -6.67551709, -4.81166686, -3.05338022,
  -1.43445836,  0.        ,  1.18238976,  2.08988925,  2.79800739,
   3.40057717,  3.95223742,  4.4775714 ,  4.98760844,  5.48787945,
   5.98153025]
Dq
[ 1.87499746, 1.86269208, 1.84670365, 1.82601213, 1.79937235, 1.76533472,
  1.72233385, 1.66887927, 1.60388895, 1.52669011, 1.43445836, 1.31977377,
  1.18238976, 1.04494462, 0.93266913, 0.85014429, 0.79044748, 0.7462619 ,
  0.71251549, 0.68598493, 0.66461447]
lnMrq
[[-10.58416147,-22.70142117,-34.60195917,-38.10489836],
 [ -9.87226539,-20.90716525,-31.63930009,-34.70355673],
 [ -9.15042889,-19.11113326,-28.65184142,-31.28566868],
 [ -8.41325725,-17.31190332,-25.63354799,-27.85214169],
 [ -7.65247573,-15.5065984 ,-22.57853234,-24.40427974],
 [ -6.85570545,-13.68885435,-19.48191002,-20.9436416 ],
 [ -6.00535731,-11.84341818,-16.34061495,-17.47189671],
 [ -5.07858002, -9.93284299,-13.1538515 ,-13.990702  ],
 [ -4.04916754, -7.87503133, -9.92300044,-10.50161149],
 [ -2.88934951, -5.54906163, -6.65107178, -7.00602085],
 [ -1.56261753, -2.89840891, -3.34199237, -3.50514202],
 [  0.        ,  0.        ,  0.        ,  0.        ],
 [  1.90210753,  3.03974916,  3.37073817,  3.5085559 ],
 [  4.18052226,  6.16057421,  6.76630692,  7.01983318],
 [  6.73352093,  9.33809134, 10.18310595, 10.53327418],
 [  9.43269962, 12.56269934, 13.61786576, 14.04843413],
 [ 12.20277572, 15.82919683, 17.06765287, 17.56496088],
 [ 15.00957283, 19.13312039, 20.52987397, 21.08257719],
 [ 17.8376076 , 22.46983092, 24.00227561, 24.60106569],
 [ 20.67907815, 25.83456056, 27.48293484, 28.12025644],
 [ 23.52956408, 29.22269846, 30.97023944, 31.64001686]]


 BoxCounting Genetic
logR
[-1.38629436,-0.69314718,-0.28768207, 0.        ]IndexZero
10
Tq
[-19.18360134,-17.28216993,-15.38470977,-13.4923364 ,-11.60646707,
  -9.72905402, -7.86342559, -6.01737334, -4.21384073, -2.52061095,
  -1.08068915,  0.        ,  0.81574464,  1.51128356,  2.15812809,
   2.78151886,  3.39086481,  3.99071684,  4.58388405,  5.17231495,
   5.75740458]
Dq
[ 1.74396376, 1.72821699, 1.7094122 , 1.68654205, 1.65806672, 1.621509  ,
  1.57268512, 1.50434333, 1.40461358, 1.26030548, 1.08068915, 0.91996571,
  0.81574464, 0.75564178, 0.71937603, 0.69537971, 0.67817296, 0.66511947,
  0.65484058, 0.64653937, 0.63971162]
lnMrq
[[ 24.3322696 , 14.46919744,  0.        ,  0.        ],
 [ 21.92214159, 13.02229557,  0.        ,  0.        ],
 [ 19.51742792, 11.5754322 ,  0.        ,  0.        ],
 [ 17.11963982, 10.12869395,  0.        ,  0.        ],
 [ 14.7306754 ,  8.68236213,  0.        ,  0.        ],
 [ 12.35308232,  7.23734905,  0.        ,  0.        ],
 [  9.99102681,  5.79659927,  0.        ,  0.        ],
 [  7.65394741,  4.36947135,  0.        ,  0.        ],
 [  5.36953877,  2.98429508,  0.        ,  0.        ],
 [  3.22084358,  1.71518297,  0.        ,  0.        ],
 [  1.38629436,  0.69314718,  0.        ,  0.        ],
 [  0.        ,  0.        ,  0.        ,  0.        ],
 [ -1.05626896, -0.44607086,  0.        ,  0.        ],
 [ -1.96331082, -0.77607756,  0.        ,  0.        ],
 [ -2.80925574, -1.06413261,  0.        ,  0.        ],
 [ -3.62493314, -1.3385658 ,  0.        ,  0.        ],
 [ -4.42198864, -1.60873569,  0.        ,  0.        ],
 [ -5.20625683, -1.87758683,  0.        ,  0.        ],
 [ -5.98145464, -2.14603156,  0.        ,  0.        ],
 [ -6.75020515, -2.41435116,  0.        ,  0.        ],
 [ -7.51440103, -2.68263226,  0.        ,  0.        ]]
fitNessAverage
[ 20.75060749, 21.16061425, 21.43851251, 21.62547615, 21.91462685,
  21.9865148 , 22.08679556, 22.0953286 , 22.07360896, 22.01851903,
  22.10808406, 22.08510794, 22.13646873, 22.20372509, 22.25834802,
  21.93677667, 21.80379256, 21.866965  , 21.8339598 , 21.84318375,
  21.87890318, 21.89162964, 21.79007157, 21.83860971, 21.59201273]
fitNessMax
[ 22.44772283, 24.48039216, 24.48039216, 24.49336638, 24.25784314,
  24.25784314, 24.25784314, 24.32973189, 24.32973189, 24.21201285,
  24.21201285, 23.89527239, 23.89527239, 24.16416302, 24.16416302,
  23.98483845, 23.98483845, 23.89527239, 23.85688063, 23.85688063,
  24.01030109, 24.01030109, 23.86783924, 23.85688063, 23.85688063]
fitNessMin
[ 16.19320464, 16.19320464, 16.19320464, 16.19320464, 16.19320464,
  16.19320464, 17.75254496, 17.75254496, 17.75254496, 17.75254496,
  17.75254496, 18.55195121, 18.55195121, 18.55195121, 18.880099  ,
  18.59062182, 17.13023173, 17.13023173, 18.18096845, 17.84814602,
  17.84814602, 18.3775787 , 17.69898793, 17.69898793, 16.47727874]


 BoxCounting Simulated Annealing
logR
[-1.38629436,-0.69314718,-0.28768207, 0.        ]IndexZero
10
Tq
[-19.18360134,-17.28216993,-15.38470977,-13.4923364 ,-11.60646707,
  -9.72905402, -7.86342559, -6.01737334, -4.21384073, -2.52061095,
  -1.08068915,  0.        ,  0.81574464,  1.51128356,  2.15812809,
   2.78151886,  3.39086481,  3.99071684,  4.58388405,  5.17231495,
   5.75740458]
Dq
[ 1.74396376, 1.72821699, 1.7094122 , 1.68654205, 1.65806672, 1.621509  ,
  1.57268512, 1.50434333, 1.40461358, 1.26030548, 1.08068915, 0.91996571,
  0.81574464, 0.75564178, 0.71937603, 0.69537971, 0.67817296, 0.66511947,
  0.65484058, 0.64653937, 0.63971162]
lnMrq
[[ 24.3322696 , 14.46919744,  0.        ,  0.        ],
 [ 21.92214159, 13.02229557,  0.        ,  0.        ],
 [ 19.51742792, 11.5754322 ,  0.        ,  0.        ],
 [ 17.11963982, 10.12869395,  0.        ,  0.        ],
 [ 14.7306754 ,  8.68236213,  0.        ,  0.        ],
 [ 12.35308232,  7.23734905,  0.        ,  0.        ],
 [  9.99102681,  5.79659927,  0.        ,  0.        ],
 [  7.65394741,  4.36947135,  0.        ,  0.        ],
 [  5.36953877,  2.98429508,  0.        ,  0.        ],
 [  3.22084358,  1.71518297,  0.        ,  0.        ],
 [  1.38629436,  0.69314718,  0.        ,  0.        ],
 [  0.        ,  0.        ,  0.        ,  0.        ],
 [ -1.05626896, -0.44607086,  0.        ,  0.        ],
 [ -1.96331082, -0.77607756,  0.        ,  0.        ],
 [ -2.80925574, -1.06413261,  0.        ,  0.        ],
 [ -3.62493314, -1.3385658 ,  0.        ,  0.        ],
 [ -4.42198864, -1.60873569,  0.        ,  0.        ],
 [ -5.20625683, -1.87758683,  0.        ,  0.        ],
 [ -5.98145464, -2.14603156,  0.        ,  0.        ],
 [ -6.75020515, -2.41435116,  0.        ,  0.        ],
 [ -7.51440103, -2.68263226,  0.        ,  0.        ]]


Execution time

Box Counting	SandBox	Genetic SandBox	Simulated SandBox	Genetic BoxCounting	Simulated Box Counting
[ 20.83822894,  1.88690495, 10.5750761 ,  6.64135289,  7.19472504,
   6.91834712]