
BoxCounting Genetic
logR
[-2.83321334,-2.14006616,-1.73460106,-1.44691898,-1.22377543,-1.04145387,
-0.8873032 ,-0.7537718 ,-0.63598877,-0.53062825,-0.43531807,-0.34830669,
-0.26826399,-0.19415601,-0.12516314,-0.06062462, 0.        ]
IndexZero
10
Tq
[ -3.739936  , -3.73932231, -3.73806308, -3.73545283, -3.72997608,
-3.71835613, -3.69366529, -3.64257981, -3.54486728, -3.37935711,
-2.91230657,  0.        ,  2.98293592,  5.00315655,  6.42641778,
7.74999882,  9.0516769 , 10.34128078, 11.62062932, 12.8901606 ,
14.15042031]
Dq
[ 0.33999418, 0.37393223, 0.41534034, 0.4669316 , 0.53285373, 0.61972602,
0.73873306, 0.91064495, 1.18162243, 1.68967855, 2.91230657, 3.43353688,
2.98293592, 2.50157827, 2.14213926, 1.9374997 , 1.81033538, 1.7235468 ,
1.6600899 , 1.61127008, 1.57226892]
lnMrq
[[  9.79351904e+01,  9.63680683e+01,  9.60090383e+01,  9.50156846e+01,
9.47177898e+01,  9.40099012e+01,  9.37323700e+01,  9.31850561e+01,
9.30650057e+01,  9.26884118e+01,  9.23589001e+01,  9.11701277e+01,
9.06836505e+01,  8.93284962e+01,  8.85269093e+01,  8.70612258e+01,
8.59634774e+01],
[  8.89484536e+01,  8.73815176e+01,  8.70222916e+01,  8.60290876e+01,
8.57311321e+01,  8.50232406e+01,  8.47456943e+01,  8.41985887e+01,
8.40783205e+01,  8.37016558e+01,  8.33720676e+01,  8.21836327e+01,
8.16972115e+01,  8.03425809e+01,  7.95417507e+01,  7.80767608e+01,
7.69799226e+01],
[  7.99621791e+01,  7.83956295e+01,  7.80360055e+01,  7.70431067e+01,
7.67450267e+01,  7.60371314e+01,  7.57595533e+01,  7.52128664e+01,
7.50921596e+01,  7.47153503e+01,  7.43856086e+01,  7.31978511e+01,
7.27115421e+01,  7.13580004e+01,  7.05586760e+01,  6.90951531e+01,
6.80002189e+01],
[  7.09768343e+01,  6.94110997e+01,  6.90506622e+01,  6.80583914e+01,
6.77600529e+01,  6.70521574e+01,  6.67745104e+01,  6.62286657e+01,
6.61070731e+01,  6.57299666e+01,  6.53999161e+01,  6.42135213e+01,
6.37274363e+01,  6.23761974e+01,  6.15798564e+01,  6.01195048e+01,
5.90285988e+01],
[  6.19933610e+01,  6.04293882e+01,  6.00672727e+01,  5.90763115e+01,
5.87774272e+01,  5.80695563e+01,  5.77917564e+01,  5.72476043e+01,
5.71242183e+01,  5.67464936e+01,  5.64158205e+01,  5.52321770e+01,
5.47465359e+01,  5.34002744e+01,  5.26097953e+01,  5.11564790e+01,
5.00741452e+01],
[  5.30136626e+01,  5.14536262e+01,  5.10880119e+01,  5.00998318e+01,
4.97997688e+01,  4.90920382e+01,  4.88138855e+01,  4.82731183e+01,
4.81460927e+01,  4.77670641e+01,  4.74351277e+01,  4.62570784e+01,
4.57723002e+01,  4.44370745e+01,  4.36579258e+01,  4.22206078e+01,
4.11562860e+01],
[  4.40415862e+01,  4.24907296e+01,  4.21177459e+01,  4.11356222e+01,
4.08329403e+01,  4.01258312e+01,  3.98468277e+01,  3.93127192e+01,
3.91783080e+01,  3.87964765e+01,  3.84619512e+01,  3.72954285e+01,
3.68122474e+01,  3.55020437e+01,  3.47440897e+01,  3.33434552e+01,
3.23147741e+01],
[  3.50848779e+01,  3.35565364e+01,  3.31680544e+01,  3.21995591e+01,
3.18908840e+01,  3.11863148e+01,  3.09051650e+01,  3.03835599e+01,
3.02342612e+01,  2.98462514e+01,  2.95063191e+01,  2.83641340e+01,
2.78835405e+01,  2.66301468e+01,  2.59092941e+01,  2.45892385e+01,
2.36204380e+01],
[  2.61589211e+01,  2.46885939e+01,  2.42691674e+01,  2.33326301e+01,
2.30100886e+01,  2.23154463e+01,  2.20286225e+01,  2.15276448e+01,
2.13489780e+01,  2.09469575e+01,  2.05953208e+01,  1.95064984e+01,
1.90284621e+01,  1.78966084e+01,  1.72326870e+01,  1.60644250e+01,
1.51657888e+01],
[  1.72932866e+01,  1.59764656e+01,  1.55100413e+01,  1.46524055e+01,
1.43007399e+01,  1.36423107e+01,  1.33396857e+01,  1.28616595e+01,
1.26278605e+01,  1.21946315e+01,  1.18161759e+01,  1.08475493e+01,
1.03657548e+01,  9.44814234e+00,  8.85048448e+00,  7.88790130e+00,
7.02662368e+00],
[  8.54174726e+00,  7.61801028e+00,  7.17078086e+00,  6.52272495e+00,
6.15279652e+00,  5.61513339e+00,  5.28330525e+00,  4.82044284e+00,
4.49769633e+00,  4.01998015e+00,  3.58684673e+00,  2.87469395e+00,
2.40694511e+00,  1.79508726e+00,  1.32972401e+00,  8.02001585e-01,
4.12109651e-01],
[  0.00000000e+00,  0.00000000e+00,  0.00000000e+00,  0.00000000e+00,
0.00000000e+00,  0.00000000e+00,  0.00000000e+00,  0.00000000e+00,
0.00000000e+00,  0.00000000e+00,  0.00000000e+00,  0.00000000e+00,
0.00000000e+00,  0.00000000e+00,  0.00000000e+00,  0.00000000e+00,
0.00000000e+00],
[ -8.07413429e+00, -5.90987730e+00, -4.54291114e+00, -3.42635296e+00,
-2.55152377e+00, -1.90991696e+00, -1.37051407e+00, -8.77003609e-01,
-5.39840587e-01, -3.10827667e-01, -1.70379745e-01, -9.36927087e-02,
-5.23292509e-02, -2.77526907e-02, -1.32104380e-02, -5.27114530e-03,
-1.89158573e-03],
[ -1.41384332e+01, -9.80102012e+00, -7.00787412e+00, -5.18408309e+00,
-3.73185676e+00, -2.79505714e+00, -1.97359302e+00, -1.27503800e+00,
-7.79998757e-01, -4.50094882e-01, -2.50032304e-01, -1.39474843e-01,
-7.81300663e-02, -4.15809875e-02, -1.97833045e-02, -7.87847614e-03,
-2.83284592e-03],
[ -1.78494519e+01, -1.31630924e+01, -9.04972481e+00, -6.50846591e+00,
-4.61402325e+00, -3.41777732e+00, -2.41362265e+00, -1.57677518e+00,
-9.70307401e-01, -5.61227301e-01, -3.14875038e-01, -1.77301124e-01,
-9.90131363e-02, -5.26610098e-02, -2.54092621e-02, -1.02973645e-02,
-3.74159324e-03],
[ -2.12168247e+01, -1.64326353e+01, -1.10020228e+01, -7.67592076e+00,
-5.37056884e+00, -3.91622216e+00, -2.76883184e+00, -1.82634207e+00,
-1.13352943e+00, -6.57871640e-01, -3.71626305e-01, -2.10784714e-01,
-1.17298618e-01, -6.23276389e-02, -3.05521420e-02, -1.26152557e-02,
-4.63274641e-03],
[ -2.45486027e+01, -1.96567955e+01, -1.29179286e+01, -8.77775519e+00,
-6.05388041e+00, -4.34280515e+00, -3.06777984e+00, -2.03991027e+00,
-1.27786391e+00, -7.45005637e-01, -4.22944368e-01, -2.41268230e-01,
-1.33984287e-01, -7.11254620e-02, -3.53375660e-02, -1.48437808e-02,
-5.50715668e-03],
[ -2.78743875e+01, -2.28352309e+01, -1.48084906e+01, -9.85042086e+00,
-6.69179614e+00, -4.72320273e+00, -3.32677383e+00, -2.22646761e+00,
-1.40774591e+00, -8.25143841e-01, -4.70263496e-01, -2.69474674e-01,
-1.49581322e-01, -7.93299481e-02, -3.98289553e-02, -1.69893220e-02,
-6.36529592e-03],
[ -3.11989620e+01, -2.59619262e+01, -1.66756070e+01, -1.09086495e+01,
-7.30172634e+00, -5.07175457e+00, -3.55624397e+00, -2.39196108e+00,
-1.52597815e+00, -8.99763320e-01, -5.14471903e-01, -2.95868171e-01,
-1.64376028e-01, -8.70999128e-02, -4.40719117e-02, -1.90574994e-02,
-7.20761273e-03],
[ -3.45232745e+01, -2.90332056e+01, -1.85191291e+01, -1.19584403e+01,
-7.89463495e+00, -5.39740417e+00, -3.76317386e+00, -2.54067259e+00,
-1.63451026e+00, -9.69828630e-01, -5.56167278e-01, -3.20776099e-01,
-1.78540862e-01, -9.45354957e-02, -4.81030645e-02, -2.10535048e-02,
-8.03454258e-03],
[ -3.78475283e+01, -3.20502382e+01, -2.03389195e+01, -1.30022812e+01,
-8.47727252e+00, -5.70620655e+00, -3.95241855e+00, -2.67580848e+00,
-1.73479255e+00, -1.03602115e+00, -5.95774316e-01, -3.44442303e-01,
-1.92186805e-01, -1.01703778e-01, -5.19526480e-02, -2.29821514e-02,
-8.84650844e-03]]
fitNessAverage
[ 0.40972848, 0.40939933, 0.40864671, 0.40833865, 0.4074793 , 0.40679997,
0.40685868, 0.40818242, 0.40949819, 0.4096834 , 0.41020262, 0.41032315,
0.41029799, 0.41032822, 0.41051036, 0.40966712, 0.40871096, 0.40812219,
0.40754752, 0.40805753, 0.40752149, 0.40746468, 0.40786546, 0.40784343,
0.40774558, 0.40703711, 0.40619549, 0.4051404 ]
fitNessMax
[ 0.41638492, 0.41832507, 0.41638369, 0.41768499, 0.41949169, 0.41949169,
0.42639242, 0.42639242, 0.42418354, 0.42418354, 0.42302266, 0.42302266,
0.42302266, 0.42454884, 0.42454884, 0.42454884, 0.42407863, 0.42407863,
0.42407863, 0.4213932 , 0.42299626, 0.42299626, 0.42594907, 0.42371671,
0.42371671, 0.42371671, 0.42371671, 0.42371671]
fitNessMin
[ 0.40461911, 0.39647047, 0.39300096, 0.39435325, 0.39199275, 0.38964414,
0.38964414, 0.38964414, 0.38964414, 0.38964414, 0.39053177, 0.38584199,
0.38584199, 0.38584199, 0.3860138 , 0.3860138 , 0.39019459, 0.38368827,
0.3892526 , 0.38930467, 0.38793808, 0.38742778, 0.38710391, 0.38982238,
0.38982238, 0.38379319, 0.38379319, 0.38379319]


BoxCounting Simulated Annealing
logR
[-2.77258872,-2.07944154,-1.67397643,-1.38629436,-1.16315081,-0.98082925,
-0.82667857,-0.69314718,-0.57536414,-0.47000363,-0.37469345,-0.28768207,
-0.20763936,-0.13353139,-0.06453852, 0.        ]
IndexZero
10
Tq
[ -3.34129308e+01, -3.04112120e+01, -2.74093330e+01, -2.44073353e+01,
-2.14053705e+01, -1.84038560e+01, -1.54038920e+01, -1.24084733e+01,
-9.42610027e+00, -6.48092534e+00, -3.59085345e+00, -5.30872159e-17,
2.83111700e+00,  4.82857500e+00,  6.56058026e+00,  8.24156234e+00,
9.90849370e+00,  1.15695810e+01,  1.32277551e+01,  1.48843429e+01,
1.65400190e+01]
Dq
[ 3.03753916, 3.0411212 , 3.04548144, 3.05091692, 3.05791007, 3.06730934,
3.0807784 , 3.10211833, 3.14203342, 3.24046267, 3.59085345, 3.45953232,
2.831117  , 2.4142875 , 2.18686009, 2.06039059, 1.98169874, 1.9282635 ,
1.8896793 , 1.86054286, 1.83777989]
lnMrq
[[  9.79044469e+01,  9.63648070e+01,  9.59637092e+01,  9.49663495e+01,
9.45547299e+01,  9.39995658e+01,  9.35360403e+01,  9.30503498e+01,
9.18182995e+01,  8.98749274e+01,  7.89406305e+01,  8.29406013e+01,
0.00000000e+00,  0.00000000e+00,  0.00000000e+00,  0.00000000e+00],
[  8.89176949e+01,  8.73782165e+01,  8.69769484e+01,  8.59797918e+01,
8.55681702e+01,  8.50128390e+01,  8.45493638e+01,  8.40634831e+01,
8.28315267e+01,  8.08907148e+01,  7.10696611e+01,  7.46467089e+01,
0.00000000e+00,  0.00000000e+00,  0.00000000e+00,  0.00000000e+00],
[  7.99313902e+01,  7.83922471e+01,  7.79906335e+01,  7.69938896e+01,
7.65822609e+01,  7.60265960e+01,  7.55632276e+01,  7.50769517e+01,
7.38451843e+01,  7.19095270e+01,  6.32040931e+01,  6.63530523e+01,
0.00000000e+00,  0.00000000e+00,  0.00000000e+00,  0.00000000e+00],
[  7.09459852e+01,  6.94075506e+01,  6.90052320e+01,  6.80093322e+01,
6.75976793e+01,  6.70413504e+01,  6.65782126e+01,  6.60911020e+01,
6.48597172e+01,  6.29344415e+01,  5.53454060e+01,  5.80599845e+01,
0.00000000e+00,  0.00000000e+00,  0.00000000e+00,  0.00000000e+00],
[  6.19623930e+01,  6.04254947e+01,  6.00217249e+01,  5.90275681e+01,
5.86158350e+01,  5.80581948e+01,  5.75955652e+01,  5.71066536e+01,
5.58760504e+01,  5.39716284e+01,  4.74953892e+01,  4.97683855e+01,
0.00000000e+00,  0.00000000e+00,  0.00000000e+00,  0.00000000e+00],
[  5.29824617e+01,  5.14490169e+01,  5.10422278e+01,  5.00517171e+01,
4.96397188e+01,  4.90795338e+01,  4.86180394e+01,  4.81251391e+01,
4.68961629e+01,  4.50332134e+01,  3.96562231e+01,  4.14804361e+01,
0.00000000e+00,  0.00000000e+00,  0.00000000e+00,  0.00000000e+00],
[  4.40099398e+01,  4.24846338e+01,  4.20714987e+01,  4.10887398e+01,
4.06758644e+01,  4.01109418e+01,  3.96519534e+01,  3.91499725e+01,
3.79244983e+01,  3.61418940e+01,  3.18308440e+01,  3.32014764e+01,
0.00000000e+00,  0.00000000e+00,  0.00000000e+00,  0.00000000e+00],
[  3.50524209e+01,  3.35474229e+01,  3.31209562e+01,  3.21549998e+01,
3.17392483e+01,  3.11663703e+01,  3.07124451e+01,  3.01893760e+01,
2.89718607e+01,  2.73361261e+01,  2.40246264e+01,  2.49441843e+01,
0.00000000e+00,  0.00000000e+00,  0.00000000e+00,  0.00000000e+00],
[  2.61251592e+01,  2.46738583e+01,  2.42207212e+01,  2.32919695e+01,
2.28672791e+01,  2.22844193e+01,  2.18372557e+01,  2.12658567e+01,
2.00677276e+01,  1.86715254e+01,  1.62524205e+01,  1.67365193e+01,
0.00000000e+00,  0.00000000e+00,  0.00000000e+00,  0.00000000e+00],
[  1.72581359e+01,  1.59539621e+01,  1.54597839e+01,  1.46149873e+01,
1.41679470e+01,  1.35821764e+01,  1.31232439e+01,  1.24531520e+01,
1.13043149e+01,  1.02252959e+01,  8.56390460e+00,  8.63070059e+00,
0.00000000e+00,  0.00000000e+00,  0.00000000e+00,  0.00000000e+00],
[  8.50875771e+00,  7.59488439e+00,  7.11314211e+00,  6.45519856e+00,
5.98896142e+00,  5.41164605e+00,  4.84418709e+00,  4.04305127e+00,
3.04452244e+00,  2.30258509e+00,  1.38629436e+00,  1.09861229e+00,
0.00000000e+00,  0.00000000e+00,  0.00000000e+00,  0.00000000e+00],
[  0.00000000e+00,  2.22044605e-16,  2.22044605e-16,  0.00000000e+00,
2.22044605e-16,  0.00000000e+00,  2.22044605e-16,  0.00000000e+00,
2.22044605e-16, -1.11022302e-16,  0.00000000e+00,  0.00000000e+00,
0.00000000e+00,  0.00000000e+00,  0.00000000e+00,  0.00000000e+00],
[ -7.81672909e+00, -5.70934479e+00, -3.61600430e+00, -2.16760194e+00,
-1.10228405e+00, -5.04259985e-01, -1.96568337e-01, -7.42628832e-02,
-3.32215566e-02, -1.55417751e-02, -5.25343139e-03, -1.75031215e-03,
0.00000000e+00,  0.00000000e+00,  0.00000000e+00,  0.00000000e+00],
[ -1.40127189e+01, -9.25029856e+00, -5.61828137e+00, -3.33920372e+00,
-1.66880377e+00, -7.59324468e-01, -2.95318558e-01, -1.11547797e-01,
-4.99126324e-02, -2.33404984e-02, -7.88534848e-03, -2.62614885e-03,
0.00000000e+00,  0.00000000e+00,  0.00000000e+00,  0.00000000e+00],
[ -1.92354674e+01, -1.23878470e+01, -7.50967766e+00, -4.46094865e+00,
-2.22570147e+00, -1.01247769e+00, -3.93760280e-01, -1.48731160e-01,
-6.65505628e-02, -3.11207490e-02, -1.05138054e-02, -3.50153214e-03,
0.00000000e+00,  0.00000000e+00,  0.00000000e+00,  0.00000000e+00],
[ -2.42379137e+01, -1.54907850e+01, -9.39008664e+00, -5.57735449e+00,
-2.78216454e+00, -1.26559812e+00, -4.92200364e-01, -1.85913956e-01,
-8.31882058e-02, -3.89009366e-02, -1.31422568e-02, -4.37691518e-03,
0.00000000e+00,  0.00000000e+00,  0.00000000e+00,  0.00000000e+00],
[ -2.91753976e+01, -1.85897797e+01, -1.12686814e+01, -6.69299836e+00,
-3.33859998e+00, -1.51871777e+00, -5.90640437e-01, -2.23096747e-01,
-9.98258469e-02, -4.66811239e-02, -1.57707081e-02, -5.25229822e-03,
0.00000000e+00,  0.00000000e+00,  0.00000000e+00,  0.00000000e+00],
[ -3.40849513e+01, -2.16882088e+01, -1.31469149e+01, -7.80852478e+00,
-3.89503349e+00, -1.77183740e+00, -6.89080510e-01, -2.60279538e-01,
-1.16463488e-01, -5.44613112e-02, -1.83991595e-02, -6.12768125e-03,
0.00000000e+00,  0.00000000e+00,  0.00000000e+00,  0.00000000e+00],
[ -3.89804052e+01, -2.47865467e+01, -1.50250713e+01, -8.92403254e+00,
-4.45146686e+00, -2.02495702e+00, -7.87520583e-01, -2.97462329e-01,
-1.33101129e-01, -6.22414986e-02, -2.10276108e-02, -7.00306429e-03,
0.00000000e+00,  0.00000000e+00,  0.00000000e+00,  0.00000000e+00],
[ -4.38681466e+01, -2.78848690e+01, -1.69032108e+01, -1.00395373e+01,
-5.00790022e+00, -2.27807665e+00, -8.85960655e-01, -3.34645120e-01,
-1.49738770e-01, -7.00216859e-02, -2.36560622e-02, -7.87844732e-03,
0.00000000e+00,  0.00000000e+00,  0.00000000e+00,  0.00000000e+00],
[ -4.87514494e+01, -3.09831885e+01, -1.87813465e+01, -1.11550415e+01,
-5.56433357e+00, -2.53119628e+00, -9.84400728e-01, -3.71827911e-01,
-1.66376412e-01, -7.78018732e-02, -2.62845135e-02, -8.75383036e-03,
0.00000000e+00,  0.00000000e+00,  0.00000000e+00,  0.00000000e+00]]


Fixed Size Genetic
logR
[-2.83321334,-2.14006616,-1.73460106,-1.44691898,-1.22377543,-1.04145387,
-0.8873032 ,-0.7537718 ,-0.63598877,-0.53062825,-0.43531807,-0.34830669,
-0.26826399,-0.19415601,-0.12516314,-0.06062462, 0.        ]
IndexZero
10
Tq
[ -3.91125513e+00, -3.90990955e+00, -3.90720125e+00, -3.90176234e+00,
-3.89092746e+00, -3.86975935e+00, -3.82992634e+00, -3.75928722e+00,
-3.64356537e+00, -3.46928171e+00, -2.97561558e+00, -2.80027904e-17,
2.99222796e+00,  5.21353410e+00,  7.02864385e+00,  8.69711899e+00,
1.03215205e+01,  1.19272212e+01,  1.35218489e+01,  1.51082815e+01,
1.66877732e+01]
Dq
[ 0.35556865, 0.39099095, 0.43413347, 0.48772029, 0.55584678, 0.64495989,
0.76598527, 0.9398218 , 1.21452179, 1.73464085, 2.97561558, 3.44422505,
2.99222796, 2.60676705, 2.34288128, 2.17427975, 2.0643041 , 1.9878702 ,
1.9316927 , 1.88853519, 1.85419702]
lnMrq
[[  9.79368840e+01,  9.63663424e+01,  9.59983578e+01,  9.50294056e+01,
9.47041845e+01,  9.40006332e+01,  9.37449209e+01,  9.31460169e+01,
9.30196393e+01,  9.25949963e+01,  9.21799510e+01,  9.11889644e+01,
9.05806395e+01,  8.90524631e+01,  8.78343536e+01,  8.59703196e+01,
8.59643896e+01],
[  8.89501379e+01,  8.73797889e+01,  8.70116258e+01,  8.60427849e+01,
8.57175425e+01,  8.50140063e+01,  8.47582327e+01,  8.41595129e+01,
8.40329544e+01,  8.36082213e+01,  8.31931685e+01,  8.22023598e+01,
8.15940837e+01,  8.00667744e+01,  7.88498136e+01,  7.69935677e+01,
7.69816779e+01],
[  7.99638453e+01,  7.83938946e+01,  7.80253689e+01,  7.70567560e+01,
7.67314685e+01,  7.60279630e+01,  7.57720657e+01,  7.51737182e+01,
7.50467931e+01,  7.46218770e+01,  7.42068092e+01,  7.32163567e+01,
7.26081802e+01,  7.10826594e+01,  6.98680288e+01,  6.80273012e+01,
6.80035140e+01],
[  7.09784651e+01,  6.94093512e+01,  6.90400840e+01,  6.80719431e+01,
6.77465584e+01,  6.70431159e+01,  6.67869682e+01,  6.61893760e+01,
6.60617040e+01,  6.56364128e+01,  6.52213156e+01,  6.42315769e+01,
6.36236060e+01,  6.21018215e+01,  6.08919388e+01,  5.90817882e+01,
5.90345161e+01],
[  6.19949240e+01,  6.04276092e+01,  6.00568111e+01,  5.90896636e+01,
5.87640621e+01,  5.80607531e+01,  5.78040970e+01,  5.72080427e+01,
5.70788388e+01,  5.66527712e+01,  5.62376155e+01,  5.52493117e+01,
5.46417692e+01,  5.31279206e+01,  5.19277460e+01,  5.01763287e+01,
5.00838967e+01],
[  5.30150992e+01,  5.14517776e+01,  5.10777820e+01,  5.01127724e+01,
4.97866675e+01,  4.90836611e+01,  4.88259683e+01,  4.82330518e+01,
4.81006795e+01,  4.76729823e+01,  4.72577100e+01,  4.62723095e+01,
4.56656707e+01,  4.41689895e+01,  4.29886257e+01,  4.13441991e+01,
4.11695601e+01],
[  4.40427976e+01,  4.24887214e+01,  4.21079735e+01,  4.11477076e+01,
4.08203753e+01,  4.01181407e+01,  3.98583284e+01,  3.92717805e+01,
3.91327961e+01,  3.87016173e+01,  3.82861046e+01,  3.73066749e+01,
3.67019653e+01,  3.52429194e+01,  3.41022033e+01,  3.26340872e+01,
3.23243128e+01],
[  3.50857211e+01,  3.35541777e+01,  3.31591711e+01,  3.22098663e+01,
3.18793895e+01,  3.11794629e+01,  3.09153283e+01,  3.03413640e+01,
3.01884804e+01,  2.97497092e+01,  2.93336450e+01,  2.83669545e+01,
2.77663691e+01,  2.63889937e+01,  2.53227508e+01,  2.41000759e+01,
2.36017488e+01],
[  2.61592584e+01,  2.46855758e+01,  2.42619628e+01,  2.33393630e+01,
2.30005954e+01,  2.23086717e+01,  2.20357889e+01,  2.14845677e+01,
2.13024527e+01,  2.08469743e+01,  2.04292417e+01,  1.94917424e+01,
1.88995971e+01,  1.76866243e+01,  1.67407004e+01,  1.57836150e+01,
1.50748138e+01],
[  1.72931740e+01,  1.59727136e+01,  1.55058248e+01,  1.46530087e+01,
1.42943616e+01,  1.36322346e+01,  1.33411505e+01,  1.28211926e+01,
1.25787623e+01,  1.20894749e+01,  1.16642985e+01,  1.07997874e+01,
1.02217457e+01,  9.27472839e+00,  8.47576944e+00,  7.71659333e+00,
6.83095810e+00],
[  8.54170237e+00,  7.61491384e+00,  7.17104988e+00,  6.51672548e+00,
6.14752768e+00,  5.59679100e+00,  5.27084339e+00,  4.78306529e+00,
4.43817065e+00,  3.91581580e+00,  3.46760915e+00,  2.78439377e+00,
2.25758773e+00,  1.64865863e+00,  1.12167756e+00,  6.93147181e-01,
3.22083499e-01],
[  0.00000000e+00,  2.22044605e-16,  0.00000000e+00,  0.00000000e+00,
0.00000000e+00,  0.00000000e+00,  0.00000000e+00,  0.00000000e+00,
0.00000000e+00,  0.00000000e+00,  0.00000000e+00,  0.00000000e+00,
0.00000000e+00,  0.00000000e+00,  0.00000000e+00,  0.00000000e+00,
0.00000000e+00],
[ -8.12002911e+00, -5.90954925e+00, -4.62018183e+00, -3.30366282e+00,
-2.40408377e+00, -1.71621552e+00, -1.15183290e+00, -7.60890027e-01,
-4.68097308e-01, -2.59836271e-01, -1.35102215e-01, -6.44918126e-02,
-3.20872840e-02, -1.63986017e-02, -7.86152346e-03, -3.13242624e-03,
-9.82689243e-04],
[ -1.51987767e+01, -9.81041053e+00, -7.16227577e+00, -4.96563309e+00,
-3.53048657e+00, -2.49946404e+00, -1.63360171e+00, -1.07525239e+00,
-6.63927738e-01, -3.77189736e-01, -1.96137802e-01, -9.53232192e-02,
-4.77303276e-02, -2.45465650e-02, -1.17870872e-02, -4.69626662e-03,
-1.47139472e-03],
[ -2.08753642e+01, -1.31934126e+01, -9.25447167e+00, -6.26490903e+00,
-4.41888811e+00, -3.10215081e+00, -1.99723026e+00, -1.30280291e+00,
-8.14055476e-01, -4.71110831e-01, -2.48093856e-01, -1.22707325e-01,
-6.15736454e-02, -3.14695247e-02, -1.52227178e-02, -6.16821459e-03,
-1.95040903e-03],
[ -2.59393220e+01, -1.64990582e+01, -1.12615455e+01, -7.44512014e+00,
-5.19994893e+00, -3.62327150e+00, -2.30511327e+00, -1.48814408e+00,
-9.38535771e-01, -5.51748958e-01, -2.94814508e-01, -1.48121779e-01,
-7.44389785e-02, -3.77651993e-02, -1.84099714e-02, -7.59343880e-03,
-2.42377887e-03],
[ -3.08287723e+01, -1.97803104e+01, -1.32450064e+01, -8.57690149e+00,
-5.91073477e+00, -4.09259753e+00, -2.57873031e+00, -1.64809358e+00,
-1.04550225e+00, -6.23163826e-01, -3.37697269e-01, -1.72002120e-01,
-8.66550783e-02, -4.36943675e-02, -2.14195257e-02, -8.97750316e-03,
-2.89167816e-03],
[ -3.56525098e+01, -2.30427477e+01, -1.52191855e+01, -9.68758376e+00,
-6.57300300e+00, -4.52325099e+00, -2.82888940e+00, -1.79112499e+00,
-1.13975977e+00, -6.87625335e-01, -3.77539146e-01, -1.94595280e-01,
-9.83909673e-02, -4.93880166e-02, -2.42867258e-02, -1.03232017e-02,
-3.35421598e-03],
[ -4.04433753e+01, -2.62844579e+01, -1.71880626e+01, -1.07885318e+01,
-7.20225850e+00, -4.92243868e+00, -3.06167104e+00, -1.92207192e+00,
-1.22444991e+00, -7.46581689e-01, -4.14873250e-01, -2.16081845e-01,
-1.09742434e-01, -5.49168175e-02, -2.70362375e-02, -1.16329722e-02,
-3.81149801e-03],
[ -4.52146359e+01, -2.95020543e+01, -1.91527988e+01, -1.18846379e+01,
-7.80946537e+00, -5.29504270e+00, -3.28070799e+00, -2.04393066e+00,
-1.30173698e+00, -8.01036832e-01, -4.50086229e-01, -2.36605117e-01,
-1.20768409e-01, -6.03212340e-02, -2.96874063e-02, -1.29090752e-02,
-4.26362764e-03],
[ -4.99728708e+01, -3.26922576e+01, -2.11136838e+01, -1.29780751e+01,
-8.40207602e+00, -5.64499841e+00, -3.48828815e+00, -2.15867661e+00,
-1.37316627e+00, -8.51728440e-01, -4.83472121e-01, -2.56282002e-01,
-1.31508109e-01, -6.56256045e-02, -3.22558732e-02, -1.41536164e-02,
-4.71070607e-03]]
fitNessAverage
[ 0.29636325, 0.29574408, 0.29551341, 0.29552487, 0.29529831, 0.29510036,
0.29515261, 0.29498907, 0.29487299, 0.29494491, 0.29490443, 0.29473924,
0.29443112, 0.2943373 , 0.29430237, 0.29471972, 0.29474192, 0.29470274,
0.2946775 , 0.2947262 , 0.29503218, 0.29526742, 0.29525651, 0.29546479,
0.29610594, 0.29567192, 0.2957905 , 0.29535351, 0.29500239, 0.29517485,
0.29801502, 0.29752945, 0.29737587, 0.29716281, 0.29653336, 0.29814517,
0.29941992, 0.30102228, 0.30150395, 0.30172715, 0.30208711, 0.30158672,
0.30215724, 0.30330424, 0.30369142, 0.3031667 , 0.30246601, 0.3025003 ,
0.30136968, 0.30096315, 0.30181429, 0.302167  ]
fitNessMax
[ 0.30402576, 0.30439345, 0.30654849, 0.3067358 , 0.30800448, 0.30800448,
0.30800448, 0.30723881, 0.30723881, 0.30762469, 0.30762469, 0.30762469,
0.3075957 , 0.3075957 , 0.3092399 , 0.3092399 , 0.31229587, 0.30663176,
0.30825785, 0.30825785, 0.30825785, 0.30825785, 0.30825785, 0.30825785,
0.30829086, 0.30829086, 0.30829086, 0.30829086, 0.30829086, 0.30829086,
0.3141145 , 0.31012055, 0.31012055, 0.31012055, 0.31012055, 0.31012055,
0.31012055, 0.30995288, 0.30995288, 0.30963981, 0.30975189, 0.30945503,
0.3121582 , 0.3121582 , 0.31220011, 0.31220011, 0.3121582 , 0.3121582 ,
0.3121582 , 0.30994227, 0.31259482, 0.31259482]
fitNessMin
[ 0.29251595, 0.28790526, 0.28790526, 0.2894571 , 0.28790629, 0.28850457,
0.28729225, 0.28729225, 0.28729225, 0.28729225, 0.28729225, 0.28192457,
0.28583104, 0.28731901, 0.28583611, 0.28727824, 0.28727824, 0.28623463,
0.28623463, 0.28730745, 0.28652722, 0.28652722, 0.28652722, 0.28610143,
0.28610143, 0.28610143, 0.28610143, 0.28629184, 0.28629184, 0.28422884,
0.28629184, 0.28604935, 0.28563824, 0.28563824, 0.28563824, 0.28811798,
0.28811798, 0.28897712, 0.28794945, 0.28794945, 0.28794945, 0.28677587,
0.28677587, 0.28966896, 0.28966896, 0.29002513, 0.29002513, 0.29002513,
0.28836579, 0.28836579, 0.29002513, 0.29002513]


Genetic fixed size Simulated Annealing
logR
[-2.94443898,-2.2512918 ,-1.84582669,-1.55814462,-1.33500107,-1.15267951,
-0.99852883,-0.86499744,-0.7472144 ,-0.64185389,-0.54654371,-0.45953233,
-0.37948962,-0.30538165,-0.23638878,-0.17185026,-0.11122564,-0.05406722,
0.        ]
IndexZero
10
Tq
[ -5.16428215, -5.06005017, -4.95365781, -4.84397148, -4.72922377,
-4.606595  , -4.47149791, -4.31665289, -4.13224297, -3.90953638,
-3.16056312,  0.        ,  2.84972207,  4.94382288,  6.66463449,
8.2463948 ,  9.78002703, 11.29144752, 12.78973201, 14.27892211,
15.76112369]
Dq
[ 0.4694802 , 0.50600502, 0.55040642, 0.60549644, 0.6756034 , 0.76776583,
0.89429958, 1.07916322, 1.37741432, 1.95476819, 3.16056312, 3.32267314,
2.84972207, 2.47191144, 2.22154483, 2.0615987 , 1.95600541, 1.88190792,
1.82710457, 1.78486526, 1.75123597]
lnMrq
[[  9.79208974e+01,  9.63701833e+01,  9.59843854e+01,  9.50188139e+01,
9.47027365e+01,  9.39889936e+01,  9.37235079e+01,  9.31864430e+01,
9.30269419e+01,  9.26311213e+01,  9.21868776e+01,  9.11051878e+01,
9.05144913e+01,  8.91394678e+01,  8.79091785e+01,  8.70612044e+01,
8.70600355e+01,  7.94746545e+01,  7.84034189e+01],
[  8.89341465e+01,  8.73836053e+01,  8.69976559e+01,  8.60321975e+01,
8.57160826e+01,  8.50023970e+01,  8.47368589e+01,  8.41999071e+01,
8.40402810e+01,  8.36443382e+01,  8.32000805e+01,  8.21186550e+01,
8.15279702e+01,  8.01537638e+01,  7.89253457e+01,  7.80766950e+01,
7.80743292e+01,  7.12009317e+01,  7.01423115e+01],
[  7.99478443e+01,  7.83976621e+01,  7.80114040e+01,  7.70461771e+01,
7.67299849e+01,  7.60164152e+01,  7.57507710e+01,  7.52140496e+01,
7.50541689e+01,  7.46579773e+01,  7.42136920e+01,  7.31327963e+01,
7.25421379e+01,  7.11696007e+01,  6.99449508e+01,  6.90949495e+01,
6.90901368e+01,  6.29372384e+01,  6.18963258e+01],
[  7.09624447e+01,  6.94130210e+01,  6.90261291e+01,  6.80613807e+01,
6.77450268e+01,  6.70316933e+01,  6.67658335e+01,  6.62295844e+01,
6.60691813e+01,  6.56724795e+01,  6.52281390e+01,  6.41483076e+01,
6.35577116e+01,  6.21886142e+01,  6.09715536e+01,  6.01188704e+01,
6.01090166e+01,  5.46883467e+01,  5.36715244e+01],
[  6.19788645e+01,  6.04310848e+01,  6.00428769e+01,  5.90791326e+01,
5.87624342e+01,  5.80495884e+01,  5.77832870e+01,  5.72480148e+01,
5.70865282e+01,  5.66887682e+01,  5.62443176e+01,  5.51666306e+01,
5.45761870e+01,  5.32142606e+01,  5.20124320e+01,  5.11544947e+01,
5.11341663e+01,  4.64610750e+01,  4.54755857e+01],
[  5.29989611e+01,  5.14548695e+01,  5.10638914e+01,  5.01023007e+01,
4.97848470e+01,  4.90730333e+01,  4.88058205e+01,  4.82725843e+01,
4.81088184e+01,  4.77088330e+01,  4.72641587e+01,  4.61908212e+01,
4.56007593e+01,  4.42539762e+01,  4.30823291e+01,  4.22144294e+01,
4.21722184e+01,  3.82649124e+01,  3.73176520e+01],
[  4.40265051e+01,  4.24910668e+01,  4.20941792e+01,  4.11373488e+01,
4.08181784e+01,  4.01086469e+01,  3.98395341e+01,  3.93105476e+01,
3.91419020e+01,  3.87371548e+01,  3.82920060e+01,  3.72276105e+01,
3.66385165e+01,  3.53240118e+01,  3.42100985e+01,  3.33247336e+01,
3.32371465e+01,  3.01125863e+01,  2.92079063e+01],
[  3.50691432e+01,  3.35551172e+01,  3.31456106e+01,  3.21997460e+01,
3.18765070e+01,  3.11723962e+01,  3.08992846e+01,  3.03789685e+01,
3.01996638e+01,  2.97845543e+01,  2.93382963e+01,  2.82927884e+01,
2.77060958e+01,  2.64597911e+01,  2.54474226e+01,  2.45367188e+01,
2.43591009e+01,  2.20203524e+01,  2.11571125e+01],
[  2.61422452e+01,  2.46840641e+01,  2.42490443e+01,  2.33298936e+01,
2.29967386e+01,  2.23067597e+01,  2.20251325e+01,  2.15208251e+01,
2.13178411e+01,  2.08801748e+01,  2.04308411e+01,  1.94271368e+01,
1.88458319e+01,  1.77349084e+01,  1.68718257e+01,  1.59393033e+01,
1.56050805e+01,  1.40081119e+01,  1.31765167e+01],
[  1.72759497e+01,  1.59677289e+01,  1.54948163e+01,  1.46458392e+01,
1.42905009e+01,  1.36400496e+01,  1.33395093e+01,  1.28554659e+01,
1.26003114e+01,  1.21178133e+01,  1.16583845e+01,  1.07518466e+01,
1.01795939e+01,  9.28961614e+00,  8.57910295e+00,  7.65824076e+00,
7.12654419e+00,  6.10586424e+00,  5.28320391e+00],
[  8.52686229e+00,  7.60785325e+00,  7.16511473e+00,  6.51843907e+00,
6.15111436e+00,  5.61447756e+00,  5.27740012e+00,  4.80287284e+00,
4.45026922e+00,  3.92612313e+00,  3.44617075e+00,  2.76253839e+00,
2.23537634e+00,  1.64093658e+00,  1.14422280e+00,  6.47103242e-01,
3.85262401e-01,  1.82321557e-01,  7.69610411e-02],
[  0.00000000e+00,  0.00000000e+00,  0.00000000e+00,  0.00000000e+00,
0.00000000e+00,  0.00000000e+00,  0.00000000e+00,  0.00000000e+00,
0.00000000e+00,  0.00000000e+00,  0.00000000e+00,  0.00000000e+00,
0.00000000e+00,  0.00000000e+00,  0.00000000e+00,  0.00000000e+00,
0.00000000e+00,  0.00000000e+00,  0.00000000e+00],
[ -8.06620217e+00, -5.90120391e+00, -4.69114013e+00, -3.58381549e+00,
-2.57823347e+00, -1.81417057e+00, -1.21578947e+00, -7.67064633e-01,
-4.59299277e-01, -2.58024146e-01, -1.36518022e-01, -7.20053799e-02,
-3.98920368e-02, -2.14942479e-02, -9.96538839e-03, -3.75427975e-03,
-1.20696496e-03, -3.26435774e-04, -7.24338733e-05],
[ -1.50781238e+01, -9.81157138e+00, -7.32307413e+00, -5.56304676e+00,
-3.82091183e+00, -2.64874395e+00, -1.73988622e+00, -1.09653470e+00,
-6.56692136e-01, -3.74007458e-01, -1.99993746e-01, -1.06283110e-01,
-5.91150027e-02, -3.21125353e-02, -1.49269266e-02, -5.62393136e-03,
-1.80664017e-03, -4.89332923e-04, -1.08604569e-04],
[ -2.08027509e+01, -1.31977488e+01, -9.45674223e+00, -7.06653197e+00,
-4.78349704e+00, -3.27081033e+00, -2.13617750e+00, -1.34621357e+00,
-8.11227289e-01, -4.67979814e-01, -2.53488097e-01, -1.34904213e-01,
-7.44967568e-02, -4.06599241e-02, -1.92494124e-02, -7.38777855e-03,
-2.39577156e-03, -6.51150638e-04, -1.44708008e-04],
[ -2.59496244e+01, -1.65051623e+01, -1.14886974e+01, -8.35868532e+00,
-5.61843639e+00, -3.79278601e+00, -2.46755437e+00, -1.55518379e+00,
-9.42408250e-01, -5.49432021e-01, -3.01328253e-01, -1.60669950e-01,
-8.79298933e-02, -4.81370137e-02, -2.32437380e-02, -9.09640992e-03,
-2.97845779e-03, -8.12324181e-04, -1.80762526e-04],
[ -3.09119388e+01, -1.97910240e+01, -1.34927815e+01, -9.54675105e+00,
-6.36772441e+00, -4.25231851e+00, -2.75582604e+00, -1.73743891e+00,
-1.05778679e+00, -6.22022454e-01, -3.45115900e-01, -1.84589377e-01,
-1.00203936e-01, -5.49303111e-02, -2.69895996e-02, -1.07555865e-02,
-3.55487124e-03, -9.72859268e-04, -2.16768214e-04],
[ -3.57965714e+01, -2.30634827e+01, -1.54873014e+01, -1.06859336e+01,
-7.05600058e+00, -4.66782512e+00, -3.01312366e+00, -1.90035699e+00,
-1.16161410e+00, -6.87894868e-01, -3.85724922e-01, -2.07141338e-01,
-1.11717077e-01, -6.12383281e-02, -3.05272010e-02, -1.23682481e-02,
-4.12512455e-03, -1.13275948e-03, -2.52725154e-04],
[ -4.06380130e+01, -2.63228500e+01, -1.74776918e+01, -1.18027034e+01,
-7.70182263e+00, -5.04996926e+00, -3.24713094e+00, -2.04847250e+00,
-1.25656684e+00, -7.48482660e-01, -4.23720557e-01, -2.28597127e-01,
-1.22690941e-01, -6.71805291e-02, -3.38855663e-02, -1.39369817e-02,
-4.68932714e-03, -1.29202835e-03, -2.88633428e-04],
[ -4.54513582e+01, -2.95677181e+01, -1.94657687e+01, -1.29090347e+01,
-8.31904389e+00, -5.40577071e+00, -3.46298218e+00, -2.18482788e+00,
-1.34444618e+00, -8.04802815e-01, -4.59507920e-01, -2.49132441e-01,
-1.33257587e-01, -7.28359553e-02, -3.70881493e-02, -1.54641973e-02,
-5.24758616e-03, -1.45066942e-03, -3.24493118e-04],
[ -5.02449042e+01, -3.27962331e+01, -2.14522181e+01, -1.40102476e+01,
-8.91742008e+00, -5.74037822e+00, -3.66423648e+00, -2.31158662e+00,
-1.42652744e+00, -8.57603130e-01, -4.93396354e-01, -2.68872212e-01,
-1.43499949e-01, -7.82601361e-02, -4.01544687e-02, -1.69521503e-02,
-5.80000662e-03, -1.60868616e-03, -3.60304304e-04]]

