BCAlgorithm
logR
[-2.30258509,-1.60943791,-1.2039728 ,-0.91629073,-0.69314718,-0.51082562,
-0.35667494,-0.22314355,-0.10536052, 0.        ]
IndexZero
10
Tq
[ -3.49679275e+01, -3.16676368e+01, -2.83677872e+01, -2.50688555e+01,
-2.17718716e+01, -1.84791507e+01, -1.51962519e+01, -1.19381082e+01,
-8.75215657e+00, -5.78634903e+00, -3.08220252e+00,  2.99624829e-18,
3.20637077e+00,  6.36531977e+00,  9.48102518e+00,  1.25633770e+01,
1.56196803e+01,  1.86551911e+01,  2.16737846e+01,  2.46784345e+01,
2.76715268e+01]
Dq
[ 3.1789025 , 3.16676368, 3.15197635, 3.13360693, 3.11026737, 3.07985846,
3.03925037, 2.98452705, 2.91738552, 2.89317451, 3.08220252, 3.2154241 ,
3.20637077, 3.18265989, 3.16034173, 3.14084425, 3.12393606, 3.10919852,
3.09625494, 3.08480431, 3.07461409]
lnMrq
[[  8.94766391e+01,  8.76576628e+01,  8.74750206e+01,  7.82416913e+01,
8.51719338e+01,  8.51719320e+01,  6.21460859e+01,  4.21312810e+01,
0.00000000e+00,  0.00000000e+00],
[  8.09600970e+01,  7.91413049e+01,  7.89583465e+01,  7.04190335e+01,
7.66547464e+01,  7.66547392e+01,  5.59314896e+01,  3.79181529e+01,
0.00000000e+00,  0.00000000e+00],
[  7.24442253e+01,  7.06258058e+01,  7.04422229e+01,  6.25980386e+01,
6.81375762e+01,  6.81375481e+01,  4.97169220e+01,  3.37050248e+01,
0.00000000e+00,  0.00000000e+00],
[  6.39297370e+01,  6.21120772e+01,  6.19272638e+01,  5.47808720e+01,
5.96204757e+01,  5.96203651e+01,  4.35024538e+01,  2.94918967e+01,
0.00000000e+00,  0.00000000e+00],
[  5.54181600e+01,  5.36020690e+01,  5.34148309e+01,  4.69728251e+01,
5.11036572e+01,  5.11032232e+01,  3.72883335e+01,  2.52787686e+01,
0.00000000e+00,  0.00000000e+00],
[  4.69129303e+01,  4.51001538e+01,  4.49080674e+01,  3.91872605e+01,
4.25879926e+01,  4.25862868e+01,  3.10754524e+01,  2.10656405e+01,
0.00000000e+00,  0.00000000e+00],
[  3.84225016e+01,  3.66170465e+01,  3.64146539e+01,  3.14582395e+01,
3.40771633e+01,  3.40703882e+01,  2.48671103e+01,  1.68525124e+01,
0.00000000e+00,  0.00000000e+00],
[  2.99712021e+01,  2.81837128e+01,  2.79550380e+01,  2.38674805e+01,
2.55876836e+01,  2.55598663e+01,  1.86760450e+01,  1.26393877e+01,
0.00000000e+00,  0.00000000e+00],
[  2.16434009e+01,  1.99142720e+01,  1.95932035e+01,  1.65759218e+01,
1.72030668e+01,  1.70801084e+01,  1.25530092e+01,  8.42648184e+00,
0.00000000e+00,  0.00000000e+00],
[  1.37151334e+01,  1.22370751e+01,  1.16019195e+01,  9.84120011e+00,
9.37346748e+00,  8.84457908e+00,  6.68892294e+00,  4.22803871e+00,
0.00000000e+00,  0.00000000e+00],
[  6.56103067e+00,  5.72358510e+00,  4.98360662e+00,  4.20469262e+00,
3.43398720e+00,  2.63905733e+00,  1.79175947e+00,  6.93147181e-01,
0.00000000e+00,  0.00000000e+00],
[  0.00000000e+00,  0.00000000e+00, -1.11022302e-16,  0.00000000e+00,
0.00000000e+00, -1.11022302e-16,  0.00000000e+00,  0.00000000e+00,
0.00000000e+00,  0.00000000e+00],
[ -6.33114191e+00, -5.39495162e+00, -4.36285166e+00, -3.50601671e+00,
-2.28944856e+00, -1.17756070e+00, -2.83817018e-01, -2.95955805e-02,
0.00000000e+00,  0.00000000e+00],
[ -1.25741449e+01, -1.06084625e+01, -8.46965997e+00, -6.76116228e+00,
-4.28488635e+00, -2.00648368e+00, -4.45308544e-01, -4.47284481e-02,
0.00000000e+00,  0.00000000e+00],
[ -1.87724198e+01, -1.56925116e+01, -1.24274187e+01, -9.88946034e+00,
-6.17240092e+00, -2.74397360e+00, -5.95673476e-01, -5.96424000e-02,
0.00000000e+00,  0.00000000e+00],
[ -2.49430498e+01, -2.06741728e+01, -1.62877144e+01, -1.29348951e+01,
-8.00105588e+00, -3.45231889e+00, -7.44799489e-01, -7.45530629e-02,
0.00000000e+00,  0.00000000e+00],
[ -3.10946099e+01, -2.55715871e+01, -2.00816662e+01, -1.59179553e+01,
-9.79088255e+00, -4.15053475e+00, -8.93782445e-01, -8.94636764e-02,
0.00000000e+00,  0.00000000e+00],
[ -3.72320105e+01, -3.03983422e+01, -2.38296514e+01, -1.88507313e+01,
-1.15532412e+01, -4.84507986e+00, -1.04274878e+00, -1.04374289e-01,
0.00000000e+00,  0.00000000e+00],
[ -4.33582615e+01, -3.51651944e+01, -2.75454461e+01, -2.17423990e+01,
-1.32957616e+01, -5.53826117e+00, -1.19171319e+00, -1.19284902e-01,
0.00000000e+00,  0.00000000e+00],
[ -4.94752829e+01, -3.98811642e+01, -3.12384825e+01, -2.46010162e+01,
-1.50238628e+01, -6.23092766e+00, -1.34067737e+00, -1.34195515e-01,
0.00000000e+00,  0.00000000e+00],
[ -5.55843314e+01, -4.45542585e+01, -3.49152576e+01, -2.74337939e+01,
-1.67414326e+01, -6.92339783e+00, -1.48964153e+00, -1.49106127e-01,
0.00000000e+00,  0.00000000e+00]]
FSBCAlgorithm
logR
[-2.30258509,-1.60943791,-1.2039728 ,-0.91629073,-0.69314718,-0.51082562,
-0.35667494,-0.22314355,-0.10536052, 0.        ]
IndexZero
10
Tq
[ -3.06770376, -3.06772791, -3.06777661, -3.06787599, -3.06808504,
-3.06855967, -3.06984273, -3.07453002, -3.09756251, -3.20494121,
-2.81241721,  0.        ,  3.15831058,  6.28312163,  9.37297126,
12.43411773, 15.47143219, 18.48874683, 21.48920531, 24.47542231,
27.44956815]
Dq
[ 0.27888216, 0.30677279, 0.34086407, 0.3834845 , 0.43829786, 0.51142661,
0.61396855, 0.76863251, 1.03252084, 1.6024706 , 2.81241721, 3.15482533,
3.15831058, 3.14156082, 3.12432375, 3.10852943, 3.09428644, 3.08145781,
3.06988647, 3.05942779, 3.04995202]
lnMrq
[[  8.97551405e+01,  8.80265436e+01,  8.75983346e+01,  8.67024435e+01,
8.61064312e+01,  8.54874517e+01,  8.48668371e+01,  8.42020556e+01,
8.34466143e+01,  8.17611917e+01],
[  8.12385052e+01,  7.95101577e+01,  7.90817868e+01,  7.81859185e+01,
7.75898912e+01,  7.69709038e+01,  7.63502689e+01,  7.56854800e+01,
7.49300861e+01,  7.32445134e+01],
[  7.27224447e+01,  7.09946056e+01,  7.05659039e+01,  6.96700825e+01,
6.90740241e+01,  6.84550208e+01,  6.78343453e+01,  6.71695442e+01,
6.64142453e+01,  6.47283654e+01],
[  6.42075710e+01,  6.24807786e+01,  6.20513933e+01,  6.11556689e+01,
6.05595448e+01,  5.99405083e+01,  5.93197523e+01,  5.86549352e+01,
5.78998265e+01,  5.62133093e+01],
[  5.56951946e+01,  5.39705863e+01,  5.35397634e+01,  5.26442431e+01,
5.20479753e+01,  5.14288685e+01,  5.08079528e+01,  5.01431288e+01,
4.93884003e+01,  4.77005342e+01],
[  4.71882543e+01,  4.54682888e+01,  4.50343541e+01,  4.41392703e+01,
4.35426710e+01,  4.29234095e+01,  4.23021757e+01,  4.16374124e+01,
4.08834387e+01,  3.91926264e+01],
[  3.86939223e+01,  3.69840596e+01,  3.65430286e+01,  3.56488925e+01,
3.50514590e+01,  3.44318270e+01,  3.38099469e+01,  3.31455171e+01,
3.23929953e+01,  3.06954237e+01],
[  3.02325410e+01,  2.85454475e+01,  2.80863842e+01,  2.71942788e+01,
2.65944164e+01,  2.59737305e+01,  2.53504374e+01,  2.46871912e+01,
2.39370691e+01,  2.22227805e+01],
[  2.18743026e+01,  2.02454795e+01,  1.97298541e+01,  1.88412664e+01,
1.82323854e+01,  1.76075410e+01,  1.69803122e+01,  1.63198204e+01,
1.55702034e+01,  1.38096318e+01],
[  1.38630020e+01,  1.24432841e+01,  1.17502309e+01,  1.08642116e+01,
1.02105981e+01,  9.56082980e+00,  8.91425732e+00,  8.24807439e+00,
7.46111830e+00,  5.55256408e+00],
[  6.60573801e+00,  5.77981129e+00,  5.08601855e+00,  4.36899838e+00,
3.69585010e+00,  3.01622584e+00,  2.32116148e+00,  1.59298327e+00,
7.74957556e-01,  9.33081771e-02],
[  0.00000000e+00,  0.00000000e+00,  0.00000000e+00,  0.00000000e+00,
0.00000000e+00,  0.00000000e+00,  0.00000000e+00,  0.00000000e+00,
0.00000000e+00,  0.00000000e+00],
[ -6.34468368e+00, -5.43553802e+00, -4.42520114e+00, -3.45222483e+00,
-2.44478122e+00, -1.46427101e+00, -6.16080269e-01, -1.30886813e-01,
-9.53137028e-03, -1.69196217e-04],
[ -1.25942814e+01, -1.06987133e+01, -8.56353796e+00, -6.54342735e+00,
-4.48855152e+00, -2.55377525e+00, -9.98180001e-01, -2.00074375e-01,
-1.43187721e-02, -2.53801132e-04],
[ -1.87979511e+01, -1.58386276e+01, -1.25273951e+01, -9.43215143e+00,
-6.33268642e+00, -3.48582654e+00, -1.31372014e+00, -2.60737471e-01,
-1.89003156e-02, -3.37922919e-04],
[ -2.49739322e+01, -2.08766727e+01, -1.63663064e+01, -1.21829878e+01,
-8.04891848e+00, -4.32611336e+00, -1.59675801e+00, -3.17622060e-01,
-2.33845667e-02, -4.21805360e-04],
[ -3.11310281e+01, -2.58268982e+01, -2.01084361e+01, -1.48309405e+01,
-9.67296218e+00, -5.10374744e+00, -1.85849869e+00, -3.71703479e-01,
-2.77830874e-02, -5.05452260e-04],
[ -3.72741742e+01, -3.07011015e+01, -2.37724417e+01, -1.73985582e+01,
-1.12262120e+01, -5.83467005e+00, -2.10401188e+00, -4.23392237e-01,
-3.21013373e-02, -5.88865507e-04],
[ -4.34063613e+01, -3.55099628e+01, -2.73719158e+01, -1.99018168e+01,
-1.27229106e+01, -6.52882402e+00, -2.33619759e+00, -4.72955221e-01,
-3.63437871e-02, -6.72046944e-04],
[ -4.95294832e+01, -4.02630983e+01, -3.09173452e+01, -2.23526204e+01,
-1.41731866e+01, -7.19296659e+00, -2.55700349e+00, -5.20599192e-01,
-4.05144396e-02, -7.54998389e-04],
[ -5.56447706e+01, -4.49689631e+01, -3.44170860e+01, -2.47600858e+01,
-1.55845796e+01, -7.83197031e+00, -2.76787535e+00, -5.66495224e-01,
-4.46169333e-02, -8.37721638e-04]]

SBAlgorithm
logR
[-2.30258509,-1.60943791,-1.2039728 ,-0.91629073,-0.69314718,-0.51082562,
-0.35667494,-0.22314355,-0.10536052, 0.        ]
IndexZero
10
Tq
[-33.18321252,-30.21378532,-27.23830406,-24.25557252,-21.2636998 ,
-18.25986838,-15.24125855,-12.20712162, -9.16026261, -6.10621803,
-3.05107393,  0.        ,  3.04309602,  6.07547015,  9.09542484,
12.10221352, 15.09589861, 18.07714052, 21.04695928, 24.0065265 ,
26.95701886]
Dq
[ 3.01665568, 3.02137853, 3.02647823, 3.03194656, 3.0376714 , 3.0433114 ,
3.04825171, 3.05178041, 3.05342087, 3.05310901, 3.05107393, 3.04763448,
3.04309602, 3.03773508, 3.03180828, 3.02555338, 3.01917972, 3.01285675,
3.00670847, 3.00081581, 2.99522432]
lnMrq
[[-26.06822859,-35.64620362,-44.23053955,-53.4896577 ,-62.5084321 ,
-73.17978723,-83.52251321,-91.69867501,-93.62159111,-93.68812162],
[-23.72627854,-32.47501095,-40.56513938,-49.09981962,-57.37307098,
-67.06119982,-76.41584502,-83.56491449,-85.11190481,-85.17102114],
[-21.37766677,-29.296329  ,-36.85815472,-44.66287092,-52.20472995,
-60.90827758,-69.26367928,-75.36885868,-76.60185243,-76.65392036],
[-19.02284343,-26.10915731,-33.09835382,-40.16309878,-46.98706211,
-54.70485874,-62.04536004,-67.11513674,-68.09147348,-68.13681928],
[-16.66221349,-22.91214382,-29.27369906,-35.58134181,-41.6945173 ,
-48.42579254,-54.73270896,-58.8123219 ,-59.58080225,-59.61971789],
[-14.29613631,-19.70345652,-25.37266561,-30.89674965,-36.28988695,
-42.03457672,-47.29435054,-50.47039702,-51.06986852,-51.10261621],
[-11.92492646,-16.48062036,-21.38561727,-26.09027625,-30.72750873,
-35.48691718,-39.70766657,-42.09867023,-42.55869827,-42.58551423],
[ -9.54885539,-13.24032424,-17.30560874,-21.14856498,-24.9678582 ,
-28.74608479,-31.97143687,-33.70474428,-34.04731413,-34.06841196],
[ -7.16815351, -9.9782206 ,-13.12833219,-16.06585341,-18.99657636,
-21.80244478,-24.10570081,-25.29435181,-25.5357359 ,-25.5513094 ],
[ -4.78301247, -6.68877231, -8.8515955 ,-10.84298804,-12.82731699,
-14.67568065,-16.1391345 ,-16.87162656,-17.02398094,-17.03420655],
[ -2.39358758, -3.36524731, -4.47499009, -5.48512219, -6.48652931,
-7.39815485, -8.09754981, -8.43948988, -8.5120645 , -8.51710342],
[  0.        ,  0.        ,  0.        ,  0.        ,  0.        ,
0.        ,  0.        ,  0.        ,  0.        ,  0.        ],
[  2.39766105,  3.41483844,  4.56975669,  5.60279111,  6.61071982,
7.49530113,  8.14042256,  8.4453803 ,  8.51220069,  8.5171037 ],
[  4.79933627,  6.88627479,  9.2285891 , 11.31224591, 13.32738055,
15.06992643, 16.31473063, 16.89559427, 17.02452707, 17.03420768],
[  7.20499432, 10.41923603, 13.96922503, 17.1165444 , 20.13406176,
22.71003658, 24.51655685, 25.34986226, 25.53696981, 25.55131194],
[  9.61463005, 14.01568133, 18.7835333 , 23.00381151, 27.01691666,
30.4046649 , 32.74120918, 33.80759556, 34.04952062, 34.06841647],
[ 12.02826266, 17.67442829, 23.66320779, 28.96278953, 33.96415821,
38.14505221, 40.98510825, 42.26833903, 42.56217208, 42.58552128],
[ 14.44593396, 21.39171081, 28.60026709, 34.98327049, 40.96596286,
45.92418673, 49.24545003, 50.73173279, 51.07491756, 51.10262635],
[ 16.86770651, 25.16212955, 33.58735667, 41.0562867 , 48.01425389,
53.73644068, 57.51999435, 59.19748622, 59.58775109, 59.6197317 ],
[ 19.29366178, 28.97958517, 38.61790026, 47.17412907, 55.1024296 ,
61.57727419, 65.8069248 , 67.66536024, 68.10066732, 68.13683731],
[ 21.72389806, 32.83796161, 43.68614982, 53.33026554, 62.22509386,
69.44299892, 74.10475075, 76.13515487, 76.61366139, 76.65394319]]


SandBox Genetic
logR
[-2.30258509,-1.60943791,-1.2039728 ,-0.91629073,-0.69314718,-0.51082562,
-0.35667494,-0.22314355,-0.10536052, 0.        ]
IndexZero
10
Tq
[-33.15892659,-30.18979584,-27.21498512,-24.23344334,-21.24355673,
-18.24275571,-15.22811846,-12.19825255, -9.15508113, -6.10363637,
-3.05009251,  0.        ,  3.04237675,  6.07408086,  9.09334733,
12.09946647, 15.09258629, 18.07344888, 21.04311763, 24.00275796,
26.95349725]
Dq
[ 3.01444787, 3.01897958, 3.02388724, 3.02918042, 3.03479382, 3.04045929,
3.04562369, 3.04956314, 3.05169371, 3.05181818, 3.05009251, 3.04683285,
3.04237675, 3.03704043, 3.03111578, 3.02486662, 3.01851726, 3.01224148,
3.00615966, 3.00034475, 2.99483303]
lnMrq
[[-26.08764022,-35.62035455,-44.16859271,-53.15769482,-62.35904468,
-73.24902956,-83.3250008 ,-91.54046892,-93.61501295,-93.68797361],
[-23.74277176,-32.45083414,-40.5108766 ,-48.82026163,-57.2290351 ,
-67.08495153,-76.22405784,-83.43694332,-85.10623299,-85.1708869 ],
[-21.39155412,-29.27398359,-36.80998944,-44.43019893,-52.06523305,
-60.88944269,-69.08071562,-75.26944688,-76.59700026,-76.65379982],
[-19.03441283,-26.08881228,-33.05469982,-39.97208973,-46.8521153 ,
-54.6488675 ,-61.87653968,-67.04075016,-68.08736498,-68.13671237],
[-16.67172521,-22.89397725,-29.23332968,-35.4275328 ,-41.56586556,
-48.3419671 ,-54.58531578,-58.75840726,-59.57737073,-59.61962456],
[-14.30382159,-19.68765173,-25.33512589,-30.77648904,-36.17198368,
-41.93710042,-47.17559792,-50.43234406,-51.06705539,-51.1025364 ],
[-11.93098728,-16.46735636,-21.35145311,-26.00018281,-30.62729466,
-35.39330366,-39.62103328,-42.07247067,-42.55645188,-42.58544787],
[ -9.553465  ,-13.22975688,-17.27620228,-21.08482085,-24.89173207,
-28.67130251,-31.91441437,-33.68724671,-34.04558893,-34.06835899],
[ -7.1714574 , -9.97045089,-13.10535514,-16.02408673,-18.94619679,
-21.75253276,-24.07165889,-25.28323391,-25.53449163,-25.55126977],
[ -4.78512957, -6.68380165, -8.83631906,-10.81882892,-12.79910846,
-14.64803051,-16.12107008,-16.86524197,-17.02318193,-17.03418019],
[ -2.39461145, -3.36292737, -4.46774632, -5.47471577, -6.47492214,
-7.38693182, -8.09020525, -8.4366938 , -8.51167907, -8.51709027],
[  0.        ,  0.        ,  0.        ,  0.        ,  0.        ,
0.        ,  0.        ,  0.        ,  0.        ,  0.        ],
[  2.39863875,  3.41301111,  4.5641974 ,  5.59551585,  6.60299341,
7.48783383,  8.135169  ,  8.44313679,  8.51184038,  8.51709061],
[  4.80126782,  6.88316948,  9.21954265, 11.300773  , 13.31495544,
15.05768312, 16.30558137, 16.89149913, 17.02382887, 17.03418155],
[  7.20787759, 10.41527854, 13.95860164, 17.10380018, 20.11933579,
22.69506526, 24.50447021, 25.34420032, 25.53595382, 25.55127283],
[  9.61848404, 14.01098689, 18.77270821, 22.99235363, 27.00174593,
30.38860811, 32.72691432, 33.8005801 , 34.04820486, 34.06836444],
[ 12.03312718, 17.66870112, 23.65291129, 28.9546443 , 33.94990767,
38.12926458, 40.96918758, 42.26013507, 42.56057276, 42.58545638],
[ 14.45186932, 21.38427983, 28.59069496, 34.97990142, 40.95357631,
45.90979838, 49.22838058, 50.7224722 , 51.07304927, 51.10254865],
[ 16.87479328, 25.15209207, 33.57840158, 41.05867821, 48.0043518 ,
53.72439847, 57.50217153, 59.18727761, 59.58562704, 59.61964124],
[ 19.3020005 , 28.96598509, 38.60941333, 47.18293239, 55.09542459,
61.56837457, 65.78867821, 67.65429541, 68.09829944, 68.13673416],
[ 21.73360882, 32.81993591, 43.6781773 , 53.34595712, 62.22130956,
69.43791803, 74.08635607, 76.12331312, 76.61106051, 76.6538274 ]]
fitNessAverage
[ 52.34959257, 52.35361693, 52.35612587, 52.35702357, 52.34750079,
52.3354292 , 52.32654129, 52.32411226, 52.32100179, 52.31894482,
52.32278554, 52.3246534 , 52.32542822, 52.32189186, 52.32855106,
52.33053018, 52.32913355, 52.32657337, 52.32060868, 52.32591589,
52.32089721, 52.31675   , 52.30510634, 52.30191224, 52.29693103,
52.2996399 , 52.30265256, 52.30529573, 52.3007499 , 52.30580099]
fitNessMax
[ 52.40780848, 52.45695101, 52.44972236, 52.45185098, 52.43892562,
52.41653274, 52.43414765, 52.48736113, 52.48855099, 52.41384217,
52.43916743, 52.45398674, 52.45398674, 52.42898825, 52.45874918,
52.45874918, 52.44128046, 52.42988762, 52.42898825, 52.4329642 ,
52.4329642 , 52.4329642 , 52.42693919, 52.45361518, 52.41802407,
52.41963274, 52.41963274, 52.42773319, 52.42773319, 52.42773319]
fitNessMin
[ 52.30263882, 52.25733106, 52.25733106, 52.26475475, 52.19878647,
52.20348734, 52.20424428, 52.20424428, 52.20210537, 52.20210537,
52.17497507, 52.17497507, 52.17497507, 52.17497507, 52.17497507,
52.17497507, 52.21292304, 52.19765899, 52.19765899, 52.19765899,
52.19765899, 52.19268474, 52.19183432, 52.19183432, 52.19183432,
52.19183432, 52.19795462, 52.19795462, 52.16376905, 52.19208481]


SandBox Simulated Annealing
logR
[-2.30258509,-1.60943791,-1.2039728 ,-0.91629073,-0.69314718,-0.51082562,
-0.35667494,-0.22314355,-0.10536052, 0.        ]
IndexZero
10
Tq
[-33.10166887,-30.14529764,-27.18223396,-24.21113436,-21.23012302,
-18.23624268,-15.22611269,-12.19828898, -9.15543388, -6.10368185,
-3.04994641,  0.        ,  3.0419357 ,  6.07299548,  9.09147459,
12.09669039, 15.08881093, 18.06861799, 21.03724822, 23.99597303,
26.94604803]
Dq
[ 3.00924262, 3.01452976, 3.02024822, 3.02639179, 3.03287472, 3.03937378,
3.04522254, 3.04957224, 3.05181129, 3.05184092, 3.04994641, 3.04652342,
3.0419357 , 3.03649774, 3.03049153, 3.0241726 , 3.01776219, 3.01143633,
3.00532117, 2.99949663, 2.99400534]
lnMrq
[[-26.07295955,-35.63274536,-44.00530224,-52.84437448,-61.92790101,
-72.54611018,-83.02840253,-91.49343926,-93.61678071,-93.68802988],
[-23.73180998,-32.46422376,-40.36403156,-48.55136238,-56.85621853,
-66.51956681,-75.98305288,-83.41070883,-85.10788725,-85.17093818],
[-21.38354603,-29.28803122,-36.68460805,-44.21292838,-51.75444571,
-60.45608642,-68.89696042,-75.25892092,-76.59852107,-76.65384608],
[-19.02870687,-26.10315128,-32.95508555,-39.81110144,-46.6074282 ,
-54.33939368,-61.74956683,-67.04041166,-68.08873741,-68.13675358],
[-16.66777587,-22.90821094,-29.16183279,-35.32263254,-41.39044836,
-48.14412511,-54.51069704,-58.76348742,-59.57858393,-59.61966071],
[-14.30118013,-19.7013495 ,-25.29102811,-30.72092346,-36.06494434,
-41.83245066,-47.14322562,-50.43944449,-51.06810176,-51.10256744],
[-11.92929174,-16.48005162,-21.33065533,-25.98126654,-30.5790984 ,
-35.35602407,-39.61601135,-42.07954598,-42.55732648,-42.5854738 ],
[ -9.55243041,-13.24094932,-17.27208569,-21.08755522,-24.88298309,
-28.67169824,-31.92186328,-33.69325552,-34.04628886,-34.06837978],
[ -7.1708666 , -9.97961603,-13.11044999,-16.03558825,-18.95487339,
-21.76584312,-24.08149446,-25.28775316,-25.53501565,-25.55128539],
[ -4.78482503, -6.6904093 , -8.8439495 ,-10.83050652,-12.80996183,
-14.66040365,-16.12860084,-16.86817786,-17.02353004,-17.03419062],
[ -2.39448824, -3.36646663, -4.47301789, -5.48176444, -6.4812452 ,
-7.39346456, -8.09400938, -8.43810438, -8.51185227, -8.51709549],
[  0.        ,  0.        ,  0.        ,  0.        ,  0.        ,
0.        ,  0.        ,  0.        ,  0.        ,  0.        ],
[  2.39853143,  3.41698324,  4.57076161,  5.6035569 ,  6.60927377,
7.49375238,  8.13864544,  8.44442126,  8.51201132,  8.51709585],
[  4.80103024,  6.89154934,  9.23292589, 11.31684005, 13.32688306,
15.06863447, 16.31212686, 16.89394929, 17.02416814, 17.03419206],
[  7.20745016, 10.42857665, 13.9785242 , 17.12710329, 20.13603195,
22.7101436 , 24.51368558, 25.34771058, 25.53645851, 25.55128863],
[  9.61777179, 14.02985196, 18.79862006, 23.02155748, 27.02219151,
30.40692674, 32.73842848, 33.80505835, 34.04887193, 34.06838554],
[ 12.03199997, 17.69392358, 23.68401547, 28.98808158, 33.97299566,
38.14995285, 40.98266214, 42.26550101, 42.56139907, 42.5854828 ],
[ 14.45016126, 21.41671663, 28.62582175, 35.015715  , 40.97813206,
45.93199093, 49.24351126, 50.72865525, 51.07403169, 51.10258041],
[ 16.87230135, 25.1925427 , 33.61583364, 41.09487578, 48.02912036,
53.74722195, 57.51868794, 59.19421503, 59.58676242, 59.61967835],
[ 19.29848262, 29.01507261, 38.6467247 , 47.21737338, 55.11902993,
61.59093215, 65.80634215, 67.6619308 , 68.09958471, 68.13677664],
[ 21.72878143, 32.87803375, 43.71211029, 53.37630477, 62.24219588,
69.45927232, 74.10495865, 76.13159524, 76.61249268, 76.65387525]]


BoxCounting Genetic
logR
[-2.39789527,-1.70474809,-1.29928298,-1.01160091,-0.78845736,-0.6061358 ,
-0.45198512,-0.31845373,-0.2006707 ,-0.09531018, 0.        ]
IndexZero
10
Tq
[-15.30775597,-14.07002193,-12.83223666,-11.59435591,-10.35631476,
-9.11808997, -7.88014111, -6.64593794, -5.43580599, -4.34111021,
-2.94765306,  0.        ,  3.10525722,  6.1511848 ,  9.1513994 ,
12.11659886, 15.05391581, 17.96863003, 20.86488506, 23.74598464,
26.61455371]
Dq
[ 1.39161418, 1.40700219, 1.42580407, 1.44929449, 1.47947354, 1.51968166,
1.57602822, 1.66148449, 1.81193533, 2.1705551 , 2.94765306, 3.13136067,
3.10525722, 3.0755924 , 3.05046647, 3.02914972, 3.01078316, 2.99477167,
2.98069787, 2.96824808, 2.95717263]
lnMrq
[[  8.97745106e+01,  8.80652887e+01,  8.76423321e+01,  8.67618020e+01,
8.60396423e+01,  8.54501518e+01,  8.47869523e+01,  8.44384423e+01,
8.33397254e+01,  8.05687299e+01,  0.00000000e+00],
[  8.12578384e+01,  7.95488735e+01,  7.91257545e+01,  7.82452530e+01,
7.75230702e+01,  7.69335583e+01,  7.62704503e+01,  7.59217405e+01,
7.48229164e+01,  7.20535178e+01,  0.00000000e+00],
[  7.27417035e+01,  7.10332628e+01,  7.06098104e+01,  6.97293677e+01,
6.90071424e+01,  6.84175882e+01,  6.77546572e+01,  6.74055546e+01,
6.63065105e+01,  6.35403087e+01,  0.00000000e+00],
[  6.42266791e+01,  6.25193181e+01,  6.20951712e+01,  6.12148510e+01,
6.04925529e+01,  5.99029156e+01,  5.92403205e+01,  5.88904515e+01,
5.77909517e+01,  5.50311366e+01,  0.00000000e+00],
[  5.57139958e+01,  5.40088896e+01,  5.35832662e+01,  5.27032043e+01,
5.19807989e+01,  5.13909999e+01,  5.07290237e+01,  5.03776748e+01,
4.92772177e+01,  4.65300909e+01,  0.00000000e+00],
[  4.72064247e+01,  4.55061184e+01,  4.50772519e+01,  4.41977400e+01,
4.34752418e+01,  4.28851325e+01,  4.22242394e+01,  4.18700651e+01,
4.07675673e+01,  3.80452954e+01,  0.00000000e+00],
[  3.87107807e+01,  3.70209384e+01,  3.65845490e+01,  3.57062038e+01,
3.49839073e+01,  3.43932046e+01,  3.37340236e+01,  3.33744858e+01,
3.22675896e+01,  2.95923877e+01,  0.00000000e+00],
[  3.02466375e+01,  2.85803756e+01,  2.81246352e+01,  2.72486202e+01,
2.65278949e+01,  2.59359613e+01,  2.52788478e+01,  2.49088338e+01,
2.37925564e+01,  2.11995288e+01,  0.00000000e+00],
[  2.18827493e+01,  2.02758406e+01,  1.97599798e+01,  1.88871968e+01,
1.81720425e+01,  1.75760561e+01,  1.69189151e+01,  1.65251574e+01,
1.53905743e+01,  1.29123304e+01,  0.00000000e+00],
[  1.38629425e+01,  1.24610922e+01,  1.17611325e+01,  1.08867547e+01,
1.01731552e+01,  9.54848447e+00,  8.87858577e+00,  8.40548450e+00,
7.24237512e+00,  4.80947094e+00,  0.00000000e+00],
[  6.60256075e+00,  5.78188484e+00,  5.08034791e+00,  4.36780093e+00,
3.69610330e+00,  3.01749377e+00,  2.32630162e+00,  1.60743591e+00,
6.78033543e-01,  4.87901642e-02,  0.00000000e+00],
[  0.00000000e+00,  0.00000000e+00,  0.00000000e+00,  0.00000000e+00,
0.00000000e+00,  0.00000000e+00,  0.00000000e+00,  0.00000000e+00,
0.00000000e+00,  0.00000000e+00,  0.00000000e+00],
[ -6.34137704e+00, -5.42949797e+00, -4.41923955e+00, -3.44666131e+00,
-2.44164682e+00, -1.44661790e+00, -5.95433753e-01, -1.17691090e-01,
-6.72282121e-03, -7.19081853e-05,  0.00000000e+00],
[ -1.25882254e+01, -1.06834494e+01, -8.55108819e+00, -6.51824019e+00,
-4.46312928e+00, -2.50335846e+00, -9.60267865e-01, -1.79627079e-01,
-1.00973791e-02, -1.07864217e-04,  0.00000000e+00],
[ -1.87893088e+01, -1.58133557e+01, -1.25046435e+01, -9.37308512e+00,
-6.26496274e+00, -3.39641696e+00, -1.26173370e+00, -2.34961068e-01,
-1.33985618e-02, -1.43727462e-04,  0.00000000e+00],
[ -2.49626931e+01, -2.08426533e+01, -1.63278383e+01, -1.20785731e+01,
-7.91948015e+00, -4.19160532e+00, -1.53197865e+00, -2.87470603e-01,
-1.66669474e-02, -1.79544952e-04,  0.00000000e+00],
[ -3.11171338e+01, -2.57872638e+01, -2.00486384e+01, -1.46727409e+01,
-9.46525335e+00, -4.91674482e+00, -1.78114984e+00, -3.37776223e-01,
-1.99040983e-02, -2.15316847e-04,  0.00000000e+00],
[ -3.72575541e+01, -3.06603611e+01, -2.36866495e+01, -1.71815661e+01,
-1.09285409e+01, -5.58750466e+00, -2.01372066e+00, -3.86113636e-01,
-2.31106684e-02, -2.51043226e-04,  0.00000000e+00],
[ -4.33869395e+01, -3.54732733e+01, -2.72572680e+01, -1.96246792e+01,
-1.23293214e+01, -6.21470117e+00, -2.23224473e+00, -4.32644068e-01,
-2.62872702e-02, -2.86724167e-04,  0.00000000e+00],
[ -4.95071785e+01, -4.02355391e+01, -3.07732477e+01, -2.20173682e+01,
-1.36831689e+01, -6.80665062e+00, -2.43847329e+00, -4.77502168e-01,
-2.94345005e-02, -3.22359748e-04,  0.00000000e+00],
[ -5.56194964e+01, -4.49549862e+01, -3.42452682e+01, -2.43714718e+01,
-1.50020441e+01, -7.37001016e+00, -2.63375054e+00, -5.20806304e-01,
-3.25529412e-02, -3.57950045e-04,  0.00000000e+00]]
fitNessAverage
[ 52.2658573 , 52.26550258, 52.26621396, 52.27385372, 52.28065985,
52.28157487, 52.28187909, 52.28458173, 52.28554319, 52.28608235,
52.28704538, 52.2920301 , 52.296032  , 52.29939816, 52.28802127,
52.28924824, 52.28175714, 52.27020714, 52.26723884, 52.26475872,
52.26034024, 52.25840973, 52.25951055, 52.25479515, 52.25887515,
52.26534641, 52.26571244, 52.27108575, 52.27670187, 52.28005588,
52.28448823, 52.27514499, 52.27938796]
fitNessMax
[ 52.32674126, 52.35173888, 52.35173888, 52.42413913, 52.42435082,
52.42435082, 52.42435082, 52.42435082, 52.42435082, 52.41122562,
52.42136771, 52.4990301 , 52.4990301 , 52.4437375 , 52.4437375 ,
52.39571696, 52.41072428, 52.39571696, 52.39571696, 52.40040988,
52.39571696, 52.39571696, 52.38345752, 52.38345752, 52.38345752,
52.39933582, 52.39933582, 52.43515959, 52.43515959, 52.43515959,
52.41254619, 52.39080259, 52.39114991]
fitNessMin
[ 52.13723573, 52.13723573, 52.14601945, 52.15022165, 52.15022165,
52.15151086, 52.15151086, 52.15615626, 52.15615626, 52.15615626,
52.15615626, 52.1400759 , 52.1400759 , 52.1400759 , 52.13711779,
52.13711779, 52.17527364, 52.11561935, 52.11561935, 52.11561935,
52.11561935, 52.11561935, 52.11561935, 52.11561935, 52.12567077,
52.12567077, 52.12567077, 52.12567077, 52.1590182 , 52.1590182 ,
52.1590182 , 52.15644966, 52.15644966]


BoxCounting Simulated Annealing
logR
[-2.39789527,-1.70474809,-1.29928298,-1.01160091,-0.78845736,-0.6061358 ,
-0.45198512,-0.31845373,-0.2006707 ,-0.09531018, 0.        ]
IndexZero
10
Tq
[-15.30775597,-14.07002193,-12.83223666,-11.59435591,-10.35631476,
-9.11808997, -7.88014111, -6.64593794, -5.43580599, -4.34111021,
-2.94765306,  0.        ,  3.10525722,  6.1511848 ,  9.1513994 ,
12.11659886, 15.05391581, 17.96863003, 20.86488506, 23.74598464,
26.61455371]
Dq
[ 1.39161418, 1.40700219, 1.42580407, 1.44929449, 1.47947354, 1.51968166,
1.57602822, 1.66148449, 1.81193533, 2.1705551 , 2.94765306, 3.13136067,
3.10525722, 3.0755924 , 3.05046647, 3.02914972, 3.01078316, 2.99477167,
2.98069787, 2.96824808, 2.95717263]
lnMrq
[[  8.97745106e+01,  8.80652887e+01,  8.76423321e+01,  8.67618020e+01,
8.60396423e+01,  8.54501518e+01,  8.47869523e+01,  8.44384423e+01,
8.33397254e+01,  8.05687299e+01,  0.00000000e+00],
[  8.12578384e+01,  7.95488735e+01,  7.91257545e+01,  7.82452530e+01,
7.75230702e+01,  7.69335583e+01,  7.62704503e+01,  7.59217405e+01,
7.48229164e+01,  7.20535178e+01,  0.00000000e+00],
[  7.27417035e+01,  7.10332628e+01,  7.06098104e+01,  6.97293677e+01,
6.90071424e+01,  6.84175882e+01,  6.77546572e+01,  6.74055546e+01,
6.63065105e+01,  6.35403087e+01,  0.00000000e+00],
[  6.42266791e+01,  6.25193181e+01,  6.20951712e+01,  6.12148510e+01,
6.04925529e+01,  5.99029156e+01,  5.92403205e+01,  5.88904515e+01,
5.77909517e+01,  5.50311366e+01,  0.00000000e+00],
[  5.57139958e+01,  5.40088896e+01,  5.35832662e+01,  5.27032043e+01,
5.19807989e+01,  5.13909999e+01,  5.07290237e+01,  5.03776748e+01,
4.92772177e+01,  4.65300909e+01,  0.00000000e+00],
[  4.72064247e+01,  4.55061184e+01,  4.50772519e+01,  4.41977400e+01,
4.34752418e+01,  4.28851325e+01,  4.22242394e+01,  4.18700651e+01,
4.07675673e+01,  3.80452954e+01,  0.00000000e+00],
[  3.87107807e+01,  3.70209384e+01,  3.65845490e+01,  3.57062038e+01,
3.49839073e+01,  3.43932046e+01,  3.37340236e+01,  3.33744858e+01,
3.22675896e+01,  2.95923877e+01,  0.00000000e+00],
[  3.02466375e+01,  2.85803756e+01,  2.81246352e+01,  2.72486202e+01,
2.65278949e+01,  2.59359613e+01,  2.52788478e+01,  2.49088338e+01,
2.37925564e+01,  2.11995288e+01,  0.00000000e+00],
[  2.18827493e+01,  2.02758406e+01,  1.97599798e+01,  1.88871968e+01,
1.81720425e+01,  1.75760561e+01,  1.69189151e+01,  1.65251574e+01,
1.53905743e+01,  1.29123304e+01,  0.00000000e+00],
[  1.38629425e+01,  1.24610922e+01,  1.17611325e+01,  1.08867547e+01,
1.01731552e+01,  9.54848447e+00,  8.87858577e+00,  8.40548450e+00,
7.24237512e+00,  4.80947094e+00,  0.00000000e+00],
[  6.60256075e+00,  5.78188484e+00,  5.08034791e+00,  4.36780093e+00,
3.69610330e+00,  3.01749377e+00,  2.32630162e+00,  1.60743591e+00,
6.78033543e-01,  4.87901642e-02,  0.00000000e+00],
[  0.00000000e+00,  0.00000000e+00,  0.00000000e+00,  0.00000000e+00,
0.00000000e+00,  0.00000000e+00,  0.00000000e+00,  0.00000000e+00,
0.00000000e+00,  0.00000000e+00,  0.00000000e+00],
[ -6.34137704e+00, -5.42949797e+00, -4.41923955e+00, -3.44666131e+00,
-2.44164682e+00, -1.44661790e+00, -5.95433753e-01, -1.17691090e-01,
-6.72282121e-03, -7.19081853e-05,  0.00000000e+00],
[ -1.25882254e+01, -1.06834494e+01, -8.55108819e+00, -6.51824019e+00,
-4.46312928e+00, -2.50335846e+00, -9.60267865e-01, -1.79627079e-01,
-1.00973791e-02, -1.07864217e-04,  0.00000000e+00],
[ -1.87893088e+01, -1.58133557e+01, -1.25046435e+01, -9.37308512e+00,
-6.26496274e+00, -3.39641696e+00, -1.26173370e+00, -2.34961068e-01,
-1.33985618e-02, -1.43727462e-04,  0.00000000e+00],
[ -2.49626931e+01, -2.08426533e+01, -1.63278383e+01, -1.20785731e+01,
-7.91948015e+00, -4.19160532e+00, -1.53197865e+00, -2.87470603e-01,
-1.66669474e-02, -1.79544952e-04,  0.00000000e+00],
[ -3.11171338e+01, -2.57872638e+01, -2.00486384e+01, -1.46727409e+01,
-9.46525335e+00, -4.91674482e+00, -1.78114984e+00, -3.37776223e-01,
-1.99040983e-02, -2.15316847e-04,  0.00000000e+00],
[ -3.72575541e+01, -3.06603611e+01, -2.36866495e+01, -1.71815661e+01,
-1.09285409e+01, -5.58750466e+00, -2.01372066e+00, -3.86113636e-01,
-2.31106684e-02, -2.51043226e-04,  0.00000000e+00],
[ -4.33869395e+01, -3.54732733e+01, -2.72572680e+01, -1.96246792e+01,
-1.23293214e+01, -6.21470117e+00, -2.23224473e+00, -4.32644068e-01,
-2.62872702e-02, -2.86724167e-04,  0.00000000e+00],
[ -4.95071785e+01, -4.02355391e+01, -3.07732477e+01, -2.20173682e+01,
-1.36831689e+01, -6.80665062e+00, -2.43847329e+00, -4.77502168e-01,
-2.94345005e-02, -3.22359748e-04,  0.00000000e+00],
[ -5.56194964e+01, -4.49549862e+01, -3.42452682e+01, -2.43714718e+01,
-1.50020441e+01, -7.37001016e+00, -2.63375054e+00, -5.20806304e-01,
-3.25529412e-02, -3.57950045e-04,  0.00000000e+00]]


Execution time

Box Counting	Box Counting Fixed	SandBox	Genetic SandBox	Simulated SandBox	Genetic BCFS	Simulated BCFS
[  51376.11504388,  51170.57629585,  20771.54932714,  74359.39607   ,
58187.32227397,  81362.39872193,  59606.94651604, 130923.67837596,
59385.08657193]
Fractal dimension
3.04809829865
