PercentOfNodes
[ 0. , 0.1, 0.2, 0.3, 0.4, 0.5, 0.6, 0.7, 0.8, 0.9]

RandomAttack
Tq
[[ 3.29459621, 3.29780168, 3.30079182, 3.3031914 , 3.30497051, 3.30681359,
   3.3098694 , 3.31336727, 3.31454391, 3.30360921, 3.25087913, 3.1813435 ,
   3.1212886 , 3.07110478, 3.02817695, 2.99051772, 2.95681166, 2.92619691,
   2.89811315, 2.87221438, 2.84830696],
 [ 3.0569235 , 3.05847319, 3.06043788, 3.06309571, 3.06656364, 3.07032067,
   3.07375457, 3.07867348, 3.08598447, 3.08933926, 3.04635858, 2.97063919,
   2.90599324, 2.85282544, 2.80775607, 2.76853179, 2.73382273, 2.70283702,
   2.67506304, 2.65012613, 2.62771852],
 [ 2.61363208, 2.63306873, 2.65624153, 2.68399551, 2.71732576, 2.75794947,
   2.80955951, 2.87750645, 2.96579176, 3.06517804, 3.11034198, 3.08331148,
   3.03927684, 2.99675738, 2.95830082, 2.92381434, 2.89291182, 2.86524607,
   2.84050768, 2.81840052, 2.79863768],
 [ 2.33742632, 2.35633971, 2.37939326, 2.40797722, 2.44413735, 2.49119263,
   2.55408256, 2.63836294, 2.74990068, 2.87109921, 2.91200101, 2.87809206,
   2.82978678, 2.78356267, 2.74197592, 2.70493031, 2.67193442, 2.64252712,
   2.61631662, 2.59295728, 2.57213375],
 [ 2.55382643, 2.56056302, 2.56833444, 2.57741833, 2.58806294, 2.60061826,
   2.61567281, 2.63367954, 2.65391309, 2.66753418, 2.64701708, 2.59254669,
   2.53296792, 2.47864985, 2.4305702 , 2.38813413, 2.35072487, 2.3178233 ,
   2.28894127, 2.26359586, 2.24132238],
 [ 2.3630953 , 2.36468838, 2.36644578, 2.36841414, 2.37068887, 2.37336505,
   2.37641801, 2.37948725, 2.38071237, 2.37140072, 2.33354519, 2.27388273,
   2.21388692, 2.16060289, 2.11421915, 2.07382828, 2.0385629 , 2.00769688,
   1.98062227, 1.95682436, 1.93586209],
 [ 2.02271199, 2.02927012, 2.03642384, 2.04418664, 2.05251225, 2.0612116 ,
   2.0697751 , 2.07702978, 2.08062371, 2.07682221, 2.0621672 , 2.03701847,
   2.00586069, 1.97344148, 1.94242778, 1.91376304, 1.88760497, 1.86388217,
   1.84249363, 1.82333309, 1.80626782],
 [ 1.30474892, 1.30982319, 1.31558708, 1.32208998, 1.32931042, 1.33708412,
   1.34499281, 1.35221264, 1.35737736, 1.35867991, 1.35457239, 1.34486343,
   1.33101188, 1.31516841, 1.29912477, 1.28396055, 1.2701687 , 1.25788464,
   1.24706066, 1.23756867, 1.22925424],
 [ 0.95883919, 0.96080954, 0.96268346, 0.96434408, 0.96561042, 0.96620307,
   0.96569524, 0.96345364, 0.95859915, 0.95007598, 0.93699267, 0.91934434,
   0.89877678, 0.87839098, 0.86113086, 0.84827433, 0.83949775, 0.83380981,
   0.83022766, 0.82800654, 0.82664307],
 [ 0.90993411, 0.90721894, 0.90387512, 0.89975792, 0.89468339, 0.88840962,
   0.88060382, 0.87079291, 0.85831636, 0.84235084, 0.82213027, 0.79746006,
   0.76939099, 0.74035765, 0.71308942, 0.68925953, 0.66927085, 0.65280785,
   0.63932299, 0.62826697, 0.61916453]]
measureGC
[ 1.        , 0.88172372, 0.75794621, 0.62988998, 0.50397311, 0.36155257,
  0.20935208, 0.03606357, 0.00397311, 0.00244499]
measureAPL
[ 1.        , 1.09369214, 1.18701957, 1.33587266, 1.55497128, 1.91080451,
  2.40120802, 2.12573731, 0.47172645, 0.23824165]

Degree
Tq
[[ 3.3766991 , 3.3737688 , 3.36958608, 3.36349075, 3.35493587, 3.34367866,
   3.3294146 , 3.30960069, 3.27914826, 3.2291779 , 3.14969545, 3.07093392,
   3.00734958, 2.95541045, 2.91146371, 2.87316426, 2.83904743, 2.80817791,
   2.77995002, 2.75398243, 2.73005155],
 [ 3.01568906, 3.01406447, 3.01189347, 3.00897265, 3.00488245, 2.99892841,
   2.99010113, 2.97642856, 2.95372786, 2.91561019, 2.86242214, 2.80843769,
   2.76255451, 2.72501384, 2.69411346, 2.66829918, 2.64640299, 2.62757557,
   2.61119807, 2.59681342, 2.58407763],
 [ 2.10926782, 2.11164764, 2.11438771, 2.11761784, 2.1215351 , 2.12644065,
   2.13277514, 2.14103014, 2.15080446, 2.15618303, 2.14123036, 2.10418754,
   2.06144516, 2.02239809, 1.98907111, 1.96099295, 1.93722026, 1.91689072,
   1.89931944, 1.88398177, 1.87047734],
 [ 0.92539065, 0.92476295, 0.92371194, 0.92211271, 0.91982127, 0.91668631,
   0.91257621, 0.90742916, 0.90132611, 0.89456139, 0.88764783, 0.88119396,
   0.87568756, 0.87133624, 0.86807227, 0.86567222, 0.86388151, 0.86248674,
   0.86133806, 0.86034352, 0.85945344],
 [ 0.56802675, 0.56715409, 0.56598718, 0.56444264, 0.5624227 , 0.5598201 ,
   0.55652959, 0.55246835, 0.54760542, 0.54199425, 0.53579497, 0.52926999,
   0.52274501, 0.51654573, 0.51093456, 0.50607163, 0.50201039, 0.49871988,
   0.49611729, 0.49409734, 0.4925528 ],
 [        nan,        nan,        nan,        nan,        nan,        nan,
          nan,        nan,        nan,        nan,        nan,        nan,
          nan,        nan,        nan,        nan,        nan,        nan,
          nan,        nan,        nan],
 [        nan,        nan,        nan,        nan,        nan,        nan,
          nan,        nan,        nan,        nan,        nan,        nan,
          nan,        nan,        nan,        nan,        nan,        nan,
          nan,        nan,        nan],
 [        nan,        nan,        nan,        nan,        nan,        nan,
          nan,        nan,        nan,        nan,        nan,        nan,
          nan,        nan,        nan,        nan,        nan,        nan,
          nan,        nan,        nan],
 [        nan,        nan,        nan,        nan,        nan,        nan,
          nan,        nan,        nan,        nan,        nan,        nan,
          nan,        nan,        nan,        nan,        nan,        nan,
          nan,        nan,        nan],
 [        nan,        nan,        nan,        nan,        nan,        nan,
          nan,        nan,        nan,        nan,        nan,        nan,
          nan,        nan,        nan,        nan,        nan,        nan,
          nan,        nan,        nan]]
measureGC
[  1.00000000e+00,  8.48410758e-01,  5.62347188e-01,  7.33496333e-03,
   1.52811736e-03,  6.11246944e-04,  3.05623472e-04,  3.05623472e-04,
   3.05623472e-04,  3.05623472e-04]
measureAPL
[ 1.        , 1.50318639, 3.81478209, 0.63234771, 0.11924583, 0.04379394,
  0.13025889, 0.13025889, 0.13025889, 0.13025889]

Centrality
Tq
[[ 3.28131341, 3.2849045 , 3.28835615, 3.29132056, 3.29382208, 3.29663173,
   3.30102053, 3.30634929, 3.31019104, 3.30269497, 3.25162392, 3.18231792,
   3.12237738, 3.07233098, 3.02956293, 2.99208622, 2.95858983, 2.92821327,
   2.90039164, 2.87476898, 2.85113902],
 [ 3.1984719 , 3.19368553, 3.18758436, 3.17981592, 3.16986558, 3.15677848,
   3.13877993, 3.11327398, 3.07564437, 3.01967232, 2.95099842, 2.88809938,
   2.83655467, 2.79442057, 2.75937338, 2.72967209, 2.70407145, 2.68168378,
   2.66187193, 2.64417209, 2.62823996],
 [ 2.86959374, 2.86879571, 2.86753816, 2.86559209, 2.86263574, 2.858189  ,
   2.85133888, 2.84023841, 2.82111595, 2.78793981, 2.73987872, 2.68792749,
   2.64111294, 2.60126166, 2.56750724, 2.53861759, 2.51354529, 2.49148915,
   2.47185485, 2.45420547, 2.4382199 ],
 [ 2.33302921, 2.33294234, 2.33273976, 2.33237548, 2.33177117, 2.33077478,
   2.32904588, 2.32567328, 2.31795652, 2.29942898, 2.26427649, 2.21915334,
   2.17487783, 2.13588484, 2.1025599 , 2.07413104, 2.04970343, 2.02851851,
   2.0099814 , 1.99363263, 1.97911465],
 [ 1.36871021, 1.3695744 , 1.37038738, 1.3711186 , 1.37172101, 1.37209374,
   1.37195635, 1.37051503, 1.36592068, 1.35526353, 1.33636938, 1.31015915,
   1.28018   , 1.25005842, 1.22202713, 1.19696522, 1.17495396, 1.15573767,
   1.1389702 , 1.12431408, 1.11146953],
 [ 1.28886133, 1.28325121, 1.27648152, 1.2682771 , 1.25830717, 1.24619014,
   1.23151759, 1.213915  , 1.19316106, 1.16936725, 1.14314633, 1.11561381,
   1.08812478, 1.06188992, 1.03773077, 1.01605396, 0.9969428 , 0.98027086,
   0.96580046, 0.95325419, 0.94235822],
 [ 1.07156508, 1.07232354, 1.07287105, 1.07308575, 1.07279385, 1.07175437,
   1.06965119, 1.06611291, 1.06079605, 1.05355457, 1.04462412, 1.03461092,
   1.02418096, 1.01376081, 1.00357253, 0.99383332, 0.98481308, 0.97673819,
   0.96970724, 0.96369401, 0.95859759],
 [ 0.72967956, 0.72866652, 0.72725817, 0.72534792, 0.72281458, 0.71953138,
   0.71538387, 0.71029784, 0.70427382, 0.69741675, 0.68994448, 0.6821678 ,
   0.67445123, 0.66715863, 0.66058093, 0.65487424, 0.65005448, 0.64604483,
   0.6427311 , 0.63999726, 0.63774056],
 [        nan,        nan,        nan,        nan,        nan,        nan,
          nan,        nan,        nan,        nan,        nan,        nan,
          nan,        nan,        nan,        nan,        nan,        nan,
          nan,        nan,        nan],
 [        nan,        nan,        nan,        nan,        nan,        nan,
          nan,        nan,        nan,        nan,        nan,        nan,
          nan,        nan,        nan,        nan,        nan,        nan,
          nan,        nan,        nan]]
measureGC
[  1.00000000e+00,  8.77750611e-01,  7.43276284e-01,  5.51650367e-01,
   1.34168704e-01,  6.20415648e-02,  1.13080685e-02,  2.75061125e-03,
   6.11246944e-04,  3.05623472e-04]
measureAPL
[ 1.        , 1.26073449, 1.72973964, 2.8728153 , 5.78361137, 4.64123329,
  1.14360402, 0.24512549, 0.0783841 , 0.13014718]

Genetic
Tq
[[ 3.28028168, 3.28384349, 3.28729476, 3.29028468, 3.29282331, 3.29567199,
   3.30011751, 3.30554829, 3.30939287, 3.30162224, 3.25066996, 3.18146913,
   3.12151348, 3.07134139, 3.02834362, 2.99053992, 2.95662526, 2.92574938,
   2.89736478, 2.8711401 , 2.84689721],
 [ 3.23672962, 3.23772262, 3.23833263, 3.23818134, 3.23705345, 3.23521215,
   3.23301966, 3.22912444, 3.21937482, 3.19281895, 3.13437398, 3.065347  ,
   3.00463303, 2.95338837, 2.90932648, 2.87036115, 2.8350466 , 2.80250875,
   2.77231073, 2.74430477, 2.71848237],
 [ 3.06230353, 3.06709003, 3.07235294, 3.07840332, 3.08555362, 3.09385224,
   3.10297959, 3.11272849, 3.12062066, 3.11467892, 3.07896033, 3.02464136,
   2.9703655 , 2.92180075, 2.87884705, 2.84016893, 2.80451632, 2.77108035,
   2.73955559, 2.71002407, 2.68272534],
 [ 3.00873959, 3.0023238 , 2.9944309 , 2.98450643, 2.97174671, 2.95507129,
   2.9329504 , 2.90283686, 2.86073632, 2.80142399, 2.72516416, 2.64717318,
   2.57934003, 2.5229276 , 2.47581205, 2.435695  , 2.40079661, 2.36987581,
   2.34211715, 2.31700682, 2.29422213],
 [ 2.61289846, 2.62220498, 2.63257872, 2.64418802, 2.65725737, 2.67197382,
   2.68831875, 2.70571455, 2.7216135 , 2.72855607, 2.71438389, 2.67765192,
   2.63196813, 2.58731196, 2.54653423, 2.50965007, 2.47608676, 2.44537846,
   2.4172857 , 2.39171404, 2.36859609],
 [ 2.27399201, 2.27501233, 2.2761213 , 2.27737432, 2.27882354, 2.28046901,
   2.28223005, 2.28361862, 2.28232203, 2.26720068, 2.21771008, 2.14842568,
   2.08246111, 2.02469524, 1.9745544 , 1.9307078 , 1.89199004, 1.85758531,
   1.82697543, 1.79980892, 1.77578703],
 [ 1.76911198, 1.77526271, 1.78248037, 1.79107701, 1.80146108, 1.81411339,
   1.82942761, 1.8472035 , 1.86536252, 1.8765389 , 1.86609586, 1.83105939,
   1.78541783, 1.73925603, 1.69624391, 1.65727629, 1.62237882, 1.59139669,
   1.564128  , 1.54029923, 1.51956193],
 [ 1.50242834, 1.50343922, 1.50433409, 1.50501736, 1.50532199, 1.50494846,
   1.5033495 , 1.49952508, 1.49172332, 1.47727945, 1.45343782, 1.41973247,
   1.37932794, 1.33691805, 1.29628701, 1.25958201, 1.22758596, 1.20024854,
   1.17711711, 1.15759925, 1.14110148],
 [ 1.36187411, 1.36350739, 1.36496718, 1.36612568, 1.3667935 , 1.36667431,
   1.36527578, 1.36175442, 1.35468803, 1.3418169 , 1.32005485, 1.28667811,
   1.24181059, 1.19008712, 1.13890374, 1.09398923, 1.05723959, 1.02800206,
   1.00482394, 0.98630333, 0.97131993],
 [ 0.95548592, 0.951069  , 0.94570882, 0.9390945 , 0.93078591, 0.92016004,
   0.90635062, 0.8882142 , 0.86442108, 0.83387238, 0.79663163, 0.755     ,
   0.71336837, 0.67612762, 0.64557892, 0.6217858 , 0.60364938, 0.58983996,
   0.57921409, 0.5709055 , 0.56429118]]
measureGC
[ 1.        , 0.87866748, 0.75611247, 0.63661369, 0.51253056, 0.36246944,
  0.22585575, 0.04217604, 0.00641809, 0.00122249]
measureAPL
[ 1.        , 1.07356251, 1.1834726 , 1.34842101, 1.61605221, 2.02773987,
  3.19525882, 1.95400681, 0.48405542, 0.10803451]

Simulated
Tq
[[ 3.07840359, 3.09168246, 3.1065035 , 3.12297602, 3.14198158, 3.16581814,
   3.1981147 , 3.2410025 , 3.29576018, 3.35082492, 3.34208097, 3.28710961,
   3.23296049, 3.18600856, 3.14511351, 3.10881091, 3.07602522, 3.0460266 ,
   3.01833941, 2.9926796 , 2.96890281],
 [ 3.19590945, 3.19516256, 3.19383877, 3.19203016, 3.18991323, 3.18743355,
   3.183589  , 3.17682011, 3.1645871 , 3.13462209, 3.07193697, 2.99871503,
   2.93465759, 2.88067898, 2.8341901 , 2.79294403, 2.75544497, 2.72084216,
   2.68875327, 2.65908065, 2.63184302],
 [ 2.64024696, 2.64362665, 2.64755645, 2.6520406 , 2.6574109 , 2.66461816,
   2.67475139, 2.68909944, 2.71122898, 2.74051634, 2.72224147, 2.64546141,
   2.57470208, 2.5151887 , 2.46395726, 2.41830861, 2.37644555, 2.33748861,
   2.30130253, 2.26813349, 2.23821494],
 [ 2.44390118, 2.45247864, 2.46253785, 2.47453566, 2.48912448, 2.50734128,
   2.53076377, 2.56137516, 2.60078497, 2.64183939, 2.64155726, 2.58709702,
   2.52264886, 2.46372322, 2.41184792, 2.36579577, 2.32415161, 2.28598937,
   2.25097072, 2.21912734, 2.19054387],
 [ 1.9948412 , 2.00422327, 2.01539731, 2.02896129, 2.04576337, 2.06706402,
   2.0948172 , 2.13168671, 2.17877926, 2.22376027, 2.22499423, 2.17789491,
   2.11887782, 2.06293991, 2.01332648, 1.97023511, 1.93297162, 1.90065118,
   1.87248037, 1.84783959, 1.82625314],
 [ 1.7224187 , 1.72748607, 1.73311437, 1.73938598, 1.74638307, 1.75415953,
   1.76264501, 1.77132839, 1.77843996, 1.77969898, 1.76901574, 1.74452921,
   1.71153908, 1.67664313, 1.64378311, 1.61440815, 1.58863391, 1.56609865,
   1.54637461, 1.52908868, 1.51392194],
 [ 1.35779188, 1.35729274, 1.35599721, 1.35354084, 1.34941723, 1.34294274,
   1.33324154, 1.31930093, 1.30018933, 1.27550399, 1.24586923, 1.21302499,
   1.17928608, 1.14667442, 1.11637176, 1.08896297, 1.06488602, 1.04434068,
   1.02711317, 1.01272357, 1.00064542],
 [ 1.23901209, 1.24035626, 1.24137283, 1.24183482, 1.24140254, 1.2395671 ,
   1.23556872, 1.22829437, 1.21619449, 1.19734314, 1.16990409, 1.13326521,
   1.0894309 , 1.0431274 , 0.99967172, 0.96238427, 0.93198782, 0.90769351,
   0.88829306, 0.87267112, 0.85994022],
 [ 0.98567267, 0.98579235, 0.98559542, 0.98493459, 0.9836161 , 0.98138847,
   0.97792309, 0.97277421, 0.96530378, 0.95459337, 0.93949803, 0.91916762,
   0.89412251, 0.86688825, 0.84079769, 0.81806264, 0.79930118, 0.78419771,
   0.77213291, 0.76248406, 0.75472171],
 [        nan,        nan,        nan,        nan,        nan,        nan,
          nan,        nan,        nan,        nan,        nan,        nan,
          nan,        nan,        nan,        nan,        nan,        nan,
          nan,        nan,        nan]]
measureGC
[  1.00000000e+00,  8.76222494e-01,  7.46332518e-01,  5.92298289e-01,
   4.02200489e-01,  1.67176039e-01,  3.11735941e-02,  5.19559902e-03,
   2.44498778e-03,  9.16870416e-04]
measureAPL
[ 1.        , 1.13849099, 1.34857274, 1.72904456, 2.46332962, 3.27587142,
  2.18307059, 0.41465426, 0.1909592 , 0.05336355]
