PercentOfNodes
[ 0. , 0.1, 0.2, 0.3, 0.4, 0.5, 0.6, 0.7, 0.8, 0.9]

RandomAttack
Tq
[[ 3.48816347, 3.49743654, 3.50734091, 3.51731362, 3.52714129, 3.53768703,
   3.55109484, 3.57081257, 3.60108633, 3.61889556, 3.51168041, 3.12941813,
   2.67472113, 2.31205127, 2.08296797, 1.93323956, 1.8272831 , 1.74785536,
   1.68589609, 1.63614268, 1.59529398],
 [ 3.39202945, 3.4006226 , 3.40976611, 3.41908575, 3.42847905, 3.43875307,
   3.45213043, 3.47251107, 3.5043482 , 3.5286254 , 3.44314971, 3.08404466,
   2.64397477, 2.28677191, 2.05728473, 1.9059532 , 1.79843191, 1.71773936,
   1.65481747, 1.60434727, 1.56297079],
 [ 3.3100229 , 3.31883228, 3.32904985, 3.34058171, 3.35294806, 3.36570475,
   3.37964616, 3.3976574 , 3.42407129, 3.44412845, 3.35275974, 3.0078989 ,
   2.58693393, 2.24270404, 2.02019455, 1.87324815, 1.76891084, 1.69073245,
   1.6298634 , 1.58108221, 1.54109442],
 [ 3.08860481, 3.09669737, 3.10612879, 3.1176946 , 3.1326517 , 3.1529801 ,
   3.18126448, 3.21757278, 3.25548778, 3.29810696, 3.24113994, 2.92805126,
   2.53662482, 2.20512462, 1.98538268, 1.83950332, 1.73592276, 1.65836822,
   1.59805102, 1.54978056, 1.51027317],
 [ 3.06015672, 3.06171583, 3.06304286, 3.06435514, 3.06606927, 3.06889571,
   3.07375636, 3.08004015, 3.0800626 , 3.06146171, 2.94326367, 2.6283304 ,
   2.27560239, 1.9848469 , 1.79178575, 1.66348521, 1.57227357, 1.50377262,
   1.45027447, 1.40727219, 1.37193139],
 [ 3.00187494, 3.00239165, 3.00215374, 3.00113943, 2.99950394, 2.99763023,
   2.99617191, 2.99510618, 2.98694851, 2.95108658, 2.81284997, 2.50678803,
   2.17110274, 1.89635889, 1.7147472 , 1.59473701, 1.50986389, 1.44633097,
   1.39679061, 1.35699173, 1.32428454],
 [ 2.59070693, 2.60336686, 2.61732816, 2.63265953, 2.65001202, 2.6711606 ,
   2.6995941 , 2.74083433, 2.7969617 , 2.85691356, 2.83191773, 2.57914764,
   2.2595331 , 1.98494241, 1.79558287, 1.66853663, 1.57852061, 1.51127133,
   1.458968  , 1.41704566, 1.38266065],
 [ 2.49157066, 2.50211746, 2.51392021, 2.52739339, 2.54325884, 2.56272198,
   2.58768808, 2.61992379, 2.65733405, 2.68713987, 2.64244289, 2.44265194,
   2.17672133, 1.93127164, 1.74857987, 1.6216226 , 1.53097602, 1.46355499,
   1.41161017, 1.37042628, 1.33700297],
 [ 2.40754624, 2.41089863, 2.41418246, 2.4172582 , 2.41999491, 2.42221904,
   2.42338702, 2.4216328 , 2.41241597, 2.38608757, 2.30899783, 2.15343755,
   1.95877411, 1.76655267, 1.61459066, 1.50696141, 1.4304049 , 1.37389544,
   1.33060328, 1.29639418, 1.26868132],
 [ 2.16102911, 2.16219703, 2.16278581, 2.16244188, 2.16059347, 2.15630223,
   2.14797886, 2.13281144, 2.10579609, 2.05917816, 1.98467703, 1.87708283,
   1.73997743, 1.60066266, 1.48839597, 1.40675799, 1.34763673, 1.30357706,
   1.2696616 , 1.24279886, 1.22101052]]
measureGC
[ 1.        , 0.74761905, 0.63027211, 0.52006803, 0.41088435, 0.31768707,
  0.23843537, 0.15952381, 0.08367347, 0.02959184]
measureAPL
[ 1.        , 1.0148742 , 1.0195194 , 1.03150997, 1.04328195, 1.05343077,
  1.08870839, 1.20236303, 1.20587511, 1.0098224 ]

Degree
Tq
[[ 3.50571966, 3.51423782, 3.52334525, 3.53253956, 3.54162815, 3.55137989,
   3.56366326, 3.58114697, 3.60668658, 3.61876091, 3.50951049, 3.12670302,
   2.67230888, 2.31109098, 2.08329261, 1.93447737, 1.82917227, 1.75020308,
   1.68855422, 1.63900016, 1.59827105],
 [ 2.41578927, 2.42136065, 2.42771965, 2.43510013, 2.44388132, 2.45459237,
   2.46788639, 2.48458474, 2.50493035, 2.52390976, 2.5138457 , 2.44851541,
   2.36419042, 2.28863451, 2.22803708, 2.18099462, 2.14435922, 2.11530867,
   2.09176191, 2.0722697 , 2.05582965],
 [ 0.91428203, 0.91104206, 0.90700798, 0.90198743, 0.89575326, 0.8880505 ,
   0.87861957, 0.86725048, 0.8538837 , 0.8387495 , 0.82246994, 0.80598889,
   0.7902869 , 0.77606598, 0.76362923, 0.75296162, 0.74387779, 0.73613891,
   0.72951621, 0.72381491, 0.71887733],
 [        nan,        nan,        nan,        nan,        nan,        nan,
          nan,        nan,        nan,        nan,        nan,        nan,
          nan,        nan,        nan,        nan,        nan,        nan,
          nan,        nan,        nan],
 [        nan,        nan,        nan,        nan,        nan,        nan,
          nan,        nan,        nan,        nan,        nan,        nan,
          nan,        nan,        nan,        nan,        nan,        nan,
          nan,        nan,        nan],
 [        nan,        nan,        nan,        nan,        nan,        nan,
          nan,        nan,        nan,        nan,        nan,        nan,
          nan,        nan,        nan,        nan,        nan,        nan,
          nan,        nan,        nan],
 [        nan,        nan,        nan,        nan,        nan,        nan,
          nan,        nan,        nan,        nan,        nan,        nan,
          nan,        nan,        nan,        nan,        nan,        nan,
          nan,        nan,        nan],
 [        nan,        nan,        nan,        nan,        nan,        nan,
          nan,        nan,        nan,        nan,        nan,        nan,
          nan,        nan,        nan,        nan,        nan,        nan,
          nan,        nan,        nan],
 [        nan,        nan,        nan,        nan,        nan,        nan,
          nan,        nan,        nan,        nan,        nan,        nan,
          nan,        nan,        nan,        nan,        nan,        nan,
          nan,        nan,        nan],
 [        nan,        nan,        nan,        nan,        nan,        nan,
          nan,        nan,        nan,        nan,        nan,        nan,
          nan,        nan,        nan,        nan,        nan,        nan,
          nan,        nan,        nan]]
measureGC
[  1.00000000e+00,  4.47619048e-01,  5.10204082e-03,  6.80272109e-04,
   3.40136054e-04,  3.40136054e-04,  3.40136054e-04,  3.40136054e-04,
   3.40136054e-04,  3.40136054e-04]
measureAPL
[ 1.        , 2.47140473, 0.4979099 , 0.08741515, 0.20342622, 0.20342622,
  0.20342622, 0.20342622, 0.20342622, 0.20342622]

Centrality
Tq
[[ 3.50502569, 3.51362407, 3.522791  , 3.53201237, 3.54110886, 3.55089179,
   3.56328412, 3.58112216, 3.60745968, 3.62014229, 3.51052195, 3.12743552,
   2.67117693, 2.30817214, 2.07911341, 1.92915266, 1.82273266, 1.74271017,
   1.68010845, 1.62972436, 1.58829248],
 [ 2.69691918, 2.7022128 , 2.70840446, 2.71553106, 2.72365886, 2.7333197 ,
   2.74593807, 2.76277854, 2.78237475, 2.79283664, 2.73555854, 2.59372114,
   2.43854691, 2.29535026, 2.16915063, 2.06337171, 1.97806244, 1.910208  ,
   1.85600763, 1.81216279, 1.77615691],
 [ 1.99051431, 1.99388708, 1.99712971, 1.99996531, 2.0019057 , 2.00210457,
   1.99913877, 1.99072038, 1.97347736, 1.94368498, 1.90043358, 1.84807134,
   1.79285471, 1.73915217, 1.68928157, 1.64439263, 1.60490421, 1.57070012,
   1.54131624, 1.51613448, 1.49452445],
 [ 1.48849758, 1.48600908, 1.48281555, 1.47864874, 1.47309726, 1.46551674,
   1.45488834, 1.43960284, 1.41720156, 1.38447013, 1.33884937, 1.28061385,
   1.21219396, 1.13793524, 1.06742343, 1.00899167, 0.96370814, 0.92899131,
   0.90203258, 0.88068613, 0.86344347],
 [ 0.88093673, 0.8781953 , 0.87476069, 0.8704471 , 0.86501932, 0.85818633,
   0.84960285, 0.8388893 , 0.82568617, 0.80976005, 0.79116287, 0.77039741,
   0.74847656, 0.72675485, 0.70653311, 0.68865978, 0.67341034, 0.66064654,
   0.65004106, 0.64122956, 0.63388055],
 [        nan,        nan,        nan,        nan,        nan,        nan,
          nan,        nan,        nan,        nan,        nan,        nan,
          nan,        nan,        nan,        nan,        nan,        nan,
          nan,        nan,        nan],
 [        nan,        nan,        nan,        nan,        nan,        nan,
          nan,        nan,        nan,        nan,        nan,        nan,
          nan,        nan,        nan,        nan,        nan,        nan,
          nan,        nan,        nan],
 [        nan,        nan,        nan,        nan,        nan,        nan,
          nan,        nan,        nan,        nan,        nan,        nan,
          nan,        nan,        nan,        nan,        nan,        nan,
          nan,        nan,        nan],
 [        nan,        nan,        nan,        nan,        nan,        nan,
          nan,        nan,        nan,        nan,        nan,        nan,
          nan,        nan,        nan,        nan,        nan,        nan,
          nan,        nan,        nan],
 [        nan,        nan,        nan,        nan,        nan,        nan,
          nan,        nan,        nan,        nan,        nan,        nan,
          nan,        nan,        nan,        nan,        nan,        nan,
          nan,        nan,        nan]]
measureGC
[  1.00000000e+00,  5.22108844e-01,  2.05102041e-01,  1.32653061e-02,
   3.06122449e-03,  6.80272109e-04,  6.80272109e-04,  3.40136054e-04,
   3.40136054e-04,  3.40136054e-04]
measureAPL
[ 1.        , 1.80381988, 3.89017976, 1.17580736, 0.34541661, 0.10250776,
  0.20501553, 0.20501553, 0.20501553, 0.20501553]

Genetic
Tq
[[ 3.50588762, 3.51447571, 3.52364019, 3.53286382, 3.54194213, 3.55163888,
   3.56383445, 3.58130134, 3.60698048, 3.61857815, 3.50877466, 3.12599644,
   2.67097043, 2.30936542, 2.08089572, 1.93100191, 1.82439832, 1.74409088,
   1.6811802 , 1.63049594, 1.58878362],
 [ 3.41273104, 3.42133886, 3.43058926, 3.43996047, 3.44915623, 3.45885818,
   3.47108832, 3.48911981, 3.51672345, 3.53504723, 3.4427645 , 3.07532914,
   2.63371377, 2.27903517, 2.05258294, 1.90376553, 1.798157  , 1.71888224,
   1.65700814, 1.60731563, 1.56651808],
 [ 3.24154304, 3.25345366, 3.26754173, 3.2847942 , 3.30670096, 3.33543351,
   3.3734064 , 3.42032681, 3.47134524, 3.53402921, 3.54103655, 3.24072241,
   2.80165005, 2.43402742, 2.19343281, 2.03364569, 1.92024275, 1.8354864 ,
   1.76967421, 1.71706197, 1.6740318 ],
 [ 3.3647627 , 3.36078324, 3.35577941, 3.34931732, 3.34079578, 3.32921416,
   3.3122549 , 3.28518542, 3.24041089, 3.15487847, 2.93971266, 2.56698337,
   2.20044001, 1.91561268, 1.72828966, 1.60350105, 1.51499308, 1.44887711,
   1.39752252, 1.35642535, 1.32275823],
 [ 2.97712108, 2.98070651, 2.98452722, 2.98894171, 2.99458172, 3.0025442 ,
   3.01460568, 3.0325027 , 3.05225643, 3.06007698, 2.96952533, 2.65247741,
   2.30182618, 2.01794557, 1.82202568, 1.68792269, 1.59169572, 1.51957353,
   1.46359858, 1.41892491, 1.38245629],
 [ 2.84363088, 2.84491791, 2.84654924, 2.84843717, 2.85009083, 2.85036954,
   2.84794083, 2.84271277, 2.83652684, 2.81642148, 2.67312406, 2.36221832,
   2.05453552, 1.80967872, 1.63789186, 1.51861019, 1.43229955, 1.36731608,
   1.3167549 , 1.27633514, 1.24329455],
 [ 2.52658036, 2.53402437, 2.54311778, 2.55430825, 2.56791354, 2.58378827,
   2.60151099, 2.62260049, 2.65406617, 2.69323408, 2.63394351, 2.39832796,
   2.13627719, 1.91251292, 1.74435355, 1.62407932, 1.53650137, 1.47057626,
   1.41934729, 1.37844504, 1.3450478 ],
 [ 2.63219357, 2.6360037 , 2.63995372, 2.64385923, 2.64745605, 2.65045365,
   2.65243712, 2.65201521, 2.643184  , 2.60840374, 2.51725639, 2.35731446,
   2.16656479, 1.9923455 , 1.85472622, 1.75165462, 1.67423545, 1.61479474,
   1.56803708, 1.53043858, 1.49962507],
 [ 1.99892234, 2.01409613, 2.0321053 , 2.05357149, 2.07916445, 2.10955482,
   2.14538795, 2.18713854, 2.23340562, 2.27379022, 2.26830024, 2.17760819,
   2.03867599, 1.8981941 , 1.77769775, 1.68237559, 1.60895448, 1.55215534,
   1.50751558, 1.47179652, 1.44272708],
 [ 1.5395749 , 1.5419058 , 1.54390898, 1.54529089, 1.54561459, 1.54421804,
   1.54005498, 1.53139142, 1.51532432, 1.48759349, 1.4449787 , 1.39007712,
   1.33057367, 1.27454096, 1.22688359, 1.18857898, 1.1583384 , 1.13434736,
   1.11504028, 1.09924547, 1.08612147]]
measureGC
[ 1.        , 0.7547619 , 0.63639456, 0.52278912, 0.41836735, 0.31666667,
  0.22176871, 0.12517007, 0.07517007, 0.02755102]
measureAPL
[ 1.        , 1.0123444 , 1.0259822 , 1.0709152 , 1.10610333, 1.07979775,
  1.1383022 , 1.21688303, 1.30967765, 1.97505179]

Simulated
Tq
[[ 3.11783013, 3.1409679 , 3.16712912, 3.19628107, 3.22925783, 3.26903577,
   3.32153527, 3.39671407, 3.51065684, 3.65530975, 3.71090627, 3.38615909,
   2.9139201 , 2.52342881, 2.27530728, 2.1131282 , 1.99839461, 1.91237775,
   1.84525616, 1.79134347, 1.74708033],
 [ 3.35446094, 3.3585788 , 3.36301863, 3.36812783, 3.37447525, 3.38305021,
   3.39510636, 3.40951924, 3.41867301, 3.41142745, 3.29811142, 2.99652085,
   2.64368096, 2.32997123, 2.10291768, 1.94547693, 1.83194626, 1.74668418,
   1.68053987, 1.62787542, 1.58504103],
 [ 2.66007296, 2.6598871 , 2.65969512, 2.65971191, 2.66027702, 2.66176935,
   2.66397073, 2.66522987, 2.66589572, 2.6650208 , 2.57760069, 2.32921428,
   2.07844292, 1.86021931, 1.69057351, 1.56851269, 1.4800697 , 1.41374144,
   1.36229575, 1.3212681 , 1.28780649],
 [ 2.67152549, 2.67530522, 2.67959522, 2.68432713, 2.68941945, 2.69507927,
   2.70214744, 2.71147137, 2.72013854, 2.71319129, 2.63947704, 2.47403906,
   2.28095644, 2.09478963, 1.934386  , 1.81002682, 1.71726401, 1.64736547,
   1.59338226, 1.55061888, 1.51597232],
 [ 2.36401927, 2.36477179, 2.36537637, 2.36576691, 2.36573324, 2.36480712,
   2.36219046, 2.35611681, 2.34172078, 2.30727105, 2.2353376 , 2.12915448,
   2.01058182, 1.89327986, 1.78563809, 1.69416755, 1.62049098, 1.56209446,
   1.51553237, 1.47789122, 1.44699338],
 [ 1.55525814, 1.55170084, 1.5469468 , 1.54052606, 1.53175703, 1.51965155,
   1.50279735, 1.47926841, 1.44673423, 1.40307883, 1.34761815, 1.28221732,
   1.21093318, 1.13858665, 1.07122456, 1.01433421, 0.96909161, 0.93365646,
   0.90567857, 0.88323306, 0.86491198],
 [ 1.41903506, 1.42888384, 1.44046247, 1.45414402, 1.47031766, 1.48929679,
   1.51113205, 1.53526328, 1.55981206, 1.58005244, 1.58637863, 1.56546754,
   1.50791305, 1.42102815, 1.33118688, 1.25789614, 1.20326202, 1.16292199,
   1.13258651, 1.10921734, 1.090796  ],
 [ 1.24650978, 1.24710433, 1.2473679 , 1.24719959, 1.24649406, 1.24514848,
   1.24305432, 1.24001492, 1.23541942, 1.22736759, 1.21130755, 1.18007572,
   1.12952631, 1.06812025, 1.01157266, 0.96729178, 0.93438691, 0.90987768,
   0.89125694, 0.8767965 , 0.86534394],
 [ 1.14920887, 1.14728328, 1.14480803, 1.14164102, 1.13759298, 1.13239638,
   1.12563655, 1.11659594, 1.10392515, 1.0850845 , 1.05590396, 1.0118025 ,
   0.9528878 , 0.88878242, 0.83169394, 0.78653617, 0.75218441, 0.72598937,
   0.70568231, 0.68964635, 0.67676953],
 [ 0.40362413, 0.40362413, 0.40362413, 0.40362413, 0.40362413, 0.40362413,
   0.40362413, 0.40362413, 0.40362413, 0.40362413, 0.40362413, 0.40362413,
   0.40362413, 0.40362413, 0.40362413, 0.40362413, 0.40362413, 0.40362413,
   0.40362413, 0.40362413, 0.40362413]]
measureGC
[ 1.        , 0.68129252, 0.48333333, 0.31088435, 0.1914966 , 0.04489796,
  0.00918367, 0.00340136, 0.00272109, 0.00102041]
measureAPL
[ 1.        , 1.15326034, 1.33836086, 1.51643146, 1.90585095, 2.88676779,
  0.62817741, 0.25914565, 0.10668488, 0.20354352]
