PercentOfNodes
[ 0. , 0.1, 0.2, 0.3, 0.4, 0.5, 0.6, 0.7, 0.8, 0.9]

RandomAttack
Tq
[[ 2.72125358, 2.74390047, 2.77077178, 2.80293507, 2.8417545 , 2.88853775,
   2.94353819, 3.00471151, 3.06406336, 3.102332  , 3.08278821, 2.96044016,
   2.74379343, 2.47707111, 2.2136585 , 2.02399646, 1.89269076, 1.79812955,
   1.7271855 , 1.67216829, 1.62836588],
 [ 2.70050761, 2.71796315, 2.73824751, 2.76196085, 2.79006483, 2.82410173,
   2.86601675, 2.91726755, 2.97656524, 3.02790299, 3.02304407, 2.90554804,
   2.68927697, 2.41976184, 2.1564903 , 1.97087522, 1.84365202, 1.75226592,
   1.68369946, 1.63049909, 1.58812737],
 [ 2.45199489, 2.47118996, 2.4938141 , 2.52044773, 2.55186366, 2.58954759,
   2.63600315, 2.69290043, 2.7563342 , 2.80994411, 2.80667044, 2.68329673,
   2.46076672, 2.1830293 , 1.92743231, 1.75534969, 1.63822817, 1.55409859,
   1.49105715, 1.44224204, 1.40341989],
 [ 2.22723447, 2.24762906, 2.27206964, 2.30181838, 2.33883811, 2.38621433,
   2.44817892, 2.52819304, 2.62468679, 2.7200126 , 2.7579762 , 2.66925314,
   2.47035996, 2.19729396, 1.93959906, 1.7643038 , 1.64528272, 1.56029843,
   1.49697047, 1.44817288, 1.40953459],
 [ 1.82914157, 1.84022607, 1.85324131, 1.86861414, 1.88679234, 1.90824137,
   1.9337087 , 1.96512518, 2.00635033, 2.05464083, 2.07073358, 2.00983719,
   1.87554311, 1.68342414, 1.515557  , 1.40298763, 1.32611007, 1.27079965,
   1.22927474, 1.1970537 , 1.17139626],
 [ 1.75138598, 1.75423679, 1.75736747, 1.76069616, 1.76401481, 1.76688021,
   1.76840851, 1.76690157, 1.75929701, 1.74081812, 1.70589336, 1.65038013,
   1.57185927, 1.47301319, 1.37171865, 1.2864435 , 1.22086418, 1.17119691,
   1.13307999, 1.10322921, 1.0793767 ],
 [ 1.59487408, 1.5954864 , 1.59585978, 1.59582007, 1.59506892, 1.59308355,
   1.58894127, 1.58103706, 1.56673217, 1.54226156, 1.50353739, 1.44752486,
   1.37261889, 1.28251541, 1.19309158, 1.11906318, 1.06241642, 1.01943367,
   0.98631927, 0.9602967 , 0.93945137],
 [ 1.57944679, 1.59234948, 1.60716491, 1.62423546, 1.64393239, 1.66661505,
   1.6925367 , 1.72160986, 1.75269131, 1.78136939, 1.79502916, 1.7678183 ,
   1.6698361 , 1.51427179, 1.36690954, 1.26203294, 1.19360726, 1.14876102,
   1.11841601, 1.09714953, 1.08177122],
 [        nan,        nan,        nan,        nan,        nan,        nan,
          nan,        nan,        nan,        nan,        nan,        nan,
          nan,        nan,        nan,        nan,        nan,        nan,
          nan,        nan,        nan],
 [ 0.98529895, 0.98789573, 0.99080956, 0.99408039, 0.9977164 , 1.0016272 ,
   1.00547438, 1.00837294, 1.00839435, 1.00202544, 0.9843661 , 0.95162567,
   0.90595119, 0.85657882, 0.81273054, 0.77790253, 0.75140328, 0.73137415,
   0.7161305 , 0.7044146 , 0.6953274 ]]
measureGC
[ 1.    , 0.5655, 0.2925, 0.225 , 0.042 , 0.034 , 0.024 , 0.014 , 0.006 ,
  0.003 ]
measureAPL
[ 1.        , 0.8321373 , 0.70769682, 0.68576054, 0.56366443, 0.56051221,
  0.56781468, 0.34011045, 0.22686121, 0.07220853]

Degree
Tq
[[ 2.85144475, 2.86895645, 2.88902146, 2.91208795, 2.93889452, 2.97015211,
   3.00553161, 3.04241365, 3.07254375, 3.07755552, 3.02481049, 2.87849967,
   2.65432189, 2.39712778, 2.14880334, 1.96949645, 1.8448656 , 1.75479524,
   1.68702056, 1.63432532, 1.59226695],
 [ 0.77201527, 0.76815791, 0.76352132, 0.75791104, 0.75108505, 0.74274884,
   0.73255853, 0.72014148, 0.70514904, 0.68735583, 0.66681069, 0.64402026,
   0.6200759 , 0.59650719, 0.57475731, 0.55567413, 0.53944566, 0.52585201,
   0.51451875, 0.50505858, 0.49712734],
 [        nan,        nan,        nan,        nan,        nan,        nan,
          nan,        nan,        nan,        nan,        nan,        nan,
          nan,        nan,        nan,        nan,        nan,        nan,
          nan,        nan,        nan],
 [        nan,        nan,        nan,        nan,        nan,        nan,
          nan,        nan,        nan,        nan,        nan,        nan,
          nan,        nan,        nan,        nan,        nan,        nan,
          nan,        nan,        nan],
 [        nan,        nan,        nan,        nan,        nan,        nan,
          nan,        nan,        nan,        nan,        nan,        nan,
          nan,        nan,        nan,        nan,        nan,        nan,
          nan,        nan,        nan],
 [        nan,        nan,        nan,        nan,        nan,        nan,
          nan,        nan,        nan,        nan,        nan,        nan,
          nan,        nan,        nan,        nan,        nan,        nan,
          nan,        nan,        nan],
 [        nan,        nan,        nan,        nan,        nan,        nan,
          nan,        nan,        nan,        nan,        nan,        nan,
          nan,        nan,        nan,        nan,        nan,        nan,
          nan,        nan,        nan],
 [        nan,        nan,        nan,        nan,        nan,        nan,
          nan,        nan,        nan,        nan,        nan,        nan,
          nan,        nan,        nan,        nan,        nan,        nan,
          nan,        nan,        nan],
 [        nan,        nan,        nan,        nan,        nan,        nan,
          nan,        nan,        nan,        nan,        nan,        nan,
          nan,        nan,        nan,        nan,        nan,        nan,
          nan,        nan,        nan],
 [        nan,        nan,        nan,        nan,        nan,        nan,
          nan,        nan,        nan,        nan,        nan,        nan,
          nan,        nan,        nan,        nan,        nan,        nan,
          nan,        nan,        nan]]
measureGC
[  1.00000000e+00,  3.00000000e-03,  1.00000000e-03,  5.00000000e-04,
   5.00000000e-04,  5.00000000e-04,  5.00000000e-04,  5.00000000e-04,
   5.00000000e-04,  5.00000000e-04]
measureAPL
[ 1.        , 0.13983337, 0.04929247, 0.09858495, 0.09858495, 0.09858495,
  0.09858495, 0.09858495, 0.09858495, 0.09858495]

Centrality
Tq
[[ 2.72149347, 2.7439267 , 2.77061132, 2.80266129, 2.84149629, 2.88846231,
   2.94380201, 3.00539416, 3.06498527, 3.10320858, 3.08354296, 2.9610488 ,
   2.7443656 , 2.47699798, 2.21241491, 2.02231122, 1.89089379, 1.79626244,
   1.72524643, 1.67015281, 1.62626895],
 [ 2.23986535, 2.24998012, 2.26098623, 2.27285363, 2.28542289, 2.29824286,
   2.3102511 , 2.3190941 , 2.31978003, 2.30299633, 2.25657097, 2.17487185,
   2.06142981, 1.91729827, 1.76825261, 1.64821439, 1.55907436, 1.4924767 ,
   1.4416071 , 1.40186373, 1.37015608],
 [ 1.96192022, 1.96682848, 1.97238083, 1.9786646 , 1.98576404, 1.99379035,
   2.00294061, 2.01337012, 2.02374937, 2.02589031, 1.99743934, 1.91279002,
   1.77477931, 1.59792679, 1.44557932, 1.34273938, 1.27179322, 1.22013617,
   1.18090584, 1.15016136, 1.12547341],
 [ 1.21533158, 1.2196953 , 1.22437497, 1.22928113, 1.23422718, 1.23886893,
   1.24261467, 1.24449956, 1.24303287, 1.23607191, 1.22090928, 1.19504211,
   1.15812488, 1.11403084, 1.0696016 , 1.03026387, 0.99792306, 0.97214239,
   0.95171371, 0.93543014, 0.92231001],
 [ 0.73012841, 0.73080251, 0.73148856, 0.73220464, 0.73299069, 0.73391682,
   0.73508281, 0.73659374, 0.73849711, 0.74069593, 0.74290928, 0.74476032,
   0.74595887, 0.74643655, 0.74633877, 0.74590323, 0.74533628, 0.74476663,
   0.74425924, 0.7438417 , 0.74352238],
 [        nan,        nan,        nan,        nan,        nan,        nan,
          nan,        nan,        nan,        nan,        nan,        nan,
          nan,        nan,        nan,        nan,        nan,        nan,
          nan,        nan,        nan],
 [        nan,        nan,        nan,        nan,        nan,        nan,
          nan,        nan,        nan,        nan,        nan,        nan,
          nan,        nan,        nan,        nan,        nan,        nan,
          nan,        nan,        nan],
 [        nan,        nan,        nan,        nan,        nan,        nan,
          nan,        nan,        nan,        nan,        nan,        nan,
          nan,        nan,        nan,        nan,        nan,        nan,
          nan,        nan,        nan],
 [        nan,        nan,        nan,        nan,        nan,        nan,
          nan,        nan,        nan,        nan,        nan,        nan,
          nan,        nan,        nan,        nan,        nan,        nan,
          nan,        nan,        nan],
 [        nan,        nan,        nan,        nan,        nan,        nan,
          nan,        nan,        nan,        nan,        nan,        nan,
          nan,        nan,        nan,        nan,        nan,        nan,
          nan,        nan,        nan]]
measureGC
[  1.00000000e+00,  1.37000000e-01,  4.55000000e-02,  1.25000000e-02,
   4.00000000e-03,  1.50000000e-03,  1.00000000e-03,  5.00000000e-04,
   5.00000000e-04,  5.00000000e-04]
measureAPL
[ 1.        , 0.79656445, 0.51155896, 0.33770295, 0.18491434, 0.06824478,
  0.09891579, 0.09891579, 0.09891579, 0.09891579]

Genetic
Tq
[[ 3.00481077, 3.00404441, 3.00270659, 3.0004643 , 2.99689019, 2.99116513,
   2.98132066, 2.96321124, 2.92833606, 2.86137661, 2.74016621, 2.54951967,
   2.31485075, 2.07311526, 1.8516101 , 1.69260568, 1.58147303, 1.50053602,
   1.43914538, 1.39106339, 1.35244345],
 [ 2.680283  , 2.69867193, 2.72016109, 2.74535297, 2.7752365 , 2.81145106,
   2.85579148, 2.90856895, 2.96558142, 3.00673858, 2.98325514, 2.84920972,
   2.6303834 , 2.3692234 , 2.11202119, 1.92674821, 1.79847061, 1.70607053,
   1.63669734, 1.58284933, 1.53994291],
 [ 2.82829933, 2.83384311, 2.83989655, 2.84647086, 2.85371814, 2.86187884,
   2.87070144, 2.87834728, 2.87978178, 2.86027145, 2.78231684, 2.61582817,
   2.39699979, 2.15558256, 1.92763104, 1.76464694, 1.65157932, 1.56982648,
   1.50820356, 1.46017411, 1.42173512],
 [ 2.60326783, 2.61649283, 2.63149646, 2.64892672, 2.6697756 , 2.69517039,
   2.72569329, 2.76087351, 2.79708709, 2.81481694, 2.76877349, 2.62632458,
   2.42106246, 2.16368215, 1.91598279, 1.74296923, 1.62425999, 1.53918685,
   1.47556936, 1.4262879 , 1.38702113],
 [ 2.38230259, 2.40084026, 2.42228228, 2.44725729, 2.47668193, 2.5120505 ,
   2.55570593, 2.61047332, 2.67770443, 2.7506167 , 2.77189693, 2.67987287,
   2.50433284, 2.25396467, 2.00817798, 1.83603759, 1.71847069, 1.63461353,
   1.57216669, 1.52399589, 1.48577944],
 [ 1.7682044 , 1.78098537, 1.79618285, 1.81456147, 1.83711846, 1.86500839,
   1.89929596, 1.94082839, 1.99034941, 2.04052427, 2.05476384, 2.00477871,
   1.89001584, 1.71162412, 1.5412201 , 1.41816971, 1.33177959, 1.26932293,
   1.22266876, 1.18676954, 1.15842177],
 [ 1.87827678, 1.87743027, 1.87626247, 1.87469749, 1.87262321, 1.86983365,
   1.86583399, 1.85921814, 1.84608315, 1.81773542, 1.76198892, 1.67413539,
   1.54447682, 1.36508454, 1.21191484, 1.10820534, 1.03751238, 0.98668767,
   0.94834422, 0.9183472 , 0.89423968],
 [ 1.67179337, 1.67531203, 1.67890759, 1.68255629, 1.68623193, 1.68986179,
   1.69314238, 1.69497346, 1.69229872, 1.67926861, 1.64829558, 1.58844983,
   1.48094267, 1.33262518, 1.19753264, 1.09879799, 1.0289333 , 0.97823654,
   0.9402295 , 0.91089538, 0.8876991 ],
 [ 1.38129487, 1.38357215, 1.38582719, 1.38802463, 1.39012833, 1.39208212,
   1.39370901, 1.39435904, 1.39203246, 1.38221808, 1.35811234, 1.31258282,
   1.24102492, 1.15211335, 1.06908119, 1.00398941, 0.95524431, 0.91846524,
   0.89015757, 0.86792131, 0.85013114],
 [ 0.7676561 , 0.76414028, 0.75994114, 0.75486803, 0.74866581, 0.74099376,
   0.73140451, 0.71933921, 0.70418375, 0.68547584, 0.66334417, 0.63900203,
   0.6146599 , 0.59252823, 0.57382032, 0.55866486, 0.54659955, 0.5370103 ,
   0.52933825, 0.52313604, 0.51806292]]
measureGC
[ 1.    , 0.764 , 0.4785, 0.329 , 0.2335, 0.0415, 0.023 , 0.0155, 0.0105,
  0.0025]
measureAPL
[ 1.        , 0.92583796, 0.78697373, 0.75272604, 0.69506905, 0.50356471,
  0.38964864, 0.35423527, 0.35939001, 0.09000889]

Simulated
Tq
[[ 2.98780707, 2.99401073, 3.0008149 , 3.00818262, 3.01611649, 3.02436931,
   3.03161304, 3.03430924, 3.02406478, 2.98413157, 2.88764763, 2.71132455,
   2.47711893, 2.22217008, 1.97970477, 1.80580233, 1.68504824, 1.59768499,
   1.5318188 , 1.48049209, 1.43943541],
 [ 2.84948374, 2.85003833, 2.85030766, 2.85027483, 2.84990982, 2.84902639,
   2.8468756 , 2.84140312, 2.8284709 , 2.79804673, 2.71683359, 2.53735526,
   2.28962141, 2.01223342, 1.78166237, 1.62908581, 1.5249756 , 1.45034056,
   1.39465725, 1.35174184, 1.31771452],
 [ 1.92506941, 1.92452652, 1.92333926, 1.92120007, 1.91761424, 1.91175397,
   1.90221169, 1.88664846, 1.86154296, 1.82299412, 1.76929234, 1.69709891,
   1.58823279, 1.44062264, 1.30241459, 1.20041302, 1.12853742, 1.0766374 ,
   1.03780771, 1.00779991, 0.9839673 ],
 [ 1.56001718, 1.55969893, 1.55911177, 1.55820405, 1.55692119, 1.55521255,
   1.5530413 , 1.55035419, 1.54669418, 1.53903204, 1.51666796, 1.4608454 ,
   1.3495438 , 1.20274118, 1.08525407, 1.00761984, 0.95511548, 0.91730855,
   0.88864757, 0.86610503, 0.84789773],
 [ 1.13567878, 1.13456328, 1.13318254, 1.13151708, 1.12956214, 1.12732248,
   1.12474953, 1.12148005, 1.11609553, 1.10492419, 1.08195895, 1.04095293,
   0.97830035, 0.90307725, 0.83630999, 0.78702521, 0.75212299, 0.72683981,
   0.70784813, 0.69310328, 0.68134624],
 [ 1.17559893, 1.17250194, 1.16867606, 1.16390414, 1.15788308, 1.15017687,
   1.14013774, 1.12678046, 1.10861987, 1.08356321, 1.04900804, 1.00232517,
   0.94304726, 0.87779266, 0.81828223, 0.77066087, 0.73423994, 0.70630454,
   0.68446812, 0.66703572, 0.65285257],
 [ 0.78774991, 0.7958924 , 0.80606542, 0.81913027, 0.83642066, 0.8599997 ,
   0.89295312, 0.93940127, 1.00311373, 1.08253596, 1.1626581 , 1.21464165,
   1.21564354, 1.17489635, 1.12306508, 1.07887123, 1.04557872, 1.02116754,
   1.00319956, 0.98982987, 0.979775  ],
 [ 0.80365664, 0.8036079 , 0.80327818, 0.80252441, 0.80113939, 0.79882576,
   0.79516597, 0.78960278, 0.78147626, 0.77021747, 0.75580204, 0.73929261,
   0.72278318, 0.70836776, 0.69710897, 0.68898245, 0.68341926, 0.67975947,
   0.67744584, 0.67606082, 0.67530705],
 [ 0.95003521, 0.94507745, 0.93906092, 0.93163669, 0.92231071, 0.91038372,
   0.89488335, 0.87452614, 0.84781958, 0.81353023, 0.77172938, 0.725     ,
   0.67827062, 0.63646977, 0.60218042, 0.57547386, 0.55511665, 0.53961628,
   0.52768929, 0.51836331, 0.51093908],
 [ 0.3977745 , 0.3977745 , 0.3977745 , 0.3977745 , 0.3977745 , 0.3977745 ,
   0.3977745 , 0.3977745 , 0.3977745 , 0.3977745 , 0.3977745 , 0.3977745 ,
   0.3977745 , 0.3977745 , 0.3977745 , 0.3977745 , 0.3977745 , 0.3977745 ,
   0.3977745 , 0.3977745 , 0.3977745 ]]
measureGC
[ 1.    , 0.2185, 0.023 , 0.009 , 0.007 , 0.006 , 0.005 , 0.0025, 0.002 ,
  0.0015]
measureAPL
[ 1.        , 0.57194192, 0.38283942, 0.27148718, 0.22558439, 0.17998529,
  0.13959509, 0.08241336, 0.03717559, 0.09853771]
