start
[[  9.           0.36309524]
 [  4.           0.30808081]
 [ 10.           0.25206612]
 [  6.           0.23828125]
 [  7.           0.26754386]
 [ 11.           0.31282051]
 [  1.           0.34659091]
 [  3.           0.28240741]
 [ 14.           0.27111111]
 [ 15.           0.37654321]
 [ 16.           0.33888889]
 [ 17.           0.32972973]
 [ 18.           0.30964467]
 [  2.           0.37195122]
 [ 19.           0.33701657]
 [ 20.           0.31606218]
 [  8.           0.36526946]
 [ 21.           0.39102564]
 [ 22.           0.33333333]
 [ 23.           0.23735409]
 [ 25.           0.31282051]
 [ 26.           0.25523013]
 [ 27.           0.27727273]
 [ 28.           0.31606218]
 [ 29.           0.36526946]
 [ 30.           0.32275132]
 [ 31.           0.32275132]
 [ 32.           0.23735409]
 [ 33.           0.21631206]
 [ 34.           0.36526946]
 [ 13.           0.26872247]
 [ 35.           0.31606218]
 [ 36.           0.24497992]
 [ 37.           0.41780822]
 [ 24.           0.33333333]
 [ 38.           0.39869281]
 [ 39.           0.32972973]
 [ 40.           0.33516484]
 [ 41.           0.40397351]
 [ 42.           0.29756098]
 [ 43.           0.32972973]
 [ 44.           0.33701657]
 [ 45.           0.31122449]
 [ 46.           0.34659091]
 [ 47.           0.25630252]
 [ 48.           0.33888889]
 [ 50.           0.24696356]
 [ 51.           0.35057471]
 [ 52.           0.32972973]
 [  5.           0.24897959]
 [ 12.           0.24897959]
 [ 53.           0.34269663]
 [ 54.           0.25957447]
 [ 55.           0.32446809]
 [ 56.           0.27111111]
 [ 57.           0.21328671]
 [ 58.           0.3019802 ]
 [ 49.           0.23282443]
 [ 59.           0.24897959]
 [ 60.           0.34269663]
 [ 61.           0.17836257]
 [ 62.           0.3019802 ]]
antes
[[ 37.           0.41780822]
 [ 41.           0.40397351]
 [ 38.           0.39869281]
 [ 21.           0.39102564]
 [ 15.           0.37654321]
 [  2.           0.37195122]
 [ 34.           0.36526946]
 [  8.           0.36526946]
 [ 29.           0.36526946]
 [  9.           0.36309524]
 [ 51.           0.35057471]
 [ 46.           0.34659091]
 [  1.           0.34659091]
 [ 53.           0.34269663]
 [ 60.           0.34269663]
 [ 48.           0.33888889]
 [ 16.           0.33888889]
 [ 19.           0.33701657]
 [ 44.           0.33701657]
 [ 40.           0.33516484]
 [ 22.           0.33333333]
 [ 24.           0.33333333]
 [ 17.           0.32972973]
 [ 43.           0.32972973]
 [ 52.           0.32972973]
 [ 39.           0.32972973]
 [ 55.           0.32446809]
 [ 31.           0.32275132]
 [ 30.           0.32275132]
 [ 35.           0.31606218]
 [ 28.           0.31606218]
 [ 20.           0.31606218]
 [ 11.           0.31282051]
 [ 25.           0.31282051]
 [ 45.           0.31122449]
 [ 18.           0.30964467]
 [  4.           0.30808081]
 [ 62.           0.3019802 ]
 [ 58.           0.3019802 ]
 [ 42.           0.29756098]
 [  3.           0.28240741]
 [ 27.           0.27727273]
 [ 14.           0.27111111]
 [ 56.           0.27111111]
 [ 13.           0.26872247]
 [  7.           0.26754386]
 [ 54.           0.25957447]
 [ 47.           0.25630252]
 [ 26.           0.25523013]
 [ 10.           0.25206612]
 [  5.           0.24897959]
 [ 12.           0.24897959]
 [ 59.           0.24897959]
 [ 50.           0.24696356]
 [ 36.           0.24497992]
 [  6.           0.23828125]
 [ 23.           0.23735409]
 [ 32.           0.23735409]
 [ 49.           0.23282443]
 [ 33.           0.21631206]
 [ 57.           0.21328671]
 [ 61.           0.17836257]]
ok
[[  9.           0.26829268]
 [  4.           0.21568627]
 [ 10.           0.18835616]
 [  6.           0.18272425]
 [  7.           0.21484375]
 [ 11.           0.29100529]
 [  1.           0.27227723]
 [  3.           0.27093596]
 [ 14.           0.2173913 ]
 [ 16.           0.25229358]
 [ 17.           0.25345622]
 [ 18.           0.21653543]
 [ 19.           0.24017467]
 [ 20.           0.27363184]
 [  8.           0.28205128]
 [ 22.           0.24553571]
 [ 23.           0.17857143]
 [ 25.           0.2360515 ]
 [ 26.           0.20599251]
 [ 27.           0.19572954]
 [ 28.           0.24122807]
 [ 29.           0.27093596]
 [ 30.           0.28205128]
 [ 31.           0.30898876]
 [ 32.           0.17857143]
 [ 33.           0.18092105]
 [ 34.           0.26699029]
 [ 13.           0.21153846]
 [ 35.           0.21912351]
 [ 36.           0.22088353]
 [ 24.           0.22      ]
 [ 39.           0.22633745]
 [ 40.           0.17915309]
 [ 42.           0.20833333]
 [ 43.           0.31976744]
 [ 44.           0.24336283]
 [ 45.           0.23305085]
 [ 46.           0.275     ]
 [ 47.           0.19855596]
 [ 48.           0.29569892]
 [ 50.           0.18456376]
 [ 51.           0.30726257]
 [ 52.           0.27093596]
 [  5.           0.21400778]
 [ 12.           0.21400778]
 [ 53.           0.23109244]
 [ 54.           0.21653543]
 [ 55.           0.24663677]
 [ 56.           0.22      ]
 [ 57.           0.17857143]
 [ 58.           0.2173913 ]
 [ 49.           0.17915309]
 [ 59.           0.18518519]
 [ 60.           0.24444444]
 [ 61.           0.15363128]
 [ 62.           0.22088353]]
antes
[[ 43.           0.31976744]
 [ 31.           0.30898876]
 [ 51.           0.30726257]
 [ 48.           0.29569892]
 [ 11.           0.29100529]
 [ 30.           0.28205128]
 [  8.           0.28205128]
 [ 46.           0.275     ]
 [ 20.           0.27363184]
 [  1.           0.27227723]
 [ 29.           0.27093596]
 [ 52.           0.27093596]
 [  3.           0.27093596]
 [  9.           0.26829268]
 [ 34.           0.26699029]
 [ 17.           0.25345622]
 [ 16.           0.25229358]
 [ 55.           0.24663677]
 [ 22.           0.24553571]
 [ 60.           0.24444444]
 [ 44.           0.24336283]
 [ 28.           0.24122807]
 [ 19.           0.24017467]
 [ 25.           0.2360515 ]
 [ 45.           0.23305085]
 [ 53.           0.23109244]
 [ 39.           0.22633745]
 [ 62.           0.22088353]
 [ 36.           0.22088353]
 [ 24.           0.22      ]
 [ 56.           0.22      ]
 [ 35.           0.21912351]
 [ 58.           0.2173913 ]
 [ 14.           0.2173913 ]
 [ 18.           0.21653543]
 [ 54.           0.21653543]
 [  4.           0.21568627]
 [  7.           0.21484375]
 [ 12.           0.21400778]
 [  5.           0.21400778]
 [ 13.           0.21153846]
 [ 42.           0.20833333]
 [ 26.           0.20599251]
 [ 47.           0.19855596]
 [ 27.           0.19572954]
 [ 10.           0.18835616]
 [ 59.           0.18518519]
 [ 50.           0.18456376]
 [  6.           0.18272425]
 [ 33.           0.18092105]
 [ 40.           0.17915309]
 [ 49.           0.17915309]
 [ 23.           0.17857143]
 [ 57.           0.17857143]
 [ 32.           0.17857143]
 [ 61.           0.15363128]]
ok
[[  9.           0.17204301]
 [  4.           0.13793103]
 [ 10.           0.21668667]
 [  6.           0.17133365]
 [  7.           0.21668667]
 [  1.           0.13675214]
 [  3.           0.13114754]
 [ 14.           0.23765635]
 [ 16.           0.17777778]
 [ 17.           0.18181818]
 [ 18.           0.23022959]
 [ 19.           0.21052632]
 [ 20.           0.14445778]
 [  8.           0.16371882]
 [ 22.           0.24615385]
 [ 23.           0.14734694]
 [ 25.           0.17582418]
 [ 26.           0.16371882]
 [ 27.           0.12487029]
 [ 28.           0.17541302]
 [ 29.           0.13333333]
 [ 32.           0.14734694]
 [ 33.           0.16015972]
 [ 34.           0.24242424]
 [ 13.           0.17204301]
 [ 35.           0.18823529]
 [ 36.           0.        ]
 [ 24.           0.17021277]
 [ 39.           0.2       ]
 [ 40.           0.15035402]
 [ 42.           0.17541302]
 [ 44.           0.19753086]
 [ 45.           0.16161616]
 [ 46.           0.22535211]
 [ 47.           0.15238095]
 [ 50.           0.14814815]
 [ 52.           0.21621622]
 [  5.           0.15841584]
 [ 12.           0.15841584]
 [ 53.           0.14953271]
 [ 54.           0.15384615]
 [ 55.           0.19911748]
 [ 56.           0.16842105]
 [ 57.           0.14734694]
 [ 58.           0.23765635]
 [ 49.           0.15035402]
 [ 59.           0.14953271]
 [ 60.           0.17582418]
 [ 61.           0.1151148 ]
 [ 62.           0.12698413]]
antes
[[ 22.           0.24615385]
 [ 34.           0.24242424]
 [ 58.           0.23765635]
 [ 14.           0.23765635]
 [ 18.           0.23022959]
 [ 46.           0.22535211]
 [ 10.           0.21668667]
 [  7.           0.21668667]
 [ 52.           0.21621622]
 [ 19.           0.21052632]
 [ 39.           0.2       ]
 [ 55.           0.19911748]
 [ 44.           0.19753086]
 [ 35.           0.18823529]
 [ 17.           0.18181818]
 [ 16.           0.17777778]
 [ 25.           0.17582418]
 [ 60.           0.17582418]
 [ 28.           0.17541302]
 [ 42.           0.17541302]
 [ 13.           0.17204301]
 [  9.           0.17204301]
 [  6.           0.17133365]
 [ 24.           0.17021277]
 [ 56.           0.16842105]
 [ 26.           0.16371882]
 [  8.           0.16371882]
 [ 45.           0.16161616]
 [ 33.           0.16015972]
 [  5.           0.15841584]
 [ 12.           0.15841584]
 [ 54.           0.15384615]
 [ 47.           0.15238095]
 [ 40.           0.15035402]
 [ 49.           0.15035402]
 [ 53.           0.14953271]
 [ 59.           0.14953271]
 [ 50.           0.14814815]
 [ 23.           0.14734694]
 [ 32.           0.14734694]
 [ 57.           0.14734694]
 [ 20.           0.14445778]
 [  4.           0.13793103]
 [  1.           0.13675214]
 [ 29.           0.13333333]
 [  3.           0.13114754]
 [ 62.           0.12698413]
 [ 27.           0.12487029]
 [ 61.           0.1151148 ]
 [ 36.           0.        ]]
ok
[[  9.           0.09302326]
 [  4.           0.09050911]
 [ 10.           0.11162791]
 [  6.           0.08586762]
 [  7.           0.12403101]
 [  1.           0.09849521]
 [  3.           0.1042205 ]
 [ 16.           0.14560162]
 [ 17.           0.09703288]
 [ 19.           0.13395349]
 [ 20.           0.10147992]
 [  8.           0.11162791]
 [ 23.           0.        ]
 [ 25.           0.13395349]
 [ 26.           0.07125186]
 [ 27.           0.07125186]
 [ 28.           0.09050911]
 [ 29.           0.07125186]
 [ 32.           0.        ]
 [ 33.           0.08586762]
 [ 13.           0.        ]
 [ 35.           0.1042205 ]
 [ 36.           0.        ]
 [ 24.           0.08812729]
 [ 39.           0.14810282]
 [ 40.           0.        ]
 [ 42.           0.11547715]
 [ 44.           0.13399779]
 [ 45.           0.13399779]
 [ 47.           0.1042205 ]
 [ 50.           0.09077269]
 [ 52.           0.12403101]
 [  5.           0.08812729]
 [ 12.           0.08812729]
 [ 53.           0.09703288]
 [ 54.           0.1042205 ]
 [ 55.           0.12880143]
 [ 56.           0.12880143]
 [ 57.           0.09302326]
 [ 49.           0.        ]
 [ 59.           0.09703288]
 [ 60.           0.11960133]
 [ 61.           0.06697674]
 [ 62.           0.09077269]]
antes
[[ 39.           0.14810282]
 [ 16.           0.14560162]
 [ 45.           0.13399779]
 [ 44.           0.13399779]
 [ 19.           0.13395349]
 [ 25.           0.13395349]
 [ 56.           0.12880143]
 [ 55.           0.12880143]
 [  7.           0.12403101]
 [ 52.           0.12403101]
 [ 60.           0.11960133]
 [ 42.           0.11547715]
 [  8.           0.11162791]
 [ 10.           0.11162791]
 [ 35.           0.1042205 ]
 [ 47.           0.1042205 ]
 [ 54.           0.1042205 ]
 [  3.           0.1042205 ]
 [ 20.           0.10147992]
 [  1.           0.09849521]
 [ 53.           0.09703288]
 [ 17.           0.09703288]
 [ 59.           0.09703288]
 [  9.           0.09302326]
 [ 57.           0.09302326]
 [ 62.           0.09077269]
 [ 50.           0.09077269]
 [  4.           0.09050911]
 [ 28.           0.09050911]
 [ 12.           0.08812729]
 [  5.           0.08812729]
 [ 24.           0.08812729]
 [  6.           0.08586762]
 [ 33.           0.08586762]
 [ 26.           0.07125186]
 [ 27.           0.07125186]
 [ 29.           0.07125186]
 [ 61.           0.06697674]
 [ 36.           0.        ]
 [ 32.           0.        ]
 [ 40.           0.        ]
 [ 23.           0.        ]
 [ 13.           0.        ]
 [ 49.           0.        ]]
ok
[[  9.00000000e+00   8.10810811e-02]
 [  4.00000000e+00   6.08108108e-02]
 [  1.00000000e+01   1.29729730e-01]
 [  6.00000000e+00   9.97920998e-02]
 [  7.00000000e+00   1.44144144e-01]
 [  1.00000000e+00   0.00000000e+00]
 [  3.00000000e+00   3.60360360e-02]
 [  1.70000000e+01   0.00000000e+00]
 [  2.00000000e+01   1.17936118e-01]
 [  8.00000000e+00   1.29729730e-01]
 [  2.30000000e+01   0.00000000e+00]
 [  2.60000000e+01   8.28062105e-02]
 [  2.70000000e+01   8.28062105e-02]
 [  2.80000000e+01   1.05186267e-01]
 [  2.90000000e+01   4.86486486e-02]
 [  3.20000000e+01   0.00000000e+00]
 [  3.30000000e+01   9.97920998e-02]
 [  1.30000000e+01   0.00000000e+00]
 [  3.50000000e+01   3.60360360e-02]
 [  3.60000000e+01   0.00000000e+00]
 [  2.40000000e+01   6.17760618e-02]
 [  4.00000000e+01   0.00000000e+00]
 [  4.20000000e+01   1.34203169e-01]
 [  4.70000000e+01   3.60360360e-02]
 [  5.00000000e+01   5.40540541e-02]
 [  5.20000000e+01   1.08108108e-01]
 [  5.00000000e+00   6.17760618e-02]
 [  1.20000000e+01   6.17760618e-02]
 [  5.30000000e+01   0.00000000e+00]
 [  5.40000000e+01   3.60360360e-02]
 [  5.50000000e+01   1.49688150e-01]
 [  5.60000000e+01   6.17760618e-02]
 [  5.70000000e+01   1.08108108e-01]
 [  4.90000000e+01   0.00000000e+00]
 [  5.90000000e+01   0.00000000e+00]
 [  6.00000000e+01   6.08108108e-02]
 [  6.10000000e+01   7.78378378e-02]
 [  6.20000000e+01   5.40540541e-02]]
antes
[[  5.50000000e+01   1.49688150e-01]
 [  7.00000000e+00   1.44144144e-01]
 [  4.20000000e+01   1.34203169e-01]
 [  1.00000000e+01   1.29729730e-01]
 [  8.00000000e+00   1.29729730e-01]
 [  2.00000000e+01   1.17936118e-01]
 [  5.70000000e+01   1.08108108e-01]
 [  5.20000000e+01   1.08108108e-01]
 [  2.80000000e+01   1.05186267e-01]
 [  6.00000000e+00   9.97920998e-02]
 [  3.30000000e+01   9.97920998e-02]
 [  2.70000000e+01   8.28062105e-02]
 [  2.60000000e+01   8.28062105e-02]
 [  9.00000000e+00   8.10810811e-02]
 [  6.10000000e+01   7.78378378e-02]
 [  5.00000000e+00   6.17760618e-02]
 [  5.60000000e+01   6.17760618e-02]
 [  2.40000000e+01   6.17760618e-02]
 [  1.20000000e+01   6.17760618e-02]
 [  4.00000000e+00   6.08108108e-02]
 [  6.00000000e+01   6.08108108e-02]
 [  6.20000000e+01   5.40540541e-02]
 [  5.00000000e+01   5.40540541e-02]
 [  2.90000000e+01   4.86486486e-02]
 [  4.70000000e+01   3.60360360e-02]
 [  3.00000000e+00   3.60360360e-02]
 [  5.40000000e+01   3.60360360e-02]
 [  3.50000000e+01   3.60360360e-02]
 [  3.20000000e+01   0.00000000e+00]
 [  1.30000000e+01   0.00000000e+00]
 [  3.60000000e+01   0.00000000e+00]
 [  4.00000000e+01   0.00000000e+00]
 [  2.30000000e+01   0.00000000e+00]
 [  1.70000000e+01   0.00000000e+00]
 [  1.00000000e+00   0.00000000e+00]
 [  5.30000000e+01   0.00000000e+00]
 [  4.90000000e+01   0.00000000e+00]
 [  5.90000000e+01   0.00000000e+00]]
ok
[[  9.00000000e+00   9.67741935e-02]
 [  4.00000000e+00   7.25806452e-02]
 [  6.00000000e+00   3.22580645e-02]
 [  1.00000000e+00   0.00000000e+00]
 [  3.00000000e+00   4.30107527e-02]
 [  1.70000000e+01   0.00000000e+00]
 [  2.30000000e+01   0.00000000e+00]
 [  2.60000000e+01   6.45161290e-02]
 [  2.70000000e+01   6.45161290e-02]
 [  2.80000000e+01   6.45161290e-02]
 [  2.90000000e+01   5.80645161e-02]
 [  3.20000000e+01   0.00000000e+00]
 [  3.30000000e+01   3.22580645e-02]
 [  1.30000000e+01   0.00000000e+00]
 [  3.50000000e+01   4.30107527e-02]
 [  3.60000000e+01   0.00000000e+00]
 [  2.40000000e+01   7.37327189e-02]
 [  4.00000000e+01   0.00000000e+00]
 [  4.70000000e+01   4.30107527e-02]
 [  5.00000000e+01   6.45161290e-02]
 [  5.20000000e+01   1.29032258e-01]
 [  5.00000000e+00   7.37327189e-02]
 [  1.20000000e+01   7.37327189e-02]
 [  5.30000000e+01   0.00000000e+00]
 [  5.40000000e+01   4.30107527e-02]
 [  5.60000000e+01   7.37327189e-02]
 [  5.70000000e+01   3.22580645e-02]
 [  4.90000000e+01   0.00000000e+00]
 [  5.90000000e+01   0.00000000e+00]
 [  6.00000000e+01   7.25806452e-02]
 [  6.10000000e+01   3.22580645e-02]
 [  6.20000000e+01   6.45161290e-02]]
antes
[[  5.20000000e+01   1.29032258e-01]
 [  9.00000000e+00   9.67741935e-02]
 [  5.60000000e+01   7.37327189e-02]
 [  2.40000000e+01   7.37327189e-02]
 [  1.20000000e+01   7.37327189e-02]
 [  5.00000000e+00   7.37327189e-02]
 [  6.00000000e+01   7.25806452e-02]
 [  4.00000000e+00   7.25806452e-02]
 [  5.00000000e+01   6.45161290e-02]
 [  2.60000000e+01   6.45161290e-02]
 [  2.70000000e+01   6.45161290e-02]
 [  2.80000000e+01   6.45161290e-02]
 [  6.20000000e+01   6.45161290e-02]
 [  2.90000000e+01   5.80645161e-02]
 [  4.70000000e+01   4.30107527e-02]
 [  3.50000000e+01   4.30107527e-02]
 [  3.00000000e+00   4.30107527e-02]
 [  5.40000000e+01   4.30107527e-02]
 [  3.30000000e+01   3.22580645e-02]
 [  6.10000000e+01   3.22580645e-02]
 [  5.70000000e+01   3.22580645e-02]
 [  6.00000000e+00   3.22580645e-02]
 [  1.30000000e+01   0.00000000e+00]
 [  3.20000000e+01   0.00000000e+00]
 [  4.00000000e+01   0.00000000e+00]
 [  4.90000000e+01   0.00000000e+00]
 [  2.30000000e+01   0.00000000e+00]
 [  1.70000000e+01   0.00000000e+00]
 [  5.30000000e+01   0.00000000e+00]
 [  1.00000000e+00   0.00000000e+00]
 [  5.90000000e+01   0.00000000e+00]
 [  3.60000000e+01   0.00000000e+00]]
ok
[[  4.00000000e+00   4.00000000e-02]
 [  6.00000000e+00   4.00000000e-02]
 [  1.00000000e+00   0.00000000e+00]
 [  3.00000000e+00   5.33333333e-02]
 [  1.70000000e+01   0.00000000e+00]
 [  2.30000000e+01   0.00000000e+00]
 [  2.60000000e+01   8.00000000e-02]
 [  2.70000000e+01   8.00000000e-02]
 [  2.80000000e+01   8.00000000e-02]
 [  2.90000000e+01   0.00000000e+00]
 [  3.20000000e+01   0.00000000e+00]
 [  3.30000000e+01   4.00000000e-02]
 [  1.30000000e+01   0.00000000e+00]
 [  3.50000000e+01   5.33333333e-02]
 [  3.60000000e+01   0.00000000e+00]
 [  4.00000000e+01   0.00000000e+00]
 [  4.70000000e+01   5.33333333e-02]
 [  5.00000000e+01   8.00000000e-02]
 [  5.30000000e+01   0.00000000e+00]
 [  5.40000000e+01   5.33333333e-02]
 [  5.70000000e+01   4.00000000e-02]
 [  4.90000000e+01   0.00000000e+00]
 [  5.90000000e+01   0.00000000e+00]
 [  6.00000000e+01   4.00000000e-02]
 [  6.10000000e+01   4.00000000e-02]
 [  6.20000000e+01   8.00000000e-02]]
antes
[[  6.20000000e+01   8.00000000e-02]
 [  2.60000000e+01   8.00000000e-02]
 [  2.70000000e+01   8.00000000e-02]
 [  2.80000000e+01   8.00000000e-02]
 [  5.00000000e+01   8.00000000e-02]
 [  3.50000000e+01   5.33333333e-02]
 [  3.00000000e+00   5.33333333e-02]
 [  5.40000000e+01   5.33333333e-02]
 [  4.70000000e+01   5.33333333e-02]
 [  6.00000000e+00   4.00000000e-02]
 [  3.30000000e+01   4.00000000e-02]
 [  6.10000000e+01   4.00000000e-02]
 [  4.00000000e+00   4.00000000e-02]
 [  5.70000000e+01   4.00000000e-02]
 [  6.00000000e+01   4.00000000e-02]
 [  3.60000000e+01   0.00000000e+00]
 [  4.00000000e+01   0.00000000e+00]
 [  3.20000000e+01   0.00000000e+00]
 [  2.90000000e+01   0.00000000e+00]
 [  5.30000000e+01   0.00000000e+00]
 [  4.90000000e+01   0.00000000e+00]
 [  2.30000000e+01   0.00000000e+00]
 [  1.70000000e+01   0.00000000e+00]
 [  5.90000000e+01   0.00000000e+00]
 [  1.00000000e+00   0.00000000e+00]
 [  1.30000000e+01   0.00000000e+00]]
ok
[[  4.00000000e+00   5.26315789e-02]
 [  6.00000000e+00   5.26315789e-02]
 [  1.00000000e+00   0.00000000e+00]
 [  3.00000000e+00   0.00000000e+00]
 [  1.70000000e+01   0.00000000e+00]
 [  2.30000000e+01   0.00000000e+00]
 [  2.90000000e+01   0.00000000e+00]
 [  3.20000000e+01   0.00000000e+00]
 [  3.30000000e+01   5.26315789e-02]
 [  1.30000000e+01   0.00000000e+00]
 [  3.60000000e+01   0.00000000e+00]
 [  4.00000000e+01   0.00000000e+00]
 [  4.70000000e+01   0.00000000e+00]
 [  5.30000000e+01   0.00000000e+00]
 [  5.40000000e+01   0.00000000e+00]
 [  5.70000000e+01   5.26315789e-02]
 [  4.90000000e+01   0.00000000e+00]
 [  5.90000000e+01   0.00000000e+00]
 [  6.00000000e+01   5.26315789e-02]
 [  6.10000000e+01   5.26315789e-02]]
antes
[[  6.10000000e+01   5.26315789e-02]
 [  6.00000000e+01   5.26315789e-02]
 [  6.00000000e+00   5.26315789e-02]
 [  3.30000000e+01   5.26315789e-02]
 [  4.00000000e+00   5.26315789e-02]
 [  5.70000000e+01   5.26315789e-02]
 [  5.40000000e+01   0.00000000e+00]
 [  5.30000000e+01   0.00000000e+00]
 [  4.70000000e+01   0.00000000e+00]
 [  4.00000000e+01   0.00000000e+00]
 [  3.60000000e+01   0.00000000e+00]
 [  4.90000000e+01   0.00000000e+00]
 [  3.20000000e+01   0.00000000e+00]
 [  2.90000000e+01   0.00000000e+00]
 [  2.30000000e+01   0.00000000e+00]
 [  1.70000000e+01   0.00000000e+00]
 [  3.00000000e+00   0.00000000e+00]
 [  1.00000000e+00   0.00000000e+00]
 [  5.90000000e+01   0.00000000e+00]
 [  1.30000000e+01   0.00000000e+00]]
ok
[[  1.   0.]
 [  3.   0.]
 [ 17.   0.]
 [ 23.   0.]
 [ 29.   0.]
 [ 32.   0.]
 [ 13.   0.]
 [ 36.   0.]
 [ 40.   0.]
 [ 47.   0.]
 [ 53.   0.]
 [ 54.   0.]
 [ 49.   0.]
 [ 59.   0.]]
antes
[[ 59.   0.]
 [ 49.   0.]
 [ 54.   0.]
 [ 53.   0.]
 [ 47.   0.]
 [ 40.   0.]
 [ 36.   0.]
 [ 13.   0.]
 [ 32.   0.]
 [ 29.   0.]
 [ 23.   0.]
 [ 17.   0.]
 [  3.   0.]
 [  1.   0.]]
ok
Centrality
