[array([  2.47826830e+16,   4.14493297e+07,   5.92079404e+05,
         2.06437775e+15,   1.00000000e+00]), array([  2.68430309e+16,   3.84578139e+06,   1.92261623e+06,
         1.00000000e+00,   1.00000000e+00]), array([  2.27202902e+16,   2.06639375e+15,   1.00000000e+00,
         1.00000000e+00,   1.00000000e+00]), array([  2.27142752e+16,   2.06639375e+15,   2.06470335e+05,
         2.06437775e+15,   1.00000000e+00]), array([  2.47787228e+16,   2.06639375e+15,   1.92261623e+06,
         1.00000000e+00,   1.00000000e+00]), array([  2.27202902e+16,   2.01599449e+12,   2.06437775e+15,
         1.00000000e+00,   1.00000000e+00]), array([  2.27122942e+16,   2.01602996e+12,   2.06470335e+05,
         2.06437775e+15,   1.00000000e+00]), array([  2.27142752e+16,   2.06639375e+15,   1.00000000e+00,
         1.00000000e+00,   1.00000000e+00]), array([  2.06519833e+16,   2.01599391e+12,   1.92261623e+06,
         1.00000000e+00,   1.00000000e+00]), array([  2.47746209e+16,   2.06639375e+15,   5.92079404e+05,
         2.06437775e+15,   1.00000000e+00]), array([  2.68429627e+16,   2.06437775e+15,   1.00000000e+00,
         1.00000000e+00,   1.00000000e+00]), array([  2.47806709e+16,   2.01599392e+12,   5.92079404e+05,
         2.06437775e+15,   1.00000000e+00]), array([  2.68410147e+16,   2.06437775e+15,   1.00000000e+00,
         1.00000000e+00,   1.00000000e+00]), array([  1.44566927e+16,   2.01599391e+12,   1.92261623e+06,
         1.00000000e+00,   1.00000000e+00]), array([  2.06479144e+16,   6.19313326e+15,   1.00000000e+00,
         1.00000000e+00,   1.00000000e+00]), array([  2.68430309e+16,   2.06437776e+15,   1.92261623e+06,
         1.00000000e+00,   1.00000000e+00]), array([  8.25758487e+15,   2.06437776e+15,   1.92261623e+06,
         1.00000000e+00,   1.00000000e+00]), array([  2.47765694e+16,   8.02075480e+05,   2.06437775e+15,
         1.00000000e+00,   1.00000000e+00]), array([  2.06457937e+16,   7.33848628e+03,   5.92079404e+05,
         2.06437775e+15,   1.00000000e+00]), array([  1.85875357e+16,   2.06437775e+15,   1.00000000e+00,
         1.00000000e+00,   1.00000000e+00]), array([  2.06478467e+16,   2.45572203e+03,   1.92261623e+06,
         1.00000000e+00,   1.00000000e+00]), array([  2.68429997e+16,   2.13091692e+06,   2.06437775e+15,
         1.00000000e+00,   1.00000000e+00]), array([  1.85835426e+16,   2.01602804e+12,   2.45572203e+03,
         1.92261623e+06,   1.00000000e+00]), array([  1.85854827e+16,   2.06437775e+15,   1.00000000e+00,
         1.00000000e+00,   1.00000000e+00]), array([  2.06518806e+16,   2.06437776e+15,   2.06437775e+15,
         1.00000000e+00,   1.00000000e+00]), array([  1.65171082e+16,   2.18013635e+09,   2.06437775e+15,
         1.00000000e+00,   1.00000000e+00]), array([  1.85875726e+16,   2.18013635e+09,   2.06437775e+15,
         1.00000000e+00,   1.00000000e+00])]
