FSBCAlgorithm
logR
[-2.19722458,-1.5040774 ,-1.09861229,-0.81093022,-0.58778666,-0.40546511,
 -0.25131443,-0.11778304, 0.        ]
IndexZero
10
Tq
[-19.35161456,-17.7573306 ,-16.16325817,-14.56962334,-12.97691197,
 -11.38621792, -9.80021621, -8.22647733, -6.69133921, -5.28828321,
  -3.31926197,  0.        ,  3.36205463,  6.64589218,  9.87875169,
  13.07426329, 16.23944915, 19.37787029, 22.49083286, 25.5781277 ,
  28.63893721]
Dq
[ 1.75923769, 1.77573306, 1.79591757, 1.82120292, 1.85384457, 1.89770299,
  1.96004324, 2.05661933, 2.2304464 , 2.6441416 , 3.31926197, 3.41191324,
  3.36205463, 3.32294609, 3.29291723, 3.26856582, 3.24788983, 3.22964505,
  3.21297612, 3.19726596, 3.18210413]
lnMrq
[[  9.00447741e+01,  8.81799244e+01,  8.74758862e+01,  8.64115467e+01,
    8.55260128e+01,  8.45576347e+01,  8.36615133e+01,  8.02522272e+01,
    0.00000000e+00],
 [  8.15281475e+01,  7.96634846e+01,  7.89593313e+01,  7.78949946e+01,
    7.70094389e+01,  7.60410428e+01,  7.51448589e+01,  7.17352126e+01,
    0.00000000e+00],
 [  7.30121034e+01,  7.11478222e+01,  7.04434334e+01,  6.93791025e+01,
    6.84935015e+01,  6.75250682e+01,  6.66287567e+01,  6.32183812e+01,
    0.00000000e+00],
 [  6.44972585e+01,  6.26337662e+01,  6.19288882e+01,  6.08645703e+01,
    5.99788733e+01,  5.90103626e+01,  5.81137874e+01,  5.47019258e+01,
    0.00000000e+00],
 [  5.59849258e+01,  5.41230897e+01,  5.34171745e+01,  5.23528854e+01,
    5.14669791e+01,  5.04983033e+01,  4.96011755e+01,  4.61862511e+01,
    0.00000000e+00],
 [  4.74780152e+01,  4.56197344e+01,  4.49115408e+01,  4.38473183e+01,
    4.29609342e+01,  4.19918949e+01,  4.10935833e+01,  3.76722258e+01,
    0.00000000e+00],
 [  3.89834639e+01,  3.71330503e+01,  3.64195273e+01,  3.53554562e+01,
    3.44679050e+01,  3.34980215e+01,  3.25970978e+01,  2.91617710e+01,
    0.00000000e+00],
 [  3.05200973e+01,  2.86879195e+01,  2.79603495e+01,  2.68965470e+01,
    2.60058243e+01,  2.50338037e+01,  2.41268714e+01,  2.06593004e+01,
    0.00000000e+00],
 [  2.21489770e+01,  2.03650746e+01,  1.95919140e+01,  1.85275281e+01,
    1.76265623e+01,  1.66482287e+01,  1.57264253e+01,  1.21754074e+01,
    0.00000000e+00],
 [  1.40769657e+01,  1.24754609e+01,  1.15474917e+01,  1.04703689e+01,
    9.52620964e+00,  8.52279569e+00,  7.55103500e+00,  3.75984268e+00,
    0.00000000e+00],
 [  6.69577976e+00,  5.70941724e+00,  4.79167382e+00,  3.83548747e+00,
    2.86256653e+00,  1.84556876e+00,  7.96921439e-01,  1.00493359e-02,
    0.00000000e+00],
 [  0.00000000e+00,  0.00000000e+00,  0.00000000e+00,  0.00000000e+00,
    0.00000000e+00,  0.00000000e+00,  0.00000000e+00,  0.00000000e+00,
    0.00000000e+00],
 [ -6.38797149e+00, -5.25490480e+00, -3.94674290e+00, -2.65908910e+00,
   -1.35881798e+00, -3.22648787e-01, -9.45779180e-03, -6.11737071e-06,
    0.00000000e+00],
 [ -1.26605892e+01, -1.02904760e+01, -7.58434050e+00, -4.96393076e+00,
   -2.39127936e+00, -5.10653696e-01, -1.42139776e-02, -9.17607010e-06,
    0.00000000e+00],
 [ -1.88772556e+01, -1.51819629e+01, -1.10521982e+01, -7.08883408e+00,
   -3.28811502e+00, -6.72379104e-01, -1.88231340e-02, -1.22321340e-05,
    0.00000000e+00],
 [ -2.50593285e+01, -1.99626798e+01, -1.44002860e+01, -9.09101184e+00,
   -4.10628911e+00, -8.23575268e-01, -2.33665612e-02, -1.52868849e-05,
    0.00000000e+00],
 [ -3.12167281e+01, -2.46505659e+01, -1.76495804e+01, -1.09954355e+01,
   -4.86995604e+00, -9.67775675e-01, -2.78499923e-02, -1.83403243e-05,
    0.00000000e+00],
 [ -3.73548756e+01, -2.92554518e+01, -2.08067789e+01, -1.28139054e+01,
   -5.59135209e+00, -1.10619248e+00, -3.22759866e-02, -2.13924531e-05,
    0.00000000e+00],
 [ -4.34770026e+01, -3.37815113e+01, -2.38691339e+01, -1.45514635e+01,
   -6.27736883e+00, -1.23946909e+00, -3.66467603e-02, -2.44432720e-05,
    0.00000000e+00],
 [ -4.95851248e+01, -3.82285751e+01, -2.68282436e+01, -1.62097301e+01,
   -6.93216119e+00, -1.36806360e+00, -4.09643748e-02, -2.74927818e-05,
    0.00000000e+00],
 [ -5.56805216e+01, -4.25938314e+01, -2.96762187e+01, -1.77895811e+01,
   -7.55835405e+00, -1.49234935e+00, -4.52307629e-02, -3.05409833e-05,
    0.00000000e+00]]
BCAlgorithm
logR
[-2.07944154,-1.38629436,-0.98082925,-0.69314718,-0.47000363,-0.28768207,
 -0.13353139, 0.        ]
IndexZero
10
Tq
[ -4.23086063e+01, -3.83092081e+01, -3.43096014e+01, -3.03100465e+01,
  -2.63113061e+01, -2.23153857e+01, -1.83275409e+01, -1.43625963e+01,
  -1.04680370e+01, -6.79422931e+00, -3.46659243e+00, -1.29924513e-17,
   3.47022106e+00,  6.86855932e+00,  1.02147575e+01,  1.35208996e+01,
   1.67932345e+01,  2.00364315e+01,  2.32553581e+01,  2.64549867e+01,
   2.96396949e+01]
Dq
[ 3.84623694, 3.83092081, 3.81217793, 3.78875581, 3.75875802, 3.71923095,
  3.66550819, 3.59064908, 3.48934566, 3.39711465, 3.46659243, 3.50739735,
  3.47022106, 3.43427966, 3.40491916, 3.3802249 , 3.35864689, 3.33940525,
  3.32219402, 3.30687334, 3.29329944]
lnMrq
[[  8.98546069e+01,  8.77379526e+01,  8.65594552e+01,  8.62712010e+01,
    6.12493262e+01,  5.38169898e+01,  0.00000000e+00,  0.00000000e+00],
 [  8.13379681e+01,  7.92218506e+01,  7.80434989e+01,  7.77546705e+01,
    5.51520601e+01,  4.84352908e+01,  0.00000000e+00,  0.00000000e+00],
 [  7.28219061e+01,  7.07068802e+01,  6.95287963e+01,  6.92388146e+01,
    4.90634100e+01,  4.30535918e+01,  0.00000000e+00,  0.00000000e+00],
 [  6.43070458e+01,  6.21942558e+01,  6.10166365e+01,  6.07243327e+01,
    4.29867060e+01,  3.76718928e+01,  0.00000000e+00,  0.00000000e+00],
 [  5.57947466e+01,  5.36865817e+01,  5.25096841e+01,  5.22126762e+01,
    3.69266121e+01,  3.22901939e+01,  0.00000000e+00,  0.00000000e+00],
 [  4.72881108e+01,  4.51896327e+01,  4.40135993e+01,  4.37069187e+01,
    3.08898799e+01,  2.69084958e+01,  0.00000000e+00,  0.00000000e+00],
 [  3.87947975e+01,  3.67168961e+01,  3.55411116e+01,  3.52138121e+01,
    2.48869159e+01,  2.15268102e+01,  0.00000000e+00,  0.00000000e+00],
 [  3.03362678e+01,  2.83027016e+01,  2.71241523e+01,  2.67494070e+01,
    1.89353334e+01,  1.61453296e+01,  0.00000000e+00,  0.00000000e+00],
 [  2.19828008e+01,  2.00481891e+01,  1.88569378e+01,  1.83603078e+01,
    1.30694975e+01,  1.07671976e+01,  0.00000000e+00,  0.00000000e+00],
 [  1.39626230e+01,  1.22860966e+01,  1.10614143e+01,  1.02545640e+01,
    7.38668726e+00,  5.44607567e+00,  0.00000000e+00,  0.00000000e+00],
 [  6.65544035e+00,  5.63835467e+00,  4.65396035e+00,  3.63758616e+00,
    2.48490665e+00,  1.09861229e+00,  0.00000000e+00,  0.00000000e+00],
 [  0.00000000e+00,  0.00000000e+00,  0.00000000e+00, -2.22044605e-16,
   -1.11022302e-16,  0.00000000e+00,  0.00000000e+00,  0.00000000e+00],
 [ -6.37018646e+00, -5.18752045e+00, -3.87192960e+00, -2.41873157e+00,
   -1.28292597e+00, -1.58854405e-01,  0.00000000e+00,  0.00000000e+00],
 [ -1.26309359e+01, -1.01574430e+01, -7.42214779e+00, -4.54903337e+00,
   -2.36656114e+00, -2.47652558e-01,  0.00000000e+00,  0.00000000e+00],
 [ -1.88379509e+01, -1.49803388e+01, -1.07931565e+01, -6.57189604e+00,
   -3.39670426e+00, -3.30875007e-01,  0.00000000e+00,  0.00000000e+00],
 [ -2.50116090e+01, -1.96778406e+01, -1.40515834e+01, -8.53704836e+00,
   -4.40349598e+00, -4.13644697e-01,  0.00000000e+00,  0.00000000e+00],
 [ -3.11610864e+01, -2.42584461e+01, -1.72340537e+01, -1.04658724e+01,
   -5.39650693e+00, -4.96377598e-01,  0.00000000e+00,  0.00000000e+00],
 [ -3.72911082e+01, -2.87329531e+01, -2.03623034e+01, -1.23699188e+01,
   -6.37974095e+00, -5.79107510e-01,  0.00000000e+00,  0.00000000e+00],
 [ -4.34043034e+01, -3.31190473e+01, -2.34504844e+01, -1.42561619e+01,
   -7.35531040e+00, -6.61837179e-01,  0.00000000e+00,  0.00000000e+00],
 [ -4.95022028e+01, -3.74382009e+01, -2.65086387e+01, -1.61291403e+01,
   -8.32459214e+00, -7.44566828e-01,  0.00000000e+00,  0.00000000e+00],
 [ -5.55857260e+01, -4.17105340e+01, -2.95442728e+01, -1.79919801e+01,
   -9.28863179e+00, -8.27296476e-01,  0.00000000e+00,  0.00000000e+00]]
SBAlgorithm
logR
[-2.07944154,-1.38629436,-0.98082925,-0.69314718,-0.47000363,-0.28768207,
 -0.13353139, 0.        ]
IndexZero
10
Tq
[-36.87154211,-33.50729851,-30.14355406,-26.78030524,-23.41789143,
 -20.05700221,-16.69869021,-13.34434258, -9.9955908 , -6.65417745,
  -3.32180721,  0.        ,  3.31003631,  6.6074831 ,  9.89190358,
  13.1631344 , 16.42109301, 19.66554896, 22.89593911, 26.11134841,
  29.31078886]
Dq
[ 3.35195837, 3.35072985, 3.34928378, 3.34753816, 3.34541306, 3.3428337 ,
  3.33973804, 3.33608564, 3.3318636 , 3.32708872, 3.32180721, 3.31609202,
  3.31003631, 3.30374155, 3.29730119, 3.2907836 , 3.2842186 , 3.27759149,
  3.27084844, 3.26391855, 3.25675432]
lnMrq
[[-25.76617867,-37.72867623,-51.09314803,-65.55949745,-79.06724894,
  -90.46617257,-93.63188911,-93.68909164],
 [-23.48189558,-34.4238718 ,-46.83656027,-59.94416173,-72.25412362,
  -82.40085275,-85.1203781 ,-85.1719015 ],
 [-21.18306368,-31.10345253,-42.52371578,-54.28281893,-65.38326522,
  -74.29059544,-76.60875532,-76.65471136],
 [-18.87095821,-27.76562653,-38.14234758,-48.56541799,-58.44240277,
  -66.13937007,-68.09702702,-68.13752121],
 [-16.54670316,-24.4080437 ,-33.68124216,-42.78147908,-51.42077466,
  -57.95215668,-59.58519891,-59.62033107],
 [-14.21126264,-21.02766873,-29.13224816,-36.92150475,-44.31156704,
  -49.73411237,-51.07327624,-51.10314092],
 [-11.86544603,-17.62066843,-24.49156274,-30.97853399,-37.11345765,
  -41.4900126 ,-42.56126384,-42.58595077],
 [ -9.50992074,-14.18235092,-19.75959398,-24.9491364 ,-29.83030562,
  -33.22398517,-34.04916615,-34.06876062],
 [ -7.14522816,-10.70721394,-14.93966341,-18.83336501,-22.46929818,
  -24.93945404,-25.53698726,-25.55157047],
 [ -4.77179983, -7.18917038,-10.03646543,-12.63383333,-15.03877366,
  -16.6391969 ,-17.02473098,-17.03438031],
 [ -2.38997229, -3.62199943, -5.05498582, -6.35454427, -7.5466977 ,
   -8.325447  , -8.51240081, -8.51719016],
 [  0.        ,  0.        ,  0.        ,  0.        ,  0.        ,
    0.        ,  0.        ,  0.        ],
 [  2.39793401,  3.68129491,  5.12407352,  6.42527613,  7.59550665,
    8.33569156,  8.51246843,  8.51719016],
 [  4.80370956,  7.42458702, 10.3132206 , 12.9169537 , 15.23496388,
   16.68044127, 17.02500166, 17.03438032],
 [  7.21726264, 11.23070594, 15.56394712, 19.47103302, 22.91426921,
   25.03326888, 25.53759708, 25.55157048],
 [  9.63858026, 15.09902547, 20.87355686, 26.08400737, 30.62991984,
   33.39335464, 34.05025224, 34.06876064],
 [ 12.06769665, 19.02829818, 26.24063766, 32.75306076, 38.37890657,
   41.76000503, 42.56296487, 42.5859508 ],
 [ 14.50469044, 23.01764689, 31.66571356, 39.47625589, 46.15864274,
   50.13262686, 51.07573281, 51.10314097],
 [ 16.94968253, 27.06735838, 37.15178553, 46.25262886, 53.96691224,
   58.5107079 , 59.58855407, 59.62033114],
 [ 19.40283436, 31.17904626, 42.70406544, 53.08207377, 61.80182648,
   66.89380198, 68.10142676, 68.13752131],
 [ 21.86434629, 35.35477178, 48.32798781, 59.96490118, 69.66178448,
   75.28151764, 76.61434912, 76.65471147]]
