BCAlgorithm
logR
[-2.07944154,-1.38629436,-0.98082925,-0.69314718,-0.47000363,-0.28768207,
-0.13353139, 0.        ]
IndexZero
10
Tq
[ -4.23086063e+01, -3.83092081e+01, -3.43096014e+01, -3.03100465e+01,
-2.63113061e+01, -2.23153857e+01, -1.83275409e+01, -1.43625963e+01,
-1.04680370e+01, -6.79422931e+00, -3.46659243e+00, -1.29924513e-17,
3.47022106e+00,  6.86855932e+00,  1.02147575e+01,  1.35208996e+01,
1.67932345e+01,  2.00364315e+01,  2.32553581e+01,  2.64549867e+01,
2.96396949e+01]
Dq
[ 3.84623694, 3.83092081, 3.81217793, 3.78875581, 3.75875802, 3.71923095,
3.66550819, 3.59064908, 3.48934566, 3.39711465, 3.46659243, 3.50739735,
3.47022106, 3.43427966, 3.40491916, 3.3802249 , 3.35864689, 3.33940525,
3.32219402, 3.30687334, 3.29329944]
lnMrq
[[  8.98546069e+01,  8.77379526e+01,  8.65594552e+01,  8.62712010e+01,
6.12493262e+01,  5.38169898e+01,  0.00000000e+00,  0.00000000e+00],
[  8.13379681e+01,  7.92218506e+01,  7.80434989e+01,  7.77546705e+01,
5.51520601e+01,  4.84352908e+01,  0.00000000e+00,  0.00000000e+00],
[  7.28219061e+01,  7.07068802e+01,  6.95287963e+01,  6.92388146e+01,
4.90634100e+01,  4.30535918e+01,  0.00000000e+00,  0.00000000e+00],
[  6.43070458e+01,  6.21942558e+01,  6.10166365e+01,  6.07243327e+01,
4.29867060e+01,  3.76718928e+01,  0.00000000e+00,  0.00000000e+00],
[  5.57947466e+01,  5.36865817e+01,  5.25096841e+01,  5.22126762e+01,
3.69266121e+01,  3.22901939e+01,  0.00000000e+00,  0.00000000e+00],
[  4.72881108e+01,  4.51896327e+01,  4.40135993e+01,  4.37069187e+01,
3.08898799e+01,  2.69084958e+01,  0.00000000e+00,  0.00000000e+00],
[  3.87947975e+01,  3.67168961e+01,  3.55411116e+01,  3.52138121e+01,
2.48869159e+01,  2.15268102e+01,  0.00000000e+00,  0.00000000e+00],
[  3.03362678e+01,  2.83027016e+01,  2.71241523e+01,  2.67494070e+01,
1.89353334e+01,  1.61453296e+01,  0.00000000e+00,  0.00000000e+00],
[  2.19828008e+01,  2.00481891e+01,  1.88569378e+01,  1.83603078e+01,
1.30694975e+01,  1.07671976e+01,  0.00000000e+00,  0.00000000e+00],
[  1.39626230e+01,  1.22860966e+01,  1.10614143e+01,  1.02545640e+01,
7.38668726e+00,  5.44607567e+00,  0.00000000e+00,  0.00000000e+00],
[  6.65544035e+00,  5.63835467e+00,  4.65396035e+00,  3.63758616e+00,
2.48490665e+00,  1.09861229e+00,  0.00000000e+00,  0.00000000e+00],
[  0.00000000e+00,  0.00000000e+00,  0.00000000e+00, -2.22044605e-16,
-1.11022302e-16,  0.00000000e+00,  0.00000000e+00,  0.00000000e+00],
[ -6.37018646e+00, -5.18752045e+00, -3.87192960e+00, -2.41873157e+00,
-1.28292597e+00, -1.58854405e-01,  0.00000000e+00,  0.00000000e+00],
[ -1.26309359e+01, -1.01574430e+01, -7.42214779e+00, -4.54903337e+00,
-2.36656114e+00, -2.47652558e-01,  0.00000000e+00,  0.00000000e+00],
[ -1.88379509e+01, -1.49803388e+01, -1.07931565e+01, -6.57189604e+00,
-3.39670426e+00, -3.30875007e-01,  0.00000000e+00,  0.00000000e+00],
[ -2.50116090e+01, -1.96778406e+01, -1.40515834e+01, -8.53704836e+00,
-4.40349598e+00, -4.13644697e-01,  0.00000000e+00,  0.00000000e+00],
[ -3.11610864e+01, -2.42584461e+01, -1.72340537e+01, -1.04658724e+01,
-5.39650693e+00, -4.96377598e-01,  0.00000000e+00,  0.00000000e+00],
[ -3.72911082e+01, -2.87329531e+01, -2.03623034e+01, -1.23699188e+01,
-6.37974095e+00, -5.79107510e-01,  0.00000000e+00,  0.00000000e+00],
[ -4.34043034e+01, -3.31190473e+01, -2.34504844e+01, -1.42561619e+01,
-7.35531040e+00, -6.61837179e-01,  0.00000000e+00,  0.00000000e+00],
[ -4.95022028e+01, -3.74382009e+01, -2.65086387e+01, -1.61291403e+01,
-8.32459214e+00, -7.44566828e-01,  0.00000000e+00,  0.00000000e+00],
[ -5.55857260e+01, -4.17105340e+01, -2.95442728e+01, -1.79919801e+01,
-9.28863179e+00, -8.27296476e-01,  0.00000000e+00,  0.00000000e+00]]

FSBCAlgorithm
logR
[-2.19722458,-1.5040774 ,-1.09861229,-0.81093022,-0.58778666,-0.40546511,
-0.25131443,-0.11778304, 0.        ]
IndexZero
10
Tq
[-19.35161456,-17.7573306 ,-16.16325817,-14.56962334,-12.97691197,
-11.38621792, -9.80021621, -8.22647733, -6.69133921, -5.28828321,
-3.31926197,  0.        ,  3.36205463,  6.64589218,  9.87875169,
13.07426329, 16.23944915, 19.37787029, 22.49083286, 25.5781277 ,
28.63893721]
Dq
[ 1.75923769, 1.77573306, 1.79591757, 1.82120292, 1.85384457, 1.89770299,
1.96004324, 2.05661933, 2.2304464 , 2.6441416 , 3.31926197, 3.41191324,
3.36205463, 3.32294609, 3.29291723, 3.26856582, 3.24788983, 3.22964505,
3.21297612, 3.19726596, 3.18210413]
lnMrq
[[  9.00447741e+01,  8.81799244e+01,  8.74758862e+01,  8.64115467e+01,
8.55260128e+01,  8.45576347e+01,  8.36615133e+01,  8.02522272e+01,
0.00000000e+00],
[  8.15281475e+01,  7.96634846e+01,  7.89593313e+01,  7.78949946e+01,
7.70094389e+01,  7.60410428e+01,  7.51448589e+01,  7.17352126e+01,
0.00000000e+00],
[  7.30121034e+01,  7.11478222e+01,  7.04434334e+01,  6.93791025e+01,
6.84935015e+01,  6.75250682e+01,  6.66287567e+01,  6.32183812e+01,
0.00000000e+00],
[  6.44972585e+01,  6.26337662e+01,  6.19288882e+01,  6.08645703e+01,
5.99788733e+01,  5.90103626e+01,  5.81137874e+01,  5.47019258e+01,
0.00000000e+00],
[  5.59849258e+01,  5.41230897e+01,  5.34171745e+01,  5.23528854e+01,
5.14669791e+01,  5.04983033e+01,  4.96011755e+01,  4.61862511e+01,
0.00000000e+00],
[  4.74780152e+01,  4.56197344e+01,  4.49115408e+01,  4.38473183e+01,
4.29609342e+01,  4.19918949e+01,  4.10935833e+01,  3.76722258e+01,
0.00000000e+00],
[  3.89834639e+01,  3.71330503e+01,  3.64195273e+01,  3.53554562e+01,
3.44679050e+01,  3.34980215e+01,  3.25970978e+01,  2.91617710e+01,
0.00000000e+00],
[  3.05200973e+01,  2.86879195e+01,  2.79603495e+01,  2.68965470e+01,
2.60058243e+01,  2.50338037e+01,  2.41268714e+01,  2.06593004e+01,
0.00000000e+00],
[  2.21489770e+01,  2.03650746e+01,  1.95919140e+01,  1.85275281e+01,
1.76265623e+01,  1.66482287e+01,  1.57264253e+01,  1.21754074e+01,
0.00000000e+00],
[  1.40769657e+01,  1.24754609e+01,  1.15474917e+01,  1.04703689e+01,
9.52620964e+00,  8.52279569e+00,  7.55103500e+00,  3.75984268e+00,
0.00000000e+00],
[  6.69577976e+00,  5.70941724e+00,  4.79167382e+00,  3.83548747e+00,
2.86256653e+00,  1.84556876e+00,  7.96921439e-01,  1.00493359e-02,
0.00000000e+00],
[  0.00000000e+00,  0.00000000e+00,  0.00000000e+00,  0.00000000e+00,
0.00000000e+00,  0.00000000e+00,  0.00000000e+00,  0.00000000e+00,
0.00000000e+00],
[ -6.38797149e+00, -5.25490480e+00, -3.94674290e+00, -2.65908910e+00,
-1.35881798e+00, -3.22648787e-01, -9.45779180e-03, -6.11737071e-06,
0.00000000e+00],
[ -1.26605892e+01, -1.02904760e+01, -7.58434050e+00, -4.96393076e+00,
-2.39127936e+00, -5.10653696e-01, -1.42139776e-02, -9.17607010e-06,
0.00000000e+00],
[ -1.88772556e+01, -1.51819629e+01, -1.10521982e+01, -7.08883408e+00,
-3.28811502e+00, -6.72379104e-01, -1.88231340e-02, -1.22321340e-05,
0.00000000e+00],
[ -2.50593285e+01, -1.99626798e+01, -1.44002860e+01, -9.09101184e+00,
-4.10628911e+00, -8.23575268e-01, -2.33665612e-02, -1.52868849e-05,
0.00000000e+00],
[ -3.12167281e+01, -2.46505659e+01, -1.76495804e+01, -1.09954355e+01,
-4.86995604e+00, -9.67775675e-01, -2.78499923e-02, -1.83403243e-05,
0.00000000e+00],
[ -3.73548756e+01, -2.92554518e+01, -2.08067789e+01, -1.28139054e+01,
-5.59135209e+00, -1.10619248e+00, -3.22759866e-02, -2.13924531e-05,
0.00000000e+00],
[ -4.34770026e+01, -3.37815113e+01, -2.38691339e+01, -1.45514635e+01,
-6.27736883e+00, -1.23946909e+00, -3.66467603e-02, -2.44432720e-05,
0.00000000e+00],
[ -4.95851248e+01, -3.82285751e+01, -2.68282436e+01, -1.62097301e+01,
-6.93216119e+00, -1.36806360e+00, -4.09643748e-02, -2.74927818e-05,
0.00000000e+00],
[ -5.56805216e+01, -4.25938314e+01, -2.96762187e+01, -1.77895811e+01,
-7.55835405e+00, -1.49234935e+00, -4.52307629e-02, -3.05409833e-05,
0.00000000e+00]]

SBAlgorithm
logR
[-2.07944154,-1.38629436,-0.98082925,-0.69314718,-0.47000363,-0.28768207,
-0.13353139, 0.        ]
IndexZero
10
Tq
[-36.87154211,-33.50729851,-30.14355406,-26.78030524,-23.41789143,
-20.05700221,-16.69869021,-13.34434258, -9.9955908 , -6.65417745,
-3.32180721,  0.        ,  3.31003631,  6.6074831 ,  9.89190358,
13.1631344 , 16.42109301, 19.66554896, 22.89593911, 26.11134841,
29.31078886]
Dq
[ 3.35195837, 3.35072985, 3.34928378, 3.34753816, 3.34541306, 3.3428337 ,
3.33973804, 3.33608564, 3.3318636 , 3.32708872, 3.32180721, 3.31609202,
3.31003631, 3.30374155, 3.29730119, 3.2907836 , 3.2842186 , 3.27759149,
3.27084844, 3.26391855, 3.25675432]
lnMrq
[[-25.76617867,-37.72867623,-51.09314803,-65.55949745,-79.06724894,
-90.46617257,-93.63188911,-93.68909164],
[-23.48189558,-34.4238718 ,-46.83656027,-59.94416173,-72.25412362,
-82.40085275,-85.1203781 ,-85.1719015 ],
[-21.18306368,-31.10345253,-42.52371578,-54.28281893,-65.38326522,
-74.29059544,-76.60875532,-76.65471136],
[-18.87095821,-27.76562653,-38.14234758,-48.56541799,-58.44240277,
-66.13937007,-68.09702702,-68.13752121],
[-16.54670316,-24.4080437 ,-33.68124216,-42.78147908,-51.42077466,
-57.95215668,-59.58519891,-59.62033107],
[-14.21126264,-21.02766873,-29.13224816,-36.92150475,-44.31156704,
-49.73411237,-51.07327624,-51.10314092],
[-11.86544603,-17.62066843,-24.49156274,-30.97853399,-37.11345765,
-41.4900126 ,-42.56126384,-42.58595077],
[ -9.50992074,-14.18235092,-19.75959398,-24.9491364 ,-29.83030562,
-33.22398517,-34.04916615,-34.06876062],
[ -7.14522816,-10.70721394,-14.93966341,-18.83336501,-22.46929818,
-24.93945404,-25.53698726,-25.55157047],
[ -4.77179983, -7.18917038,-10.03646543,-12.63383333,-15.03877366,
-16.6391969 ,-17.02473098,-17.03438031],
[ -2.38997229, -3.62199943, -5.05498582, -6.35454427, -7.5466977 ,
-8.325447  , -8.51240081, -8.51719016],
[  0.        ,  0.        ,  0.        ,  0.        ,  0.        ,
0.        ,  0.        ,  0.        ],
[  2.39793401,  3.68129491,  5.12407352,  6.42527613,  7.59550665,
8.33569156,  8.51246843,  8.51719016],
[  4.80370956,  7.42458702, 10.3132206 , 12.9169537 , 15.23496388,
16.68044127, 17.02500166, 17.03438032],
[  7.21726264, 11.23070594, 15.56394712, 19.47103302, 22.91426921,
25.03326888, 25.53759708, 25.55157048],
[  9.63858026, 15.09902547, 20.87355686, 26.08400737, 30.62991984,
33.39335464, 34.05025224, 34.06876064],
[ 12.06769665, 19.02829818, 26.24063766, 32.75306076, 38.37890657,
41.76000503, 42.56296487, 42.5859508 ],
[ 14.50469044, 23.01764689, 31.66571356, 39.47625589, 46.15864274,
50.13262686, 51.07573281, 51.10314097],
[ 16.94968253, 27.06735838, 37.15178553, 46.25262886, 53.96691224,
58.5107079 , 59.58855407, 59.62033114],
[ 19.40283436, 31.17904626, 42.70406544, 53.08207377, 61.80182648,
66.89380198, 68.10142676, 68.13752131],
[ 21.86434629, 35.35477178, 48.32798781, 59.96490118, 69.66178448,
75.28151764, 76.61434912, 76.65471147]]


SandBox Genetic
logR
[-2.07944154,-1.38629436,-0.98082925,-0.69314718,-0.47000363,-0.28768207,
-0.13353139, 0.        ]
IndexZero
10
Tq
[-36.89787495,-33.52169961,-30.14909962,-26.77988298,-23.41401609,
-20.05163976,-16.69317437,-13.33944325, -9.99169463, -6.65147613,
-3.32041656,  0.        ,  3.3086032 ,  6.60460305,  9.88752482,
13.15701036, 16.41251865, 19.65299732, 22.87666098, 26.08110964,
29.26402525]
Dq
[ 3.35435227, 3.35216996, 3.34989996, 3.34748537, 3.34485944, 3.34193996,
3.33863487, 3.33486081, 3.33056488, 3.32573806, 3.32041656, 3.31467341,
3.3086032 , 3.30230152, 3.29584161, 3.28925259, 3.28250373, 3.27549955,
3.26809443, 3.2601387 , 3.25155836]
lnMrq
[[-25.77608843,-37.70810345,-50.85046596,-65.59869485,-79.1671011 ,
-90.48023468,-93.63022088,-93.68909203],
[-23.49426677,-34.40496227,-46.64165292,-59.95167245,-72.2973518 ,
-82.3972019 ,-85.11885331,-85.17190185],
[-21.19662855,-31.08674318,-42.37251415,-54.26717033,-65.38423881,
-74.27736092,-76.6073788 ,-76.65471167],
[-18.88471881,-27.75154301,-38.02914781,-48.53543144,-58.41648891,
-66.12245753,-68.09580214,-68.13752149],
[-16.55989495,-24.39687347,-33.59938549,-42.74553086,-51.38245827,
-57.93530883,-59.58412783,-59.62033131],
[-14.22331492,-21.0195252 ,-29.07507108,-36.88655007,-44.27230295,
-49.71933935,-51.07236013,-51.10314113],
[-11.8759445 ,-17.61544954,-24.45316475,-30.94923921,-37.08028673,
-41.47813818,-42.560503  ,-42.58595094],
[ -9.51857469,-14.17970343,-19.7351352 ,-24.92756652,-29.80596864,
-33.21512952,-34.0485602 ,-34.06876076],
[ -7.1518433 ,-10.70652425,-14.92528403,-18.81941384,-22.45356336,
-24.93338179,-25.53653527,-25.55157057],
[ -4.77625661, -7.18960973,-10.029096  ,-12.62613833,-15.03003077,
-16.63553349,-17.02443153,-17.03438038],
[ -2.39220908, -3.62264248, -5.05221462, -6.35141048, -7.54309877,
-8.32379644, -8.51225212, -8.51719019],
[  0.        ,  0.        ,  0.        ,  0.        ,  0.        ,
0.        ,  0.        ,  0.        ],
[  2.40015298,  3.68255235,  5.12263551,  6.42309738,  7.59302489,
8.33434979,  8.51232204,  8.51719019],
[  4.80810357,  7.42748448, 10.31138487, 12.91318794, 15.23076275,
16.67801084, 17.02471137, 17.03438039],
[  7.22376921, 11.23569049, 15.5628747 , 19.46623435, 22.90889239,
25.02995268, 25.53716549, 25.55157058],
[  9.64712602, 15.1072957 , 20.87528648, 26.0791802 , 30.6238324 ,
33.38931321, 34.04968206, 34.06876078],
[ 12.07820573, 19.04290311, 26.24934007, 32.75028945, 38.37262104,
41.75536437, 42.56225885, 42.58595098],
[ 14.51709437, 23.04491966, 31.68953459, 39.47944823, 46.15282846,
50.1274854 , 51.07489376, 51.10314118],
[ 16.96393226, 27.11841208, 37.20505016, 46.26828104, 53.96248918,
58.50514221, 59.58758478, 59.62033138],
[ 19.41891489, 31.27070382, 42.80887212, 53.11984606, 61.80004355,
66.88787153, 68.10033005, 68.13752159],
[ 21.88229423, 35.50899487, 48.51343275, 60.03767636, 69.66428091,
75.27526849, 76.61312775, 76.65471179]]
fitNessAverage
[ 46.6807656 , 46.67487097, 46.67241498, 46.67503293, 46.67397337,
46.67385895, 46.67398666, 46.67489339, 46.67435903, 46.67362464,
46.67582285, 46.66955412, 46.68371193, 46.69269926, 46.69294203,
46.69858739, 46.70498365, 46.70374214, 46.70269132, 46.70037865,
46.69768981, 46.69503098, 46.68905985, 46.69504247, 46.70037063,
46.70651216, 46.71134343, 46.71228549, 46.71249699, 46.71455636,
46.7103805 , 46.71272392, 46.71311771, 46.71460672, 46.70855161,
46.70032911, 46.70104358, 46.70143101, 46.70399795, 46.69990529,
46.70223768, 46.70074503, 46.70594449, 46.70644379, 46.70978876,
46.70754252, 46.70634382, 46.70129848, 46.69783176, 46.69647141,
46.69742615, 46.70056715, 46.69989383, 46.70203569, 46.70275179,
46.70428805, 46.70166794, 46.70212052, 46.70537593, 46.70592938,
46.70895515, 46.71093596]
fitNessMax
[ 46.74760801, 46.7584024 , 46.8175161 , 46.8175161 , 46.8175161 ,
46.8050383 , 46.8050383 , 46.8050383 , 46.8050383 , 46.79704906,
46.81602825, 46.81602825, 46.79704906, 46.8180085 , 46.82491094,
46.82491094, 46.81981937, 46.81981937, 46.80091276, 46.80713095,
46.82146286, 46.81557218, 46.79221564, 46.81824726, 46.84870163,
46.84870163, 46.84870163, 46.84870163, 46.84870163, 46.84870163,
46.84870163, 46.84870163, 46.84870163, 46.79855207, 46.79855207,
46.79977922, 46.79977922, 46.79977922, 46.81187566, 46.79977922,
46.86607514, 46.80929493, 46.81231018, 46.80929493, 46.79887293,
46.81381485, 46.79540738, 46.8020426 , 46.8020426 , 46.8020426 ,
46.82781358, 46.82781358, 46.82781358, 46.83668807, 46.83668807,
46.83668807, 46.79258324, 46.79258324, 46.80460453, 46.80460453,
46.82819355, 46.80460453]
fitNessMin
[ 46.59923907, 46.5603956 , 46.53874422, 46.55543392, 46.55543392,
46.55815433, 46.5665594 , 46.56438667, 46.56438667, 46.56438667,
46.54893557, 46.5426553 , 46.54893557, 46.54893557, 46.56880283,
46.5852568 , 46.58554206, 46.58554206, 46.58554206, 46.58648558,
46.59708436, 46.58276583, 46.58276583, 46.5881344 , 46.59845454,
46.59845454, 46.59845454, 46.59845454, 46.59845454, 46.59845454,
46.59845454, 46.59845454, 46.62283865, 46.62403138, 46.57966227,
46.57966227, 46.58099497, 46.58099497, 46.58099497, 46.60164102,
46.60164102, 46.60164102, 46.60164102, 46.60164102, 46.61179381,
46.59619953, 46.59327166, 46.59327166, 46.59159491, 46.59159491,
46.59159491, 46.5804719 , 46.5804719 , 46.5804719 , 46.5804719 ,
46.5804719 , 46.5804719 , 46.5804719 , 46.5804719 , 46.60690972,
46.60690972, 46.62211144]


SandBox Simulated Annealing
logR
[-2.07944154,-1.38629436,-0.98082925,-0.69314718,-0.47000363,-0.28768207,
-0.13353139, 0.        ]
IndexZero
10
Tq
[-36.86680657,-33.50672425,-30.14543761,-26.78323371,-23.42086432,
-20.05947443,-16.70049695,-13.34554339, -9.99632131, -6.65456682,
-3.32195883,  0.        ,  3.31011564,  6.60760594,  9.89213482,
13.16376603, 16.42286013, 19.66995547, 22.90566688, 26.13061664,
29.34539598]
Dq
[ 3.35152787, 3.35067242, 3.34949307, 3.34790421, 3.34583776, 3.34324574,
3.34009939, 3.33638585, 3.3321071 , 3.32728341, 3.32195883, 3.31620442,
3.31011564, 3.30380297, 3.29737827, 3.29094151, 3.28457203, 3.27832591,
3.27223813, 3.26632708, 3.26059955]
lnMrq
[[-25.76212154,-37.71272614,-50.99913592,-65.4592933 ,-78.94122533,
-90.44352289,-93.63061396,-93.68909718],
[-23.48004574,-34.40747335,-46.76148523,-59.87083339,-72.17978789,
-82.38885375,-85.11923747,-85.17190653],
[-21.18267991,-31.08701984,-42.46538405,-54.23024268,-65.34582775,
-74.28378856,-76.60774352,-76.65471588],
[-18.87146187,-27.74962413,-38.09818199,-48.52781572,-58.42729451,
-66.13461903,-68.09613925,-68.13752523],
[-16.54765936,-24.39296312,-33.64848348,-42.75402527,-51.41605487,
-57.94802017,-59.58443111,-59.62033458],
[-14.21235957,-21.01400055,-29.1083089 ,-36.90078927,-44.30958949,
-49.7301647 ,-51.072625  ,-51.10314393],
[-11.86647471,-17.60886748,-24.47434688,-30.96262095,-37.11089297,
-41.48631488,-42.56072624,-42.58595328],
[ -9.51075661,-14.17279332,-19.74759436,-24.93716554,-29.82676256,
-33.22075574,-34.04873974,-34.06876262],
[ -7.145815  ,-10.7001476 ,-14.93182229,-18.82495107,-22.46561965,
-24.93690158,-25.53666994,-25.55157197],
[ -4.77213639, -7.18466618,-10.03195234,-12.62862613,-15.03587809,
-16.63745819,-17.02452093,-17.03438131],
[ -2.3901014 , -3.61991851, -5.05305787, -6.35212141, -7.54514169,
-8.32457993, -8.51229647, -8.51719066],
[  0.        ,  0.        ,  0.        ,  0.        ,  0.        ,
0.        ,  0.        ,  0.        ],
[  2.39795588,  3.67968734,  5.12261982,  6.42297312,  7.59389966,
8.33486939,  8.51236529,  8.51719066],
[  4.80362206,  7.4218061 , 10.31044083, 12.91211271, 15.23170993,
16.67886242, 17.02479646, 17.03438132],
[  7.21691407, 11.22683514, 15.55933409, 19.46299875, 22.90925292,
25.03100469, 25.5372908 , 25.55157198],
[  9.63780095, 15.09327357, 20.86538861, 26.07158028, 30.6229153 ,
33.3904728 , 34.04984577, 34.06876264],
[ 12.06630074, 19.01816849, 26.22487531, 32.73419972, 38.36956128,
41.75656415, 42.56245904, 42.5859533 ],
[ 14.50247726, 22.99773525, 31.63419803, 39.44754717, 46.14645551,
50.12867418, 51.07512841, 51.10314396],
[ 16.94643815, 27.02787771, 37.08985228, 46.20856436, 53.95119335,
58.50627897, 59.58785186, 59.62033462],
[ 19.39833375, 31.10452677, 42.58840454, 53.01432354, 61.78163878,
66.88892154, 68.10062747, 68.13752529],
[ 21.85835671, 35.223809  , 48.12649087, 59.86190834, 69.63587174,
75.27620113, 76.61345345, 76.65471595]]



BoxCounting Genetic
logR
[-2.19722458,-1.5040774 ,-1.09861229,-0.81093022,-0.58778666,-0.40546511,
-0.25131443,-0.11778304, 0.        ]
IndexZero
10
Tq
[-32.12199827,-29.17561546,-26.22944394,-23.28370925,-20.33889558,
-17.39609115,-14.4579532 ,-11.53200394, -8.64451289, -5.8935064 ,
-3.32087051,  0.        ,  3.36469027,  6.6505297 ,  9.88500505,
13.0815848 , 16.2467119 , 19.38293857, 22.49027458, 25.56749744,
28.61404056]
Dq
[ 2.92018166, 2.91756155, 2.91438266, 2.91046366, 2.90555651, 2.89934853,
2.89159064, 2.88300098, 2.8815043 , 2.9467532 , 3.32087051, 3.41492677,
3.36469027, 3.32526485, 3.29500168, 3.2703962 , 3.24934238, 3.23048976,
3.21289637, 3.19593718, 3.17933784]
lnMrq
[[  9.00404076e+01,  8.81852662e+01,  8.74620975e+01,  8.64109402e+01,
8.55018847e+01,  8.42812708e+01,  8.36118033e+01,  0.00000000e+00,
0.00000000e+00],
[  8.15237785e+01,  7.96688291e+01,  7.89455789e+01,  7.78943899e+01,
7.69853504e+01,  7.57650228e+01,  7.50951372e+01,  0.00000000e+00,
0.00000000e+00],
[  7.30077293e+01,  7.11531715e+01,  7.04297536e+01,  6.93785006e+01,
6.84694949e+01,  6.72497371e+01,  6.65790151e+01,  0.00000000e+00,
0.00000000e+00],
[  6.44928737e+01,  6.26391226e+01,  6.19153541e+01,  6.08639724e+01,
5.99550381e+01,  5.87364120e+01,  5.80640169e+01,  0.00000000e+00,
0.00000000e+00],
[  5.59805181e+01,  5.41284529e+01,  5.34039320e+01,  5.23522905e+01,
5.14435060e+01,  5.02271221e+01,  4.95513841e+01,  0.00000000e+00,
0.00000000e+00],
[  4.74735577e+01,  4.56250885e+01,  4.48988808e+01,  4.38467140e+01,
4.29382265e+01,  4.17262758e+01,  4.10438746e+01,  0.00000000e+00,
0.00000000e+00],
[  3.89788983e+01,  3.71383176e+01,  3.64080203e+01,  3.53547900e+01,
3.44467845e+01,  3.32435832e+01,  3.25479820e+01,  0.00000000e+00,
0.00000000e+00],
[  3.05153080e+01,  2.86928167e+01,  2.79510587e+01,  2.68956512e+01,
2.59877643e+01,  2.48017896e+01,  2.40804341e+01,  0.00000000e+00,
0.00000000e+00],
[  2.21438459e+01,  2.03687908e+01,  1.95865264e+01,  1.85261395e+01,
1.76131823e+01,  1.64605599e+01,  1.56906400e+01,  0.00000000e+00,
0.00000000e+00],
[  1.40720465e+01,  1.24768259e+01,  1.15474710e+01,  1.04700523e+01,
9.51486872e+00,  8.41871963e+00,  7.55099455e+00,  0.00000000e+00,
0.00000000e+00],
[  6.69308820e+00,  5.70956572e+00,  4.79397071e+00,  3.83859173e+00,
2.84897089e+00,  1.84371921e+00,  7.97507196e-01,  0.00000000e+00,
0.00000000e+00],
[  0.00000000e+00,  0.00000000e+00,  0.00000000e+00,  0.00000000e+00,
0.00000000e+00,  0.00000000e+00,  0.00000000e+00,  0.00000000e+00,
0.00000000e+00],
[ -6.38612931e+00, -5.25547338e+00, -3.94616350e+00, -2.65828322e+00,
-1.35056915e+00, -2.95787633e-01, -5.89852857e-03,  0.00000000e+00,
0.00000000e+00],
[ -1.26573390e+01, -1.02923053e+01, -7.58211888e+00, -4.96990263e+00,
-2.37225246e+00, -4.65659839e-01, -8.85753177e-03,  0.00000000e+00,
0.00000000e+00],
[ -1.88727304e+01, -1.51856962e+01, -1.10492665e+01, -7.11525741e+00,
-3.26171455e+00, -6.15626057e-01, -1.17868197e-02,  0.00000000e+00,
0.00000000e+00],
[ -2.50535729e+01, -1.99676159e+01, -1.43977204e+01, -9.15504235e+00,
-4.08032470e+00, -7.58577932e-01, -1.47043434e-02,  0.00000000e+00,
0.00000000e+00],
[ -3.12097834e+01, -2.46522165e+01, -1.76486511e+01, -1.11176069e+01,
-4.85379215e+00, -8.96770645e-01, -1.76103631e-02,  0.00000000e+00,
0.00000000e+00],
[ -3.73468136e+01, -2.92419839e+01, -2.08112644e+01, -1.30192611e+01,
-5.59471208e+00, -1.03079802e+00, -2.05049655e-02,  0.00000000e+00,
0.00000000e+00],
[ -4.34679427e+01, -3.37301451e+01, -2.38896869e+01, -1.48709297e+01,
-6.31009079e+00, -1.16094575e+00, -2.33882345e-02,  0.00000000e+00,
0.00000000e+00],
[ -4.95752469e+01, -3.81051277e+01, -2.68870924e+01, -1.66807464e+01,
-7.00428015e+00, -1.28743186e+00, -2.62602530e-02,  0.00000000e+00,
0.00000000e+00],
[ -5.56700780e+01, -4.23593995e+01, -2.98084756e+01, -1.84551690e+01,
-7.68023684e+00, -1.41045358e+00, -2.91211037e-02,  0.00000000e+00,
0.00000000e+00]]
fitNessAverage
[ 46.69192262, 46.69611264, 46.69683206, 46.69652803, 46.69602079,
46.69454194, 46.69443543, 46.69731953, 46.69633838, 46.6977541 ,
46.70086604, 46.70060696, 46.70037356, 46.70036567, 46.700698  ,
46.70001517, 46.70007359, 46.69775224, 46.69782112, 46.69732256,
46.69574002, 46.69486898, 46.6946987 , 46.69452448, 46.69634552,
46.69831153, 46.69842957, 46.69873585, 46.69762584, 46.69628937,
46.69514752, 46.69296457, 46.6925444 ]
fitNessMax
[ 46.72478071, 46.76778666, 46.76778666, 46.77389694, 46.77389694,
46.77389694, 46.77389694, 46.75404079, 46.76541561, 46.76337146,
46.76337146, 46.79780962, 46.75836951, 46.75836951, 46.75836951,
46.76831007, 46.76831007, 46.75268552, 46.76237791, 46.76237791,
46.74714761, 46.75332606, 46.74859502, 46.75475652, 46.75475652,
46.74707048, 46.76828817, 46.76828817, 46.76828817, 46.7655657 ,
46.7655657 , 46.7655657 , 46.7655657 ]
fitNessMin
[ 46.63222442, 46.61497603, 46.60569949, 46.6025887 , 46.61497603,
46.61497603, 46.61497603, 46.61497603, 46.61497603, 46.61497603,
46.61497603, 46.64411482, 46.64411482, 46.64411482, 46.64411482,
46.64411482, 46.64586095, 46.64586095, 46.64586095, 46.63431721,
46.63431721, 46.6211747 , 46.6211747 , 46.6211747 , 46.6367811 ,
46.6367811 , 46.6367811 , 46.6367811 , 46.6367811 , 46.6367811 ,
46.6367811 , 46.6367811 , 46.63929459]


BoxCounting Simulated Annealing
logR
[-2.07944154,-1.38629436,-0.98082925,-0.69314718,-0.47000363,-0.28768207,
-0.13353139, 0.        ]
IndexZero
10
Tq
[ -4.08851488e+01, -3.70424749e+01, -3.31999845e+01, -2.93579645e+01,
-2.55171016e+01, -2.16790640e+01, -1.78481020e+01, -1.40361728e+01,
-1.02825014e+01, -6.71687035e+00, -3.43197204e+00,  1.26047813e-17,
3.43413417e+00,  6.80512753e+00,  1.01301860e+01,  1.34237365e+01,
1.66950660e+01,  1.99500308e+01,  2.31923622e+01,  2.64244794e+01,
2.96479860e+01]
Dq
[ 3.71683171, 3.70424749, 3.68888717, 3.66974557, 3.64530023, 3.61317734,
3.5696204 , 3.5090432 , 3.42750046, 3.35843518, 3.43197204, 3.46589708,
3.43413417, 3.40256377, 3.37672865, 3.35593413, 3.33901321, 3.32500514,
3.3131946 , 3.30305993, 3.29422067]
lnMrq
[[  8.98638356e+01,  8.80060755e+01,  8.75701904e+01,  8.58665523e+01,
7.41918374e+01,  5.74460450e+01,  0.00000000e+00,  0.00000000e+00],
[  8.13472080e+01,  7.94898237e+01,  7.90533690e+01,  7.73508405e+01,
6.67772554e+01,  5.17014415e+01,  0.00000000e+00,  0.00000000e+00],
[  7.28311663e+01,  7.09745363e+01,  7.05369376e+01,  6.88366265e+01,
5.93653039e+01,  4.59568417e+01,  0.00000000e+00,  0.00000000e+00],
[  6.43163404e+01,  6.24612252e+01,  6.20213260e+01,  6.03254402e+01,
5.19576753e+01,  4.02122580e+01,  0.00000000e+00,  0.00000000e+00],
[  5.58040921e+01,  5.39520167e+01,  5.35074844e+01,  5.18204048e+01,
4.45570866e+01,  3.44677472e+01,  0.00000000e+00,  0.00000000e+00],
[  4.72975061e+01,  4.54515047e+01,  4.49976272e+01,  4.33279574e+01,
3.71677986e+01,  2.87235641e+01,  0.00000000e+00,  0.00000000e+00],
[  3.88041603e+01,  3.69701302e+01,  3.64973131e+01,  3.48615567e+01,
2.97962889e+01,  2.29808538e+01,  0.00000000e+00,  0.00000000e+00],
[  3.03453200e+01,  2.85342359e+01,  2.80220209e+01,  2.64500260e+01,
2.24524654e+01,  1.72447366e+01,  0.00000000e+00,  0.00000000e+00],
[  2.19912279e+01,  2.02264511e+01,  1.96218285e+01,  1.81588792e+01,
1.51587270e+01,  1.15378409e+01,  0.00000000e+00,  0.00000000e+00],
[  1.39712219e+01,  1.23691945e+01,  1.15102791e+01,  1.01862296e+01,
8.07657869e+00,  5.96532035e+00,  0.00000000e+00,  0.00000000e+00],
[  6.66313270e+00,  5.66642669e+00,  4.70048037e+00,  3.66356165e+00,
2.56494936e+00,  1.38629436e+00,  0.00000000e+00,  0.00000000e+00],
[  0.00000000e+00,  0.00000000e+00, -2.22044605e-16, -1.11022302e-16,
0.00000000e+00,  0.00000000e+00,  0.00000000e+00,  0.00000000e+00],
[ -6.38108780e+00, -5.22785145e+00, -3.78660695e+00, -2.67050358e+00,
-1.44323185e+00, -3.40716559e-01,  0.00000000e+00,  0.00000000e+00],
[ -1.26517799e+01, -1.02372664e+01, -7.20717248e+00, -5.09727908e+00,
-2.62078147e+00, -5.55589592e-01,  0.00000000e+00,  0.00000000e+00],
[ -1.88666069e+01, -1.51079212e+01, -1.04456003e+01, -7.42214296e+00,
-3.70178983e+00, -7.48010988e-01,  0.00000000e+00,  0.00000000e+00],
[ -2.50461499e+01, -1.98843409e+01, -1.35888913e+01, -9.68863266e+00,
-4.73578188e+00, -9.36254237e-01,  0.00000000e+00,  0.00000000e+00],
[ -3.12001778e+01, -2.45959906e+01, -1.66784609e+01, -1.19160638e+01,
-5.74410765e+00, -1.12372362e+00,  0.00000000e+00,  0.00000000e+00],
[ -3.73340305e+01, -2.92629567e+01, -1.97340382e+01, -1.41150896e+01,
-6.73746231e+00, -1.31104994e+00,  0.00000000e+00,  0.00000000e+00],
[ -4.34508735e+01, -3.38988282e+01, -2.27655670e+01, -1.62924153e+01,
-7.72170355e+00, -1.49834983e+00,  0.00000000e+00,  0.00000000e+00],
[ -4.95526822e+01, -3.85127022e+01, -2.57786490e+01, -1.84526787e+01,
-8.70025758e+00, -1.68564483e+00,  0.00000000e+00,  0.00000000e+00],
[ -5.56407371e+01, -4.31106459e+01, -2.87769093e+01, -2.05993146e+01,
-9.67521617e+00, -1.87293894e+00,  0.00000000e+00,  0.00000000e+00]]


Fixed Size Genetic
logR
[-2.19722458,-1.5040774 ,-1.09861229,-0.81093022,-0.58778666,-0.40546511,
-0.25131443,-0.11778304, 0.        ]
IndexZero
10
Tq
[-19.27251146,-17.67826523,-16.08426907,-14.49078915,-12.89839471,
-11.30835642, -9.72373845, -8.15303495, -6.62509895, -5.24143855,
-3.31426385,  0.        ,  3.36222886,  6.64649272,  9.87957608,
13.07484331, 16.23936096, 19.37730724, 22.49139616, 25.58361373,
28.65567653]
Dq
[ 1.7520465 , 1.76782652, 1.78714101, 1.81134864, 1.84262782, 1.88472607,
1.94474769, 2.03825874, 2.20836632, 2.62071927, 3.31426385, 3.41156288,
3.36222886, 3.32324636, 3.29319203, 3.26871083, 3.24787219, 3.22955121,
3.21305659, 3.19795172, 3.18396406]
lnMrq
[[  9.00369395e+01,  8.81410829e+01,  8.74890512e+01,  8.63512485e+01,
8.55231882e+01,  8.47261849e+01,  8.37028149e+01,  8.05667617e+01,
0.00000000e+00],
[  8.15203088e+01,  7.96246909e+01,  7.89724978e+01,  7.78347266e+01,
7.70066025e+01,  7.62095380e+01,  7.51861879e+01,  7.20495685e+01,
0.00000000e+00],
[  7.30042569e+01,  7.11091241e+01,  7.04566017e+01,  6.93188964e+01,
6.84906411e+01,  6.76934503e+01,  6.66701424e+01,  6.35323753e+01,
0.00000000e+00],
[  6.44893974e+01,  6.25952581e+01,  6.19420573e+01,  6.08044919e+01,
5.99759639e+01,  5.91785086e+01,  5.81552927e+01,  5.50151822e+01,
0.00000000e+00],
[  5.59770385e+01,  5.40849592e+01,  5.34303364e+01,  5.22930750e+01,
5.14639679e+01,  5.06659471e+01,  4.96429407e+01,  4.64979890e+01,
0.00000000e+00],
[  4.74700847e+01,  4.55823532e+01,  4.49246604e+01,  4.37880790e+01,
4.29577084e+01,  4.21584376e+01,  4.11359334e+01,  3.79807958e+01,
0.00000000e+00],
[  3.89754751e+01,  3.70971619e+01,  3.64324782e+01,  3.52974589e+01,
3.44642247e+01,  3.36620414e+01,  3.26408097e+01,  2.94636026e+01,
0.00000000e+00],
[  3.05120844e+01,  2.86550679e+01,  2.79727121e+01,  2.68413047e+01,
2.60012482e+01,  2.51916318e+01,  2.41737438e+01,  2.09464094e+01,
0.00000000e+00],
[  2.21412559e+01,  2.03387896e+01,  1.96024039e+01,  1.84785968e+01,
1.76208588e+01,  1.67892370e+01,  1.57796343e+01,  1.24292202e+01,
0.00000000e+00],
[  1.40708747e+01,  1.24630445e+01,  1.15529769e+01,  1.04378638e+01,
9.52297610e+00,  8.61511901e+00,  7.60885862e+00,  3.93182567e+00,
0.00000000e+00],
[  6.69313778e+00,  5.70973141e+00,  4.79281090e+00,  3.83600552e+00,
2.86846692e+00,  1.85785927e+00,  8.19779831e-01,  9.95033085e-03,
0.00000000e+00],
[  0.00000000e+00,  0.00000000e+00,  0.00000000e+00,  0.00000000e+00,
0.00000000e+00,  0.00000000e+00,  0.00000000e+00,  0.00000000e+00,
0.00000000e+00],
[ -6.38658716e+00, -5.25930945e+00, -3.94946331e+00, -2.65426673e+00,
-1.35691130e+00, -3.26634071e-01, -9.67692598e-03, -3.99920800e-06,
0.00000000e+00],
[ -1.26583576e+01, -1.02993026e+01, -7.58577468e+00, -4.94362878e+00,
-2.38010764e+00, -5.17221148e-01, -1.45462874e-02, -5.99881799e-06,
0.00000000e+00],
[ -1.88744453e+01, -1.51934945e+01, -1.10469652e+01, -7.04618815e+00,
-3.25828895e+00, -6.80749746e-01, -1.93086458e-02, -7.99763230e-06,
0.00000000e+00],
[ -2.50561346e+01, -1.99735471e+01, -1.43848716e+01, -9.01950468e+00,
-4.05020345e+00, -8.33195923e-01, -2.40266868e-02, -9.99605076e-06,
0.00000000e+00],
[ -3.12133301e+01, -2.46558628e+01, -1.76258635e+01, -1.08911715e+01,
-4.78283015e+00, -9.78061904e-01, -2.87022981e-02, -1.19940735e-05,
0.00000000e+00],
[ -3.73514643e+01, -2.92495211e+01, -2.07868745e+01, -1.26804891e+01,
-5.47120220e+00, -1.11649915e+00, -3.33361274e-02, -1.39917007e-05,
0.00000000e+00],
[ -4.34737991e+01, -3.37597793e+01, -2.38807817e+01, -1.44041750e+01,
-6.12489497e+00, -1.24911441e+00, -3.79287835e-02, -1.59889323e-05,
0.00000000e+00],
[ -4.95823972e+01, -3.81903513e+01, -2.69183045e+01, -1.60770607e+01,
-6.75067370e+00, -1.37635333e+00, -4.24808654e-02, -1.79857685e-05,
0.00000000e+00],
[ -5.56786028e+01, -4.25451820e+01, -2.99086056e+01, -1.77116219e+01,
-7.35368498e+00, -1.49859335e+00, -4.69929632e-02, -1.99822092e-05,
0.00000000e+00]]
fitNessAverage
[ 46.75009755, 46.74434629, 46.74091081, 46.73579712, 46.73253487,
46.73042608, 46.72812267, 46.72769999, 46.72635464, 46.72741418,
46.72626384, 46.72234701, 46.72204345, 46.72291512, 46.72791164,
46.72712313, 46.72641654, 46.72218663, 46.7218906 , 46.72086102,
46.72314602, 46.72590487, 46.72588998, 46.73089947, 46.7329426 ,
46.72707739, 46.72018221, 46.71622077, 46.71317547, 46.70723927,
46.7039149 , 46.70299607, 46.69668336, 46.69217686, 46.68905128,
46.6899228 ]
fitNessMax
[ 46.816576  , 46.81435725, 46.81435725, 46.81435725, 46.81435725,
46.82141192, 46.81600477, 46.81600477, 46.81600477, 46.81600477,
46.8040431 , 46.794411  , 46.80089374, 46.80089374, 46.82982825,
46.82982825, 46.82982825, 46.82982825, 46.82982825, 46.82982825,
46.82982825, 46.82982825, 46.82982825, 46.82982825, 46.82982825,
46.82982825, 46.82982825, 46.82982825, 46.79415962, 46.79415962,
46.79415962, 46.77862602, 46.77862602, 46.77862602, 46.77862602,
46.77862602]
fitNessMin
[ 46.69256211, 46.67334306, 46.65848503, 46.65848503, 46.59638882,
46.64869092, 46.64796141, 46.63591634, 46.63591634, 46.64085102,
46.64085102, 46.62933182, 46.62933182, 46.64606306, 46.62041415,
46.62041415, 46.64203813, 46.64203813, 46.64203813, 46.64023511,
46.64132602, 46.64574791, 46.64574791, 46.66147143, 46.65721836,
46.62976952, 46.61773533, 46.62244289, 46.63622818, 46.61800254,
46.60611119, 46.60611119, 46.59498009, 46.59888431, 46.59888431,
46.59888431]

Genetic fixed size Simulated Annealing
logR
[-2.19722458,-1.5040774 ,-1.09861229,-0.81093022,-0.58778666,-0.40546511,
-0.25131443,-0.11778304, 0.        ]
IndexZero
10
Tq
[-21.05123651,-19.28257952,-17.5141655 ,-15.7462526 ,-13.97939108,
-12.21480064,-10.45538725, -8.70909   , -7.00279054, -5.42700432,
-3.3142994 ,  0.        ,  3.36054262,  6.64406986,  9.87759971,
13.07431211, 16.24102832, 19.38178487, 22.4993831 , 25.59614251,
28.67423807]
Dq
[ 1.91374877, 1.92825795, 1.94601839, 1.96828158, 1.99705587, 2.03580011,
2.09107745, 2.1772725 , 2.33426351, 2.71350216, 3.3142994 , 3.40983941,
3.36054262, 3.32203493, 3.29253324, 3.26857803, 3.24820566, 3.23029748,
3.21419759, 3.19951781, 3.18602645]
lnMrq
[[  9.00399538e+01,  8.81743982e+01,  8.74518253e+01,  8.63784521e+01,
8.54349878e+01,  8.46277662e+01,  8.35629896e+01,  6.95806388e+01,
0.00000000e+00],
[  8.15233325e+01,  7.96579685e+01,  7.89352176e+01,  7.78618172e+01,
7.69184946e+01,  7.61111406e+01,  7.50462997e+01,  6.21620579e+01,
0.00000000e+00],
[  7.30072989e+01,  7.11423264e+01,  7.04192130e+01,  6.93457592e+01,
6.84027191e+01,  6.75950956e+01,  6.65301302e+01,  5.47434770e+01,
0.00000000e+00],
[  6.44924752e+01,  6.26283110e+01,  6.19044527e+01,  6.08308952e+01,
5.98884174e+01,  5.90802399e+01,  5.80150387e+01,  4.73248961e+01,
0.00000000e+00],
[  5.59801847e+01,  5.41177148e+01,  5.33923043e+01,  5.23185501e+01,
5.13771882e+01,  5.05678551e+01,  4.95022303e+01,  3.99063152e+01,
0.00000000e+00],
[  4.74733574e+01,  4.56145156e+01,  4.48857955e+01,  4.38116859e+01,
4.28725278e+01,  4.20607255e+01,  4.09944286e+01,  3.24877343e+01,
0.00000000e+00],
[  3.89789684e+01,  3.71281221e+01,  3.63920551e+01,  3.53173671e+01,
3.43825061e+01,  3.35652244e+01,  3.24982370e+01,  2.50691534e+01,
0.00000000e+00],
[  3.05159110e+01,  2.86834761e+01,  2.79297231e+01,  2.68542918e+01,
2.59274407e+01,  2.50972937e+01,  2.40312877e+01,  1.76505725e+01,
0.00000000e+00],
[  2.21453771e+01,  2.03612398e+01,  1.95572019e+01,  1.84808213e+01,
1.75658817e+01,  1.67033392e+01,  1.56461487e+01,  1.02320276e+01,
0.00000000e+00],
[  1.40744824e+01,  1.24722005e+01,  1.15171899e+01,  1.04316051e+01,
9.50774661e+00,  8.55981092e+00,  7.51678566e+00,  2.87167996e+00,
0.00000000e+00],
[  6.69482193e+00,  5.70794048e+00,  4.78849124e+00,  3.83146350e+00,
2.87751164e+00,  1.85159947e+00,  8.19779831e-01,  9.95033085e-03,
0.00000000e+00],
[  0.00000000e+00,  0.00000000e+00,  0.00000000e+00,  0.00000000e+00,
0.00000000e+00,  0.00000000e+00,  0.00000000e+00,  0.00000000e+00,
0.00000000e+00],
[ -6.38767041e+00, -5.25612921e+00, -3.95642093e+00, -2.67737491e+00,
-1.37637486e+00, -3.40991525e-01, -1.03272922e-02, -1.19928719e-05,
0.00000000e+00],
[ -1.26603125e+01, -1.02958473e+01, -7.60721430e+00, -5.00719913e+00,
-2.43156633e+00, -5.42629153e-01, -1.55248602e-02, -1.79893618e-05,
0.00000000e+00],
[ -1.88771186e+01, -1.51944353e+01, -1.10896843e+01, -7.14794380e+00,
-3.34859450e+00, -7.14858753e-01, -2.06105164e-02, -2.39786961e-05,
0.00000000e+00],
[ -2.50593309e+01, -1.99852131e+01, -1.44509144e+01, -9.14189297e+00,
-4.18269151e+00, -8.74947422e-01, -2.56503766e-02, -2.99644705e-05,
0.00000000e+00],
[ -3.12168131e+01, -2.46865162e+01, -1.77101945e+01, -1.10046787e+01,
-4.95771653e+00, -1.02700851e+00, -3.06463482e-02, -3.59466893e-05,
0.00000000e+00],
[ -3.73549652e+01, -2.93098906e+01, -2.08764564e+01, -1.27488326e+01,
-5.68545346e+00, -1.17249399e+00, -3.55990779e-02, -4.19253544e-05,
0.00000000e+00],
[ -4.34770164e+01, -3.38635121e+01, -2.39554656e+01, -1.43913996e+01,
-6.37207908e+00, -1.31218605e+00, -4.05091750e-02, -4.79004681e-05,
0.00000000e+00],
[ -4.95849873e+01, -3.83539080e+01, -2.69536326e+01, -1.59534370e+01,
-7.02113662e+00, -1.44665007e+00, -4.53772391e-02, -5.38720323e-05,
0.00000000e+00],
[ -5.56801643e+01, -4.27868796e+01, -2.98796878e+01, -1.74560397e+01,
-7.63516854e+00, -1.57635130e+00, -5.02038616e-02, -5.98400493e-05,
0.00000000e+00]]

fitnessSimulated
[ 46.6807656 , 46.67487097, 46.67241498, 46.67503293, 46.67397337,46.67397337,46.67397337,46.67397337,46.67397337,46.67397337,46.67397337,46.67397337,46.67397337,46.67397337,46.67397337,46.67397337,46.67397337,46.67397337,46.67397337,46.67397337,46.67397337,46.67397337,46.67397337,
46.67385895, 46.67398666, 46.67489339, 46.67435903, 46.67362464,46.67397337,46.67397337,46.67397337,46.67397337,46.67397337,46.67397337,46.67397337,46.67397337,46.67397337,46.67397337,46.67397337,46.67397337,46.67397337,46.67397337,46.67397337,46.67397337,46.67397337,46.67397337,46.67397337,46.67397337,46.67397337,46.67397337,46.67397337,46.67397337,46.67397337,
46.67582285, 46.66955412, 46.68371193, 46.69269926, 46.69294203,
46.69858739, 46.70498365, 46.70374214, 46.70269132, 46.70037865,
46.69768981, 46.69503098, 46.68905985, 46.69504247, 46.70037063,
46.70651216, 46.71134343, 46.71228549,46.71228549,46.71228549,46.71228549,46.71228549,46.71228549,46.71228549,46.71228549,46.71228549,46.71228549,46.71228549,46.71228549,46.71228549,46.71228549,46.71228549,46.71228549,46.71228549,46.71228549,46.71228549,46.71228549,46.71228549,46.71228549,46.71228549,46.71228549,46.71228549,46.71228549, 46.71249699, 46.71455636,
46.7103805 , 46.71272392, 46.71311771, 46.71460672, 46.70855161,
46.72032911, 46.72032911, 46.72032911, 46.72032911, 46.72032911, 46.72032911, 46.72032911, 46.72032911, 46.72032911, 46.72032911, 46.72032911, 46.72032911, 46.72032911, 46.72032911, 46.72032911, 46.72032911, 46.72032911, 46.72032911, 46.72032911, 46.72032911, 47.0023123, 47.0023123, 47.0023123, 47.0023123, 47.0023123, 47.0023123, 47.0023123, 47.0023123, 47.0023123, 47.0023123, 47.0023123, 47.0023123, 47.0023123, 47.0023123, 47.0023123, 47.0023123, 47.0023123, 47.0023123, 47.0023123, 47.0023123, 47.0023123, 47.0023123, 47.0023123, 47.0023123, 47.0023123, 47.0023123, 47.0023123, 47.0023123, 47.0023123, 47.0023123, 47.0023123, 47.0023123, 47.0023123, 47.0023123, 47.0023123, 47.0023123, 47.0023123, 47.0023123, 47.0023123]


Execution time

Box Counting	Box Counting Fixed	SandBox	Genetic SandBox	Simulated SandBox	Genetic BCFS	Simulated BCFS
[ 45043.04901195, 44833.50661516, 16598.10272884, 85067.08281088,
48360.54418206, 75022.48277807, 48511.27336287, 98744.79647017,
48513.29498386]
Fractal dimension
3.47489236919
