Python type PUNGraph:
  Nodes:                    4000
  Edges:                    3999
  Zero Deg Nodes:           0
  Zero InDeg Nodes:         0
  Zero OutDeg Nodes:        0
  NonZero In-Out Deg Nodes: 4000
  Unique directed edges:    7998
  Unique undirected edges:  3999
  Self Edges:               0
  BiDir Edges:              7998
  Closed triangles:         0
  Open triangles:           29209
  Frac. of closed triads:   0.000000
  Connected component size: 1.000000
  Strong conn. comp. size:  1.000000
  Approx. full diameter:    22
  90% effective diameter:  11.917623

Degree
[ 23,130, 22, 16, 24, 49,  8, 30, 58, 11, 13, 67,  7,  4,  3, 40, 12, 18,
  30,  1,  6, 19,  9, 11, 13, 16, 15,  2, 29,  7, 32,  9,  5, 10, 22,  7,
   9, 10,  3, 16,  1, 15,  1,  2, 20,  7, 12,  8,  4,  6, 32,  5,  9,  5,
   9,  4,  4, 14,  8,  2,  8, 27,  1,  7,  9,  8, 11, 10,  1,  8,  1,  6,
   8,  5,  4,  4,  2,  8, 25,  5, 15,  8,  8,  1, 26,  1,  3,  3,  1,  5,
   4,  8,  2,  7,  1,  1,  2,  1,  1,  7,  1,  1,  4,  1,  1,  2,  8,  3,
   1,  2,  6,  2,  1,  3, 13,  2,  1,  2,  2,  8, 16, 10,  5,  3,  4, 14,
   1,  4,  2, 14,  7,  5,  1,  2,  3, 13,  9,  4,  1, 11,  3,  2,  3,  2,
   1,  6, 22,  7,  2,  2,  3,  1,  2,  1,  4,  7, 13,  1, 14,  7, 12, 18,
   2,  1,  1,  3, 10, 12,  1,  4,  3,  1, 11,  8,  8,  3,  1,  6,  1, 12,
   3,  6,  2,  5,  2,  3,  9, 10,  1,  2,  3,  6,  1,  4,  4, 11,  3,  1,
   2,  2, 10,  1,  2,  4,  2,  5,  1,  2,  5,  1, 19,  6,  4,  4,  6,  3,
  10,  3,  1,  1,  1,  1,  2,  2,  4,  3,  2,  1,  1,  5,  9,  4, 13,  9,
   2,  1,  1,  1,  8,  1, 12,  2,  5,  3,  9,  8,  2,  5, 22,  1,  1, 11,
   3,  1,  2,  1,  5,  2,  1,  5,  3,  6,  1,  1,  1,  3,  2,  1,  1,  2,
   2,  5,  1,  3,  7,  1,  1,  2,  4,  3,  2, 10,  1,  1,  1,  6,  2,  3,
  11,  5,  7,  1,  1,  3,  2,  3,  2,  1,  3,  3,  1,  6,  4, 10,  5,  9,
  17,  9,  3,  2,  4,  2,  7,  2,  5,  2,  3,  5,  2,  3,  7,  4,  1,  2,
   3,  1,  5,  6,  1,  1, 10, 14,  4,  4,  3,  1,  1,  2,  3,  6,  4,  5,
   5, 10,  3,  6,  3,  3,  5,  1,  2,  1,  3,  3,  2,  1,  1,  2,  1,  1,
   4,  2,  1,  2,  4,  5,  3,  3,  1,  9,  1,  1, 12, 11,  2,  7,  1,  4,
   1,  4,  2,  1,  8,  1,  4,  2,  1,  3,  5,  8,  2,  4,  4,  7,  2,  1,
   1,  1,  7,  2,  2,  2,  2,  1,  2,  4,  1,  2,  4,  4,  2,  5,  7,  2,
   3,  1,  5,  4,  4,  2,  6,  2,  1,  5,  4,  2,  9,  1,  2,  5,  8,  9,
   4,  6,  2,  1,  5,  1,  2,  1,  2,  2, 10,  2,  3,  1, 12,  1,  4,  2,
   1,  1,  1,  2,  5,  3,  1,  6,  4,  5,  2,  1,  1,  7, 13,  6,  1,  1,
   3,  2,  2,  2,  1,  2,  5,  2,  3,  1,  4,  1,  6,  2,  1,  6,  8,  1,
   2,  2,  6,  1,  2,  3,  1,  3,  4,  1,  1,  4,  2,  2,  2,  5,  5,  3,
   2,  4,  8,  6,  3,  3,  2,  1,  1,  2,  3, 11,  1,  3,  3,  5,  1,  6,
   1,  1,  2,  2,  1,  2,  5,  1,  2,  1,  2,  4,  2,  2,  1,  1,  2,  3,
   9,  7,  2,  4,  7,  2,  1,  2,  1,  2,  1,  5,  1,  4,  4,  1,  1,  1,
   1,  3,  7,  2, 10,  2,  3,  3,  5,  2,  4,  1,  5,  3,  1,  6,  7,  5,
   1,  3,  2,  2,  2,  2,  2,  1,  4,  4,  1,  2,  1,  3,  1,  5,  1,  2,
   1,  1,  2,  6,  2,  1,  1,  1,  1,  6,  2,  3,  1,  2,  2,  3,  4,  1,
   3,  1,  2,  3,  2,  2, 10,  1,  2,  2,  1,  3,  6,  4,  3,  1,  1,  2,
   3,  6,  3,  2,  2,  1,  4,  2,  2,  1,  1,  1,  1,  1,  1,  1,  3,  5,
   1,  1,  1,  7,  1,  3,  5,  3,  5,  4,  4,  3,  1,  1,  1,  3,  3,  1,
   1,  1,  1,  6,  6,  7,  1,  1,  6,  1,  1,  1,  8,  3,  1,  5,  2,  3,
   2,  3,  1,  2,  1,  2,  2,  1,  1,  1,  1,  2,  2,  5,  2,  3,  3,  9,
   1,  1,  2,  2,  1,  2,  1,  1,  1,  1,  1,  2,  1,  1,  2,  2,  6,  1,
   1,  4,  2,  1,  1,  3,  2,  2,  2,  2,  3,  1,  1,  1,  2,  3,  2,  1,
   2,  1,  2,  5,  4,  4,  3,  1,  1,  3,  3,  3, 10,  1,  2,  5,  1,  2,
   1,  1,  2,  1,  1,  3,  2,  3,  3,  2,  3,  2,  1,  1,  3,  1,  1,  2,
   2,  1,  5,  2,  1,  4,  4,  1,  1,  1,  2,  3,  1,  1,  1,  1,  1,  6,
   1,  2,  2,  1,  1,  3,  2,  1,  1,  1,  2,  2,  1,  2,  4,  1,  4,  1,
   1,  3,  4,  1,  3,  2,  1,  1,  1,  3,  6,  3,  1,  1,  1,  1,  1,  1,
   1,  6,  1,  1,  8,  1,  2,  2,  1,  2,  2,  2,  1,  2,  5,  3,  1,  3,
   8,  1,  1,  3,  1,  2,  5,  1,  2,  1,  2,  2,  1,  1,  1,  1,  2,  1,
   1,  1,  2,  1,  1,  4,  2,  2,  1,  1,  1,  3,  1,  1,  2,  2,  1,  1,
   3,  1,  1,  2,  4,  2,  1,  1,  4,  1,  2,  4,  3,  1,  4,  1,  2,  1,
   1,  2,  1,  2,  1,  3,  2,  1,  1,  1,  2,  1,  2,  1,  7,  1,  1,  1,
   2,  4,  2,  1,  4,  1,  1,  2, 12,  2,  3,  1,  2,  2,  2,  1,  4,  1,
   1,  2,  1,  1,  2,  1,  1,  3,  2,  7,  1,  1,  3,  1,  1,  2,  3,  1,
   4,  1,  1,  1,  3,  2,  1,  3,  4,  1,  1,  2,  1,  8,  2,  2,  1,  1,
   3,  3,  2,  1,  3,  3,  2,  3,  3,  2,  1,  1,  1,  2,  3,  1,  3,  1,
   4,  5,  3,  2,  4,  1,  1,  2,  2,  2,  1,  1,  1,  1,  8,  3,  2,  1,
   2,  1,  1,  3,  1,  2,  7,  1,  4,  2,  2,  6,  2,  1,  1,  1,  1,  1,
   4,  2,  1,  1,  2,  6,  4,  4,  3,  5,  1,  1,  1,  1,  5,  2,  2,  2,
   1,  2,  4,  2,  2,  1,  2,  4,  3,  2,  2,  1,  1,  1,  1,  1,  1,  3,
   1,  1,  1,  3,  1,  2,  1,  1,  4,  2,  2,  2,  1,  1,  1,  1,  1,  6,
   4,  1,  1,  1,  1,  1,  6,  2,  2,  1,  4,  1,  2,  2,  1,  3,  2,  1,
   3,  1,  1,  1,  2,  2,  3,  3,  1,  1,  1,  4,  2,  1,  6,  1,  1,  1,
   1,  1,  1,  6,  2,  3,  2,  2,  1,  1,  1,  2,  1,  1,  2,  2,  4,  1,
   3,  2,  2,  1,  1,  1,  1,  3,  2,  2,  4,  3,  1,  1,  1,  1,  1,  1,
   2,  3,  1,  1,  2,  1,  1,  1,  2,  1,  1,  1,  2,  1,  1,  5,  2,  1,
   2,  1,  1,  2,  7,  3,  3,  1,  2,  1,  1,  3,  1,  2,  5,  1,  2,  1,
   1,  3,  2,  2,  2,  3,  3,  2,  1,  3,  3,  1,  1,  2,  1,  1,  1,  3,
   1,  1,  2,  2,  5,  3,  5,  1,  3,  2,  1,  1,  1,  1,  2,  1,  1,  2,
   1,  1,  2,  1,  1,  1,  1,  3,  1,  1,  1,  2,  1,  2,  4,  2,  1,  3,
   1,  1,  2,  1,  2,  1,  1,  1,  2,  1,  1,  1,  1,  1,  1,  1,  2,  1,
   2,  4,  1,  1,  1,  1,  1,  1,  2,  1,  1,  3,  1,  1,  2,  1,  2,  5,
   1,  1,  3,  3,  1,  1,  1,  2,  1,  1,  1,  1,  3,  1,  1,  1,  2,  1,
   1,  1,  2,  1,  8,  1,  2,  2,  1,  4,  3,  1,  1,  3,  1,  2,  1,  4,
   3,  1,  6,  1,  1,  1,  1,  4,  1,  3,  2,  2,  1,  2,  1,  3,  3,  3,
   3,  2,  1,  2,  1,  2,  1,  3,  2,  1,  1,  1,  1,  1,  1,  1,  2,  1,
   1,  1,  2,  3,  2,  4,  1,  1,  2,  1,  1,  2,  2,  1,  2,  1,  1,  2,
   4,  3,  1,  1,  1,  1,  2,  1,  2,  2,  3,  1,  2,  2,  1,  1,  2,  2,
   3,  1,  1,  4,  3,  2,  2,  2,  2,  2,  2,  4,  2,  1,  3,  1,  2,  1,
   1,  2,  3,  1,  2,  1,  1,  2,  2,  1,  1,  1,  1,  1,  2,  1,  1,  1,
   1,  2,  1,  1,  1,  1,  1,  1,  1,  2,  1,  1,  2,  1,  2,  4,  1,  1,
   1,  1,  2,  2,  2,  1,  1,  1,  3,  1,  1,  1,  1,  1,  1,  1,  1,  3,
   1,  1,  1,  1,  3,  2,  3,  5,  1,  2,  1,  1,  3,  1,  2,  2,  1,  1,
   1,  1,  2,  1,  2,  1,  1,  2,  2,  1,  1,  1,  3,  1,  1,  2,  2,  1,
   3,  5,  1,  2,  1,  2,  1,  1,  2,  2,  1,  2,  1,  1,  1,  2,  2,  5,
   2,  1,  1,  1,  1,  2,  1,  1,  1,  1,  3,  1,  2,  1,  1,  1,  1,  1,
   3,  1,  2,  1,  1,  1,  2,  2,  1,  1,  1,  3,  3,  1,  1,  1,  1,  2,
   1,  2,  3,  2,  1,  1,  1,  1,  2,  5,  2,  1,  1,  1,  1,  2,  1,  1,
   1,  2,  1,  1,  2,  2,  1,  1,  2,  1,  2,  1,  1,  1,  2,  1,  2,  1,
   1,  1,  2,  1,  1,  3,  2,  2,  1,  5,  1,  3,  2,  2,  3,  1,  1,  1,
   1,  1,  1,  3,  1,  1,  1,  2,  4,  1,  1,  2,  2,  2,  2,  1,  1,  2,
   1,  1,  1,  1,  1,  1,  1,  1,  1,  1,  3,  1,  1,  1,  1,  1,  1,  1,
   3,  2,  1,  1,  1,  1,  1,  2,  1,  1,  2,  1,  1,  1,  2,  1,  1,  2,
   1,  1,  2,  2,  2,  1,  1,  1,  2,  1,  1,  3,  3,  1,  1,  1,  1,  1,
   3,  1,  2,  1,  2,  1,  1,  1,  1,  1,  1,  1,  1,  2,  4,  1,  1,  1,
   1,  2,  1,  1,  2,  1,  2,  1,  2,  1,  5,  1,  2,  1,  4,  1,  2,  1,
   1,  3,  1,  7,  1,  1,  4,  3,  1,  1,  2,  2,  1,  1,  1,  1,  1,  1,
   4,  2,  1,  1,  1,  1,  1,  1,  4,  1,  1,  1,  1,  1,  1,  1,  1,  1,
   1,  1,  1,  1,  1,  1,  1,  1,  1,  1,  1,  1,  1,  1,  1,  1,  1,  2,
   1,  1,  1,  1,  1,  4,  1,  2,  5,  2,  1,  1,  2,  1,  1,  2,  1,  1,
   1,  2,  1,  3,  1,  1,  1,  1,  1,  1,  2,  2,  1,  2,  1,  1,  1,  3,
   2,  5,  2,  1,  3,  1,  1,  1,  1,  1,  1,  1,  2,  1,  3,  1,  2,  3,
   1,  2,  1,  2,  1,  1,  2,  4,  4,  1,  2,  1,  1,  2,  2,  1,  1,  2,
   2,  1,  1,  1,  3,  1,  1,  4,  2,  1,  1,  2,  2,  1,  1,  1,  1,  1,
   2,  2,  1,  1,  1,  2,  1,  1,  3,  1,  2,  1,  1,  1,  2,  1,  1,  1,
   1,  1,  1,  3,  1,  1,  2,  1,  2,  1,  1,  3,  1,  1,  1,  1,  1,  1,
   1,  1,  1,  1,  1,  1,  1,  3,  1,  1,  1,  3,  2,  3,  1,  1,  2,  1,
   2,  1,  2,  1,  2,  2,  1,  1,  2,  1,  1,  1,  2,  1,  1,  1,  2,  1,
   2,  1,  1,  1,  3,  1,  1,  1,  2,  1,  1,  4,  2,  1,  4,  1,  2,  3,
   2,  1,  2,  2,  1,  1,  1,  3,  2,  1,  2,  1,  1,  1,  1,  1,  3,  1,
   1,  1,  1,  1,  1,  1,  1,  3,  1,  2,  1,  1,  1,  1,  1,  1,  1,  1,
   1,  2,  5,  4,  1,  1,  1,  1,  1,  2,  1,  1,  1,  2,  1,  1,  2,  1,
   1,  2,  1,  1,  1,  3,  1,  1,  1,  1,  2,  2,  1,  1,  3,  2,  2,  2,
   2,  1,  5,  1,  1,  1,  1,  1,  5,  1,  1,  1,  1,  1,  1,  1,  1,  1,
   2,  2,  1,  1,  1,  3,  1,  4,  1,  1,  1,  1,  3,  1,  1,  2,  2,  1,
   1,  1,  2,  1,  2,  2,  1,  1,  1,  3,  1,  1,  2,  2,  1,  1,  1,  1,
   1,  1,  2,  2,  2,  1,  1,  1,  2,  1,  1,  1,  1,  2,  1,  1,  1,  1,
   1,  1,  1,  1,  1,  1,  1,  2,  1,  1,  1,  2,  2,  1,  1,  1,  3,  2,
   1,  2,  1,  1,  1,  1,  4,  1,  2,  1,  1,  1,  1,  2,  1,  1,  2,  1,
   1,  2,  1,  2,  1,  2,  2,  1,  1,  2,  2,  1,  1,  1,  2,  1,  2,  1,
   1,  2,  3,  1,  2,  1,  1,  1,  1,  2,  1,  2,  1,  1,  1,  3,  1,  2,
   1,  2,  2,  1,  1,  1,  4,  2,  1,  1,  1,  1,  2,  1,  1,  2,  1,  3,
   1,  3,  2,  1,  1,  1,  1,  1,  1,  3,  6,  1,  2,  1,  3,  1,  2,  1,
   1,  1,  1,  1,  2,  1,  1,  3,  1,  2,  3,  1,  1,  1,  1,  1,  3,  2,
   2,  1,  1,  1,  1,  3,  1,  1,  1,  1,  1,  1,  2,  1,  1,  1,  1,  1,
   1,  1,  2,  1,  1,  1,  1,  2,  1,  1,  1,  1,  1,  2,  1,  1,  1,  2,
   1,  1,  2,  1,  1,  2,  3,  1,  1,  1,  1,  2,  1,  1,  1,  1,  1,  1,
   1,  1,  1,  1,  1,  1,  3,  1,  1,  1,  1,  1,  2,  1,  2,  1,  1,  1,
   3,  1,  1,  2,  1,  1,  1,  1,  1,  1,  1,  1,  1,  1,  1,  1,  1,  1,
   1,  1,  1,  1,  1,  1,  1,  2,  1,  2,  3,  1,  3,  1,  1,  1,  1,  1,
   2,  1,  1,  1,  2,  3,  1,  1,  1,  1,  1,  1,  2,  1,  1,  1,  2,  1,
   1,  1,  1,  3,  1,  1,  1,  2,  2,  2,  1,  1,  1,  1,  3,  1,  1,  2,
   1,  2,  1,  1,  1,  1,  1,  1,  2,  1,  1,  1,  1,  1,  1,  1,  1,  1,
   1,  2,  2,  2,  1,  1,  1,  2,  1,  1,  1,  1,  1,  1,  1,  2,  1,  2,
   1,  1,  1,  1,  1,  3,  2,  1,  1,  1,  2,  1,  1,  1,  1,  2,  2,  2,
   1,  1,  1,  1,  1,  1,  1,  1,  3,  1,  1,  1,  2,  1,  1,  1,  1,  1,
   1,  1,  1,  1,  1,  1,  1,  1,  1,  1,  1,  1,  2,  1,  1,  1,  1,  1,
   1,  1,  1,  1,  1,  1,  1,  1,  1,  1,  1,  1,  1,  1,  1,  1,  1,  1,
   1,  1,  1,  3,  1,  2,  1,  1,  2,  1,  3,  1,  1,  2,  2,  1,  1,  1,
   3,  1,  1,  1,  1,  1,  2,  1,  1,  1,  1,  1,  1,  1,  1,  2,  1,  1,
   1,  1,  1,  3,  1,  2,  2,  1,  1,  2,  1,  1,  2,  1,  1,  1,  1,  3,
   1,  1,  1,  1,  2,  1,  1,  1,  1,  1,  1,  1,  1,  1,  1,  1,  1,  1,
   1,  2,  1,  1,  2,  2,  2,  1,  1,  1,  1,  1,  1,  1,  1,  1,  2,  2,
   1,  1,  1,  1,  1,  1,  3,  1,  1,  2,  1,  1,  1,  1,  1,  1,  1,  1,
   1,  1,  3,  1,  1,  1,  2,  1,  1,  3,  1,  1,  1,  2,  2,  1,  1,  1,
   1,  1,  1,  1,  1,  1,  1,  1,  2,  1,  1,  1,  3,  2,  1,  1,  1,  1,
   1,  1,  1,  1,  1,  1,  1,  1,  1,  1,  1,  1,  1,  1,  1,  1,  2,  1,
   1,  1,  1,  1,  1,  1,  1,  1,  1,  1,  1,  1,  3,  1,  1,  1,  1,  3,
   2,  1,  1,  1,  1,  1,  2,  1,  1,  2,  2,  1,  3,  1,  1,  1,  1,  1,
   1,  1,  1,  2,  1,  1,  1,  2,  1,  2,  1,  1,  1,  1,  1,  1,  1,  1,
   1,  1,  1,  1,  2,  2,  1,  1,  1,  1,  1,  2,  1,  1,  1,  1,  3,  2,
   2,  2,  1,  1,  1,  3,  1,  1,  1,  1,  2,  1,  2,  1,  1,  2,  1,  1,
   2,  1,  1,  3,  1,  1,  1,  1,  1,  1,  1,  1,  1,  1,  1,  2,  1,  1,
   1,  1,  1,  1,  3,  1,  2,  1,  1,  1,  1,  1,  1,  3,  1,  1,  1,  1,
   1,  1,  1,  1,  3,  1,  1,  1,  1,  1,  1,  1,  1,  1,  1,  1,  3,  1,
   1,  1,  1,  1,  1,  1,  1,  2,  1,  2,  1,  1,  2,  1,  1,  1,  2,  1,
   1,  1,  2,  1,  2,  1,  1,  2,  1,  1,  1,  1,  2,  2,  1,  1,  1,  1,
   1,  1,  1,  3,  1,  2,  1,  1,  1,  1,  1,  1,  1,  1,  1,  1,  1,  1,
   1,  1,  1,  1,  1,  1,  1,  1,  1,  1,  1,  2,  1,  1,  1,  1,  1,  1,
   1,  1,  1,  1,  1,  1,  1,  1,  2,  1,  2,  1,  2,  1,  1,  3,  1,  1,
   1,  1,  1,  1,  1,  3,  1,  2,  1,  1,  2,  1,  1,  1,  1,  1,  1,  1,
   1,  1,  1,  1,  1,  1,  1,  1,  1,  1,  1,  2,  1,  1,  2,  1,  1,  3,
   1,  1,  1,  1,  1,  1,  1,  1,  1,  2,  1,  1,  1,  1,  2,  1,  1,  1,
   1,  1,  3,  1,  2,  1,  1,  1,  1,  1,  1,  1,  1,  2,  1,  1,  1,  1,
   1,  1,  1,  1,  1,  1,  1,  1,  1,  1,  1,  1,  1,  1,  1,  1,  1,  1,
   1,  1,  2,  1,  1,  1,  1,  1,  1,  1,  1,  1,  1,  1,  1,  1,  1,  1,
   1,  1,  1,  3,  1,  1,  2,  1,  1,  1,  1,  1,  1,  1,  1,  2,  1,  1,
   1,  1,  1,  2,  1,  1,  1,  1,  1,  1,  1,  1,  2,  1,  1,  1,  1,  1,
   1,  1,  1,  1,  1,  1,  1,  1,  2,  1,  1,  1,  1,  2,  1,  1,  1,  1,
   1,  1,  1,  1,  1,  1,  1,  1,  1,  1,  1,  1,  1,  1,  1,  1,  1,  1,
   2,  2,  1,  1,  1,  1,  1,  1,  1,  1,  2,  1,  1,  1,  2,  1,  1,  1,
   1,  1,  1,  1,  1,  1,  1,  1,  1,  1,  1,  1,  2,  1,  2,  1,  1,  2,
   1,  1,  2,  1,  1,  1,  1,  1,  2,  1,  1,  1,  1,  1,  2,  1,  1,  1,
   1,  1,  1,  2,  1,  1,  1,  1,  1,  1,  1,  1,  1,  1,  1,  1,  1,  1,
   2,  1,  1,  1,  1,  1,  1,  1,  2,  1,  1,  1,  2,  1,  2,  1,  2,  1,
   1,  1,  1,  1,  1,  1,  1,  1,  1,  1,  1,  1,  1,  1,  1,  1,  1,  1,
   1,  1,  1,  1,  1,  1,  1,  1,  1,  1,  1,  1,  1,  1,  1,  1,  2,  1,
   1,  1,  1,  1,  1,  1,  1,  1,  1,  1,  1,  1,  1,  1,  1,  1,  1,  1,
   1,  1,  1,  1,  2,  2,  1,  1,  1,  1,  1,  2,  2,  1,  1,  1,  1,  1,
   1,  1,  2,  1,  1,  1,  2,  1,  1,  1,  2,  1,  1,  1,  1,  1,  1,  1,
   1,  1,  1,  1,  1,  1,  2,  1,  1,  1,  1,  1,  1,  1,  1,  1,  1,  1,
   1,  1,  1,  1,  1,  1,  1,  1,  1,  2,  1,  1,  1,  1,  1,  1,  1,  1,
   1,  1,  1,  1,  1,  1,  1,  1,  1,  1,  1,  1,  1,  1,  1,  1,  1,  1,
   1,  1,  1,  1,  2,  1,  1,  1,  1,  1,  1,  1,  2,  1,  1,  1,  1,  1,
   1,  1,  1,  1,  1,  1,  1,  2,  3,  1,  1,  1,  1,  1,  1,  1,  1,  1,
   1,  1,  1,  1,  1,  1,  1,  1,  1,  1,  1,  1,  2,  1,  1,  1,  1,  1,
   1,  1,  1,  1,  3,  2,  1,  1,  1,  2,  1,  1,  1,  1,  1,  1,  1,  1,
   1,  1,  1,  1,  1,  1,  1,  1,  1,  1,  2,  1,  1,  1,  1,  1,  1,  1,
   1,  1,  1,  1,  1,  1,  1,  1,  1,  1,  1,  1,  1,  1,  1,  1,  1,  1,
   1,  1,  1,  1,  1,  1,  1,  1,  1,  1,  1,  1,  1,  1,  1,  2,  1,  1,
   1,  1,  1,  2,  1,  2,  1,  1,  1,  1,  1,  1,  1,  1,  1,  1,  1,  1,
   1,  1,  1,  1,  1,  1,  1,  1,  1,  1,  1,  1,  1,  1,  1,  1,  1,  1,
   1,  1,  1,  1,  1,  1,  1,  1,  1,  1,  1,  1,  1,  1,  1,  1,  1,  3,
   1,  1,  3,  1,  1,  1,  1,  1,  1,  1,  1,  1,  1,  1,  1,  1,  1,  3,
   2,  1,  1,  1,  1,  1,  1,  1,  1,  1,  1,  1,  1,  1,  1,  1,  1,  1,
   1,  1,  1,  1,  1,  1,  2,  1,  1,  1,  2,  1,  1,  1,  1,  1,  1,  1,
   1,  1,  1,  1,  2,  1,  1,  1,  1,  1,  1,  2,  1,  1,  1,  1,  1,  1,
   1,  1,  1,  1,  1,  1,  2,  1,  1,  1,  1,  1,  1,  1,  1,  1,  1,  1,
   2,  1,  2,  1,  1,  1,  1,  1,  1,  1,  1,  1,  1,  1,  1,  1,  1,  1,
   1,  1,  1,  1,  1,  1,  1,  1,  1,  2,  1,  1,  1,  1,  2,  1,  1,  1,
   1,  1,  1,  1,  1,  1,  1,  1,  1,  1,  1,  1,  1,  1,  1,  1,  1,  1,
   1,  1,  1,  1,  1,  1,  1,  1,  1,  1,  1,  1,  1,  1,  1,  1,  1,  1,
   2,  1,  1,  1,  1,  1,  1,  1,  1,  1,  1,  1,  1,  1,  1,  1,  1,  2,
   1,  1,  1,  1,  1,  1,  1,  1,  1,  1,  1,  1,  1,  1,  1,  1,  1,  1,
   1,  1,  1,  1,  1,  1,  1,  1,  1,  1,  1,  1,  1,  1,  1,  1,  1,  1,
   1,  1,  1,  1,  1,  1,  1,  1,  1,  1,  1,  1,  1,  1,  1,  1,  1,  1,
   1,  1,  1,  1,  1,  1,  1,  1,  1,  1,  1,  1,  1,  1,  1,  1,  1,  1,
   1,  1,  1,  1,  2,  1,  1,  1,  1,  1,  1,  1,  1,  1,  1,  1,  2,  1,
   1,  1,  1,  1,  1,  1,  1,  1,  1,  1,  1,  1,  1,  1,  1,  1,  1,  1,
   1,  1,  1,  1,  1,  1,  1,  1,  1,  1,  1,  1,  1,  1,  1,  1,  1,  1,
   1,  1,  1,  1,  1,  1,  1,  1,  1,  1,  1,  1,  1,  1,  1,  1,  2,  1,
   1,  1,  1,  1,  1,  1,  1,  1,  1,  1,  1,  1,  1,  1,  1,  1,  1,  1,
   1,  1,  1,  1,  1,  1,  1,  1,  1,  1,  1,  1,  1,  1,  1,  1,  1,  1,
   1,  1,  1,  1,  1,  1,  1,  1,  1,  1,  1,  1,  1,  1,  1,  1,  1,  2,
   1,  1,  1,  1,  1,  1,  1,  1,  1,  1,  1,  1,  1,  1,  1,  1,  1,  1,
   1,  1,  1,  1,  1,  1,  1,  1,  1,  1,  1,  1,  1,  1,  1,  1,  1,  1,
   1,  1,  1,  1,  1,  1,  1,  1,  1,  1,  1,  1,  1,  1,  1,  1,  1,  1,
   1,  1,  1,  1,  1,  1,  1,  1,  1,  1,  1,  1,  1,  1,  1,  1,  1,  1,
   1,  1,  1,  1,  1,  1,  1,  1,  1,  1,  1,  1,  1,  1,  1,  1,  1,  1,
   1,  1,  1,  1,  1,  1,  1,  1,  1,  1,  1,  1,  1,  1,  1,  1,  1,  1,
   1,  1,  1,  1,  1,  1,  1,  1,  1,  1,  1,  1,  1,  1,  1,  1,  1,  1,
   1,  1,  1,  1,  1,  1,  1,  1,  1,  1,  1,  1,  1,  1,  1,  1,  1,  1,
   1,  1,  1,  1,  1,  1,  1,  1,  1,  1,  1,  1,  1,  1,  1,  1,  1,  1,
   1,  1,  1,  1]