Python type PUNGraph:
  Nodes:                    2000
  Edges:                    1999
  Zero Deg Nodes:           0
  Zero InDeg Nodes:         0
  Zero OutDeg Nodes:        0
  NonZero In-Out Deg Nodes: 2000
  Unique directed edges:    3998
  Unique undirected edges:  1999
  Self Edges:               0
  BiDir Edges:              3998
  Closed triangles:         0
  Open triangles:           15546
  Frac. of closed triads:   0.000000
  Connected component size: 1.000000
  Strong conn. comp. size:  1.000000
  Approx. full diameter:    19
  90% effective diameter:  10.143529

Degree
[ 20,106, 53,  3, 48, 12, 11,  4, 22,  2, 31,  1,  3, 22,  1,  3, 27, 11,
  11, 11,  7,  7,  1, 33,  8, 24,  3,  1,  1, 11, 10,  2,  3,  1, 13,  1,
   2, 10, 10,  1, 10,  2,  1, 17,  1, 20,  3, 22,  3,  7,  3,  1,  1,  2,
  10,  1,  5,  2,  3,  3,  2,  3, 10,  1,  1, 12,  5,  1,  7,  1,  5,  1,
   7, 22,  4,  7,  2,  2,  6,  6,  9,  3,  8, 11, 13,  5,  1,  5, 10,  9,
  12,  3,  4,  6,  3,  8,  3,  4,  2,  3,  1,  8,  5,  7,  2,  3,  4,  8,
   1,  3,  5,  1,  1,  3,  1,  9,  7,  1,  3,  3,  7,  9,  7,  1,  6,  3,
   2,  4,  6,  4,  2,  2,  1,  4,  3,  2,  5,  2,  4,  4,  1, 25, 11, 11,
   3,  2,  6,  7,  7,  2,  3,  3,  1,  1,  2,  3,  1,  5,  2,  6,  5,  3,
   6,  5,  3,  1,  2,  6,  8,  4,  4,  2,  1,  5,  2,  9,  1,  1, 11,  3,
   4,  1,  1,  7,  8,  3,  1,  2,  5,  1,  1,  2,  1,  1,  1,  3,  2,  3,
   2,  1,  1,  3,  1,  6, 11,  4,  2,  1,  5,  2,  1,  1,  2,  4,  6,  9,
   4,  4,  2,  2,  3,  1,  2,  3,  1,  1,  3,  1,  2,  2,  1,  3,  4,  2,
   8,  3,  1,  2,  7,  1,  1,  2,  2,  2,  2,  3,  4,  1, 11,  4,  5,  2,
   2,  2,  1,  1,  2,  2,  5,  3,  1,  3,  2,  4,  1,  5,  2,  1,  1,  1,
   1,  1,  2,  2,  1, 11,  6,  1,  7,  2,  5,  3,  1,  2,  6,  1,  1,  3,
   2,  4,  2,  2,  2,  5,  2,  2,  3,  4,  1,  1,  3,  1,  5,  1,  1,  1,
   4,  2,  1,  2,  1,  1,  1,  8,  1,  1,  1,  1,  1,  1,  1,  1,  4,  4,
   2,  1, 10,  1,  2,  1,  1,  4,  1,  1,  3,  3,  2,  1,  3,  1,  1,  3,
   2,  1,  5,  2,  1,  3,  2,  3,  4,  3,  1,  6,  1,  5,  1,  2,  4,  3,
   6,  2,  1,  4,  4,  1,  1,  1,  5,  1,  7,  2,  1,  2,  1,  5,  1,  1,
   1,  1,  1,  1,  1,  2,  2,  3,  1,  1,  1,  7,  2,  1,  7,  1,  2,  5,
   1,  3,  1,  2,  1,  1,  1,  1,  4,  2,  2,  1,  2,  1,  4,  1,  1,  5,
   2,  1,  2,  3,  1,  2,  4,  1,  1,  1,  1,  1,  4,  2,  2,  6,  4,  5,
   1,  1,  2,  1,  3,  2,  1,  3,  2,  1,  3,  1,  1,  1,  1,  1,  1,  8,
   1,  2,  3,  1,  1,  2,  5,  1,  2,  1,  5,  3,  1,  3,  1,  2,  6,  4,
   5,  1,  1,  2,  2,  5,  3,  4,  1,  4,  5,  2,  1,  2,  7,  2,  1,  2,
   5,  1,  2,  2,  4,  2,  1,  1,  1,  1,  2,  1,  3,  8,  1,  2,  1,  1,
   2,  1,  1,  1,  2, 11,  1,  1,  1,  1,  2,  1,  1,  1,  1,  1,  2,  3,
   2,  3,  1,  1,  1,  1,  1,  1,  2,  1,  2,  1,  1,  1,  1,  1,  1,  1,
   2,  3,  1,  8,  2,  3,  2,  4,  1,  2,  1,  1,  1,  1,  2,  1,  3,  2,
   1,  1,  1,  4,  1,  2,  1,  3,  1,  2,  1,  1,  1,  2,  4,  1,  1,  2,
   1,  1,  2,  2,  2,  1,  1,  2,  1,  1,  1,  1,  2,  1,  3,  3,  3,  2,
   1,  1,  1,  5,  1,  1,  2,  1,  4,  1,  1,  2,  2,  5,  1,  2,  1,  1,
   1,  1,  2,  1,  2,  2,  1,  1,  2,  1,  1,  2,  2,  4,  2,  1,  1,  1,
   1,  2,  2,  3,  1,  1,  2,  3,  3,  1,  5,  3,  1,  2,  1,  3,  2,  1,
   4,  2,  2,  1,  1,  2,  1,  2,  1,  3,  1,  3,  3,  1,  2,  1,  2,  2,
   1,  5,  3,  1,  2,  1,  3,  1,  1,  1,  6,  1,  1,  3,  1,  2,  1,  1,
   3,  3,  2,  2,  2,  1,  4,  1,  3,  1,  1,  1,  1,  3,  1,  2,  1,  3,
   1,  1,  3,  1,  1,  1,  1,  2,  1,  1,  1,  2,  1,  2,  1,  1,  4,  1,
   1,  3,  2,  3,  2,  2,  1,  1,  1,  2,  3,  1,  1,  3,  1,  1,  3,  1,
   1,  2,  1,  1,  1,  1,  1,  1,  4,  1,  2,  1,  1,  1,  1,  1,  1,  2,
   3,  1,  1,  1,  1,  1,  2,  2,  1,  1,  1,  1,  1,  1,  1,  1,  1,  2,
   1,  2,  1,  3,  1,  1,  1,  1,  2,  1,  1,  1,  1,  1,  2,  1,  2,  1,
   1,  3,  1,  1,  1,  2,  1,  2,  1,  1,  1,  1,  2,  2,  2,  1,  1,  2,
   2,  1,  1,  3,  1,  1,  1,  1,  1,  2,  1,  2,  4,  1,  1,  2,  1,  2,
   1,  1,  2,  1,  1,  1,  2,  1,  3,  3,  1,  1,  2,  1,  2,  1,  1,  1,
   1,  3,  2,  1,  1,  1,  1,  2,  1,  1,  1,  2,  1,  1,  1,  2,  1,  1,
   1,  1,  1,  1,  1,  1,  1,  3,  1,  1,  1,  1,  1,  1,  1,  1,  1,  2,
   1,  2,  1,  1,  2,  1,  1,  1,  1,  1,  1,  1,  1,  1,  1,  1,  1,  2,
   2,  1,  1,  1,  1,  2,  2,  1,  3,  1,  1,  1,  3,  1,  2,  1,  2,  1,
   1,  1,  1,  1,  1,  1,  1,  2,  1,  2,  1,  1,  1,  3,  1,  1,  2,  2,
   1,  1,  1,  1,  1,  3,  1,  2,  1,  1,  3,  3,  1,  1,  1,  1,  1,  1,
   1,  1,  1,  1,  3,  2,  1,  2,  2,  2,  1,  4,  2,  1,  1,  1,  1,  1,
   1,  4,  3,  1,  1,  2,  2,  1,  1,  1,  1,  1,  1,  1,  1,  1,  2,  4,
   3,  1,  1,  2,  1,  1,  1,  2,  3,  1,  2,  2,  2,  1,  1,  1,  1,  2,
   1,  1,  2,  1,  3,  1,  3,  1,  1,  1,  1,  1,  1,  2,  1,  3,  1,  2,
   2,  1,  1,  2,  1,  1,  2,  1,  1,  1,  1,  2,  1,  1,  1,  1,  1,  2,
   1,  2,  1,  1,  1,  1,  1,  1,  3,  1,  2,  1,  1,  2,  2,  2,  1,  1,
   1,  1,  2,  1,  1,  1,  1,  1,  3,  2,  1,  1,  1,  1,  3,  1,  2,  1,
   2,  2,  1,  1,  1,  1,  2,  2,  1,  1,  1,  1,  1,  3,  1,  1,  5,  1,
   1,  1,  1,  1,  1,  1,  2,  1,  1,  3,  1,  1,  1,  1,  2,  1,  1,  1,
   1,  1,  2,  1,  1,  1,  1,  1,  1,  1,  1,  1,  1,  2,  2,  2,  1,  1,
   1,  3,  2,  1,  1,  1,  1,  1,  1,  3,  1,  1,  1,  1,  1,  3,  1,  1,
   1,  1,  2,  2,  2,  1,  1,  2,  1,  1,  1,  1,  1,  1,  1,  1,  1,  1,
   1,  1,  1,  1,  1,  2,  1,  1,  3,  2,  1,  2,  1,  1,  1,  2,  1,  1,
   1,  2,  2,  1,  2,  3,  1,  1,  1,  1,  1,  1,  1,  2,  1,  1,  4,  1,
   1,  1,  1,  1,  1,  1,  1,  1,  1,  1,  1,  2,  2,  1,  1,  1,  1,  1,
   1,  1,  2,  1,  1,  1,  1,  1,  1,  1,  1,  1,  1,  1,  1,  1,  1,  1,
   1,  1,  1,  1,  1,  1,  1,  1,  1,  1,  1,  1,  3,  4,  1,  1,  5,  1,
   3,  1,  1,  1,  1,  2,  1,  2,  1,  2,  1,  1,  1,  1,  1,  1,  1,  1,
   2,  1,  1,  2,  1,  1,  1,  2,  1,  1,  1,  1,  1,  1,  2,  2,  1,  2,
   1,  1,  1,  1,  1,  1,  1,  1,  1,  1,  1,  2,  1,  1,  1,  2,  1,  1,
   1,  1,  1,  1,  1,  1,  1,  1,  2,  1,  1,  2,  2,  1,  1,  1,  1,  2,
   1,  1,  1,  1,  1,  1,  1,  1,  1,  1,  1,  1,  1,  1,  3,  1,  1,  1,
   1,  1,  1,  1,  1,  1,  2,  1,  2,  1,  1,  1,  1,  3,  1,  1,  1,  2,
   1,  2,  1,  2,  2,  1,  2,  1,  1,  1,  1,  2,  2,  1,  1,  1,  2,  1,
   2,  2,  1,  1,  1,  1,  1,  1,  1,  4,  1,  1,  1,  1,  1,  2,  1,  1,
   1,  1,  1,  1,  1,  1,  1,  1,  1,  1,  1,  1,  1,  1,  1,  1,  2,  1,
   1,  1,  1,  1,  1,  1,  1,  1,  1,  1,  1,  1,  1,  1,  1,  1,  1,  1,
   2,  1,  1,  1,  1,  2,  2,  1,  1,  1,  1,  1,  1,  1,  1,  1,  1,  1,
   1,  2,  1,  1,  1,  1,  1,  1,  1,  1,  1,  1,  1,  1,  2,  1,  1,  2,
   1,  1,  3,  1,  2,  1,  1,  1,  1,  1,  1,  1,  1,  1,  1,  2,  2,  1,
   1,  1,  1,  1,  1,  1,  1,  1,  1,  1,  1,  1,  2,  1,  1,  1,  1,  1,
   1,  1,  1,  1,  1,  1,  1,  1,  1,  1,  1,  1,  1,  1,  1,  1,  1,  1,
   1,  1,  1,  1,  1,  1,  1,  1,  1,  1,  2,  1,  1,  1,  1,  2,  1,  1,
   1,  2,  1,  1,  1,  1,  1,  1,  2,  1,  1,  1,  2,  1,  1,  1,  1,  1,
   1,  1,  1,  1,  1,  1,  1,  1,  1,  1,  1,  1,  1,  2,  2,  1,  1,  1,
   1,  1,  1,  2,  1,  1,  1,  1,  1,  1,  1,  1,  1,  1,  1,  1,  1,  1,
   1,  1,  1,  1,  1,  1,  3,  1,  1,  1,  1,  1,  1,  2,  2,  2,  1,  1,
   1,  1,  2,  1,  2,  1,  1,  1,  1,  1,  1,  1,  1,  1,  1,  1,  1,  1,
   1,  1,  1,  1,  1,  1,  1,  1,  1,  1,  1,  3,  1,  1,  1,  1,  1,  1,
   1,  1,  1,  1,  1,  1,  1,  1,  1,  1,  2,  2,  1,  1,  1,  1,  1,  1,
   1,  1,  1,  1,  1,  1,  1,  2,  1,  1,  1,  1,  1,  1,  1,  1,  1,  4,
   1,  1,  1,  1,  1,  1,  1,  1,  1,  1,  1,  1,  1,  1,  1,  1,  1,  1,
   1,  1,  1,  1,  2,  2,  1,  1,  2,  1,  1,  1,  1,  2,  1,  1,  1,  1,
   1,  1,  1,  1,  1,  1,  1,  1,  1,  1,  1,  1,  1,  1,  1,  1,  1,  1,
   2,  1,  1,  1,  1,  1,  1,  1,  1,  1,  1,  1,  1,  1,  2,  2,  1,  1,
   1,  1,  1,  1,  2,  1,  1,  1,  1,  1,  1,  1,  1,  2,  1,  1,  1,  1,
   1,  2,  1,  1,  1,  1,  2,  1,  1,  1,  1,  1,  1,  1,  1,  1,  1,  1,
   1,  2,  1,  1,  1,  1,  1,  1,  1,  1,  1,  1,  1,  1,  1,  1,  1,  1,
   1,  1,  1,  1,  1,  2,  1,  1,  2,  1,  1,  1,  1,  1,  1,  1,  1,  1,
   1,  1,  1,  1,  1,  1,  1,  1,  1,  1,  1,  1,  1,  1,  1,  1,  1,  1,
   1,  1,  1,  1,  1,  1,  1,  1,  1,  1,  1,  1,  1,  1,  1,  1,  1,  2,
   1,  1,  1,  1,  1,  1,  1,  1,  1,  1,  1,  1,  1,  1,  1,  1,  1,  1,
   1,  1,  1,  1,  1,  1,  1,  1,  1,  1,  1,  1,  1,  1,  1,  1,  1,  1,
   1,  1,  1,  1,  1,  1,  1,  1,  1,  1,  1,  1,  1,  1,  1,  1,  1,  2,
   1,  1,  1,  1,  1,  1,  1,  1,  1,  1,  1,  1,  1,  1,  1,  1,  1,  1,
   1,  1,  1,  1,  1,  1,  1,  1,  1,  1,  1,  1,  1,  1,  1,  1,  1,  1,
   2,  1,  1,  1,  1,  1,  1,  1,  1,  1,  1,  1,  1,  1,  1,  1,  1,  1,
   1,  1,  1,  1,  1,  1,  1,  1,  1,  1,  1,  1,  1,  1,  1,  1,  1,  1,
   1,  1]