Python type PUNGraph:
  Nodes:                    8000
  Edges:                    7999
  Zero Deg Nodes:           0
  Zero InDeg Nodes:         0
  Zero OutDeg Nodes:        0
  NonZero In-Out Deg Nodes: 8000
  Unique directed edges:    15998
  Unique undirected edges:  7999
  Self Edges:               0
  BiDir Edges:              15998
  Closed triangles:         0
  Open triangles:           83643
  Frac. of closed triads:   0.000000
  Connected component size: 1.000000
  Strong conn. comp. size:  1.000000
  Approx. full diameter:    23
  90% effective diameter:  10.951417

Degree
[  5,290, 19, 19, 35, 17, 36, 72, 12, 38, 17, 31, 16,  1, 47, 39, 12, 12,
  38, 18, 11, 24,  8,  3,  9, 37, 12, 67, 11, 13, 13, 34, 14,  5, 13,  4,
  52,  8, 19,  6,  7, 12,  2, 12,  3, 14, 20,  1,  7, 61, 15,  7,  8,  9,
  23,  8,  6, 24,  9,  6, 16, 23, 26,  6,  6,  7, 13, 14,  1, 13, 10,  3,
   4,  4,  5, 10, 19,  3,  7, 18,  9, 14,  1,  6, 10,  1,  2,  9, 26,  6,
   7, 47,  4, 13,  3, 18,  3,  5,  6, 17,  2,  6, 10,  3,  6,  3,  3,  8,
   5,  7,  6,  3,  1, 11, 11,  8,  1,  9,  6, 17,  9,  3,  7,  4, 23,  2,
   3,  8,  8, 17,  3,  1,  4,  6,  3,  7, 18,  1,  4,  3, 11, 10,  7, 11,
  15,  1,  2,  1,  4,  1,  6,  6, 20,  6,  5,  2,  6,  2,  2,  6,  5, 11,
   2,  1,  2, 25,  5,  5,  4,  7, 23, 10,  3,  1, 11,  3,  4,  7,  7,  1,
  16,  2,  2,  4, 10,  7,  6,  5,  8,  3, 16,  5,  5,  1,  4, 10,  4,  1,
   5,  2, 12, 10, 15,  7, 10, 14,  4,  3,  1,  1,  5,  3, 22,  5, 12,  3,
  24,  2,  1, 15,  7, 15, 43,  4,  5,  2,  3,  2, 12,  1, 16,  6,  6,  3,
   7,  5,  4, 19,  3, 10,  3,  4,  1,  7,  4,  3, 12,  4,  8,  2,  4,  4,
   9,  9, 11,  1, 11,  2,  3,  4,  2,  3,  6,  1,  1,  3,  1,  1,  6,  8,
   1,  1,  3,  5, 11,  1,  4,  1,  3,  1,  3,  1,  1,  2,  5,  3, 18, 26,
   2,  2,  7,  4,  2,  3,  7,  4,  1,  1,  1,  3,  4, 13,  1,  2,  5,  1,
  21,  1,  8,  2,  2,  9,  2,  6,  8,  3,  7,  2, 23,  1,  7,  1, 14,  5,
   7, 10,  8,  7,  3,  6,  7,  2,  1,  2,  6,  2,  7,  1, 10,  2, 13,  3,
   1,  3,  2,  4,  6,  6,  2,  7,  1, 17,  1,  1,  4, 12,  1,  1, 12,  5,
   2,  1,  5,  2,  1,  6,  2, 20,  3,  3,  1,  2,  1,  6,  5,  3,  2,  1,
   7,  3,  4,  3,  1, 12, 11,  2,  6, 10, 22,  4,  1,  3,  7,  1,  1,  3,
   2,  2,  7,  4,  1, 14,  2,  6,  9,  4,  3,  2,  1,  5,  1,  1, 12,  2,
   1,  2,  4,  7,  1,  8,  2, 14,  2,  3,  7,  4, 10,  6,  5,  2,  2,  1,
  15,  5,  5,  3,  4,  1,  5,  6,  6,  2,  3,  2,  5,  8,  1,  4,  1,  3,
  18,  5,  2,  4,  1,  5,  5,  2,  2, 10,  6,  6, 13,  9,  5,  1,  6,  2,
   2,  6,  2,  2,  1,  1, 11,  7,  2,  2, 16,  1,  7,  2, 10,  1,  3,  5,
   3,  1,  3,  1,  4,  1,  1, 12,  2,  1,  1,  2,  3,  2,  1,  1,  2,  3,
  10,  3,  1,  1,  3,  2,  1,  1, 11,  1,  2,  2,  1,  6,  3,  6,  5,  9,
   1,  1, 13,  2,  2,  8,  1,  1,  2,  5,  1,  3,  7,  9,  1,  5,  7,  3,
   5,  5,  3,  2, 13,  1, 10,  7,  1,  7,  2,  2, 10,  1,  7,  6,  3,  2,
   7,  2,  1,  1,  3,  4,  7,  1,  1,  2,  5,  3, 16, 12,  3,  7,  5,  2,
   2,  1,  3,  2,  4,  3,  1,  4,  4,  7,  1,  2,  3, 11,  2,  2, 14,  2,
   6, 12,  1,  1,  2,  1,  2,  4,  4,  2,  5,  2,  1,  4,  9,  6,  1,  3,
   9,  4,  2,  3,  3,  4,  5,  2,  2,  3,  3,  5,  1,  7,  1,  1,  4,  3,
   3,  3,  3,  1,  1,  3,  1,  2,  1,  2,  1,  9,  1,  2,  5,  1,  1,  1,
   2,  1,  1,  2,  2,  7, 15,  1,  4,  5,  1,  1, 12,  8,  4,  8,  2,  4,
   2,  2,  1,  5,  1,  1,  1,  5,  4,  2,  5,  3,  1,  3,  3,  1, 11,  5,
   8,  1,  2,  2,  1,  4,  7,  1,  1,  5,  1,  1,  2,  2,  4,  7,  2,  1,
   2,  6,  1,  3,  1,  2,  3,  3,  3,  1,  2, 10,  3,  7,  3,  3,  1,  5,
   3,  3,  1,  5,  2,  6,  5,  2,  6,  7,  3,  2,  5,  1,  3,  3,  2,  3,
   1,  3,  1,  7,  8, 15,  3,  4,  4,  1,  2,  1,  1,  2,  2,  2,  4,  4,
   1,  5,  1,  5,  1,  4,  2,  2,  4,  1,  4,  3,  2,  2,  2,  2,  1,  1,
   8,  1,  6,  3,  4,  2,  1,  2,  5, 14,  1,  1,  2,  1,  3,  1,  3,  3,
   1,  2,  4,  1,  5,  2,  4,  2,  1,  2,  2,  1,  7,  2,  2,  1,  2,  3,
   1,  1,  1,  3,  1,  4,  4,  6,  3,  2,  2,  1,  2,  6,  3,  2,  1,  2,
   8,  1,  1,  4,  1,  3,  4,  1,  1,  2,  1,  2,  2,  1,  1,  1,  9,  2,
   5,  3,  3,  4,  1,  1,  1,  3,  4,  2, 12,  2,  2,  1,  6,  2,  5,  7,
   1,  1,  3,  4,  6,  7,  3,  1,  4,  6,  1,  2,  3,  1,  1,  6,  2,  3,
   1,  1,  2,  2,  1,  3,  1,  4,  5,  1,  3,  2,  4,  6,  2,  2,  6,  2,
   1,  5,  5,  1,  3,  1,  2,  2, 11,  3,  2,  1,  1,  2,  4,  2,  2,  4,
   6,  1,  1,  6,  1,  2,  1,  3,  6,  5,  4,  1,  1,  5,  4,  6,  8,  1,
   1,  1,  4, 12,  2, 11,  2,  1,  2,  3,  1,  4,  2,  1,  1,  2,  1,  1,
   4,  3,  3,  2,  4,  2,  1,  4,  1,  5,  1,  2,  5,  4,  4,  7,  2,  9,
   1,  1,  2,  2,  1,  4,  3,  1,  1,  4,  2,  3,  2,  2,  1,  2,  4,  3,
   2,  4,  7,  1,  2,  1, 12,  9,  1,  1,  2,  1,  1,  5,  2,  1,  3,  1,
   6,  1,  6,  2,  1,  1,  2,  1,  1,  1,  2,  2,  4,  1,  6,  1,  2,  8,
   1,  2,  3,  4,  2,  2,  3,  1,  5,  1,  1,  3,  1,  9,  4,  1,  8,  3,
   1,  3,  4,  2,  4,  1,  2,  2,  1,  4,  1,  4,  3,  1,  1,  1,  1,  1,
   3,  1,  1,  4,  3,  1,  6,  3,  2,  1,  1,  2,  2,  2,  2,  8,  4,  5,
   6,  2,  1,  1,  5,  8,  3,  2,  4,  2,  3,  2,  1,  1,  1,  8,  6,  3,
   3,  1,  2,  4,  7,  4,  1,  3,  3,  8,  1,  4, 13,  3,  2,  3,  1,  3,
   6,  4,  1,  3,  1,  2,  4,  1,  1,  1,  1,  3,  2,  1,  1,  5,  3,  2,
   1,  1,  6,  1,  1,  3,  1,  4,  6,  1,  1,  1,  4,  3,  1,  1,  4,  4,
   1,  3,  5,  1,  6,  4,  1,  1,  4,  1,  1,  3,  1,  3,  4,  4,  3,  1,
   3,  1,  2,  1,  3,  7,  1,  3,  2,  4,  1,  2,  1,  2,  3,  4,  4,  1,
   6,  2,  4,  3,  1,  4, 11,  3,  8,  1,  1,  1,  1,  2,  3,  4,  1,  6,
   2,  1,  4,  1,  2,  1,  1,  1,  2,  3,  3,  1,  1,  1,  1,  1,  1,  1,
   1,  1,  2,  3,  4,  1,  5,  8,  1,  1,  1,  2,  3,  1,  3,  1,  4,  4,
   1,  6,  3,  1,  3,  5,  2, 16,  5,  1,  3,  1,  3,  1,  1,  2,  3,  4,
   3,  1, 14,  4,  3,  4,  2,  2,  4,  1,  2,  1,  3,  1,  1,  3,  1, 15,
   1,  3,  2,  1,  6,  3,  2,  1,  3,  3,  3,  2,  1, 10,  3,  1,  1,  1,
   4,  1,  2,  1,  2,  1,  6,  3,  4,  1,  1,  7,  4,  2,  6,  4,  1,  2,
   3,  2,  2,  2,  5,  3,  1,  7,  2,  1,  3,  2,  1,  2, 11,  6,  2,  2,
   1, 12,  2,  6,  6,  4,  2,  1,  2,  3,  1,  2,  2,  2,  3,  1,  2,  3,
   1,  2,  1,  3,  1,  1,  1,  2,  2,  1,  5,  1,  2,  1,  5,  2,  2,  3,
   1,  3,  5,  3,  1,  3,  7,  1,  1,  2,  2,  2,  1,  5,  1,  2,  1,  1,
   3,  2,  1,  1,  1,  1,  2,  1,  2,  2,  3,  4,  1,  1,  4,  1,  2,  1,
   1,  2,  1,  1,  3,  2,  1,  1,  2,  1,  1,  2,  1,  3,  1,  1,  4,  1,
   1,  2,  2,  1,  1,  7,  2,  3,  1,  2,  1,  1,  1,  2,  2,  3,  3,  1,
   1,  2,  2,  4,  3,  1,  2,  3,  4,  1,  2,  4,  1,  1,  1,  1,  2,  5,
   1,  3,  4,  1,  2, 11,  2,  2,  5,  2,  1,  1,  6,  1,  2,  2,  1,  5,
   3,  2,  2,  3,  1,  1,  5,  1,  4,  4,  3,  1,  3,  2,  3,  1,  8,  6,
   5,  7,  2,  3,  4,  1,  1,  1,  6,  1,  1,  1,  4,  4,  5,  2,  7,  1,
   7,  1,  1,  3,  2,  2,  1,  1,  4,  3,  1,  1,  1,  3,  3,  1,  4,  1,
   2,  2,  1,  2,  4,  1,  4,  2,  2,  2,  3,  2,  4,  1,  3,  1,  1,  1,
   3,  2,  5,  3,  1,  2,  4,  2,  6,  2,  2,  1,  2,  7,  1,  3,  1,  6,
   1,  3,  2,  1,  4,  3,  1,  1,  2,  3,  1,  2,  1,  1,  2,  3,  3,  1,
   3,  2,  1,  1,  3,  2,  1,  6,  4,  1,  2,  1,  1,  2,  2,  1,  1,  4,
   2,  1,  5,  1,  1,  3,  1,  6,  3,  1,  1,  1,  2,  2,  3,  3,  3,  1,
   1,  1,  2,  1,  1,  3,  1,  1,  3,  2,  1,  2,  3,  2,  2,  3,  1,  1,
   1,  2,  1,  1,  2,  3,  1,  1,  2,  2,  2,  2,  1,  1,  1,  1,  3,  1,
   3,  3,  2,  4,  2,  3,  3,  1,  1,  2,  1,  1,  2,  2,  2,  3,  4,  1,
   2,  7,  2,  5,  1,  2,  1,  1,  1,  1,  1,  1,  2,  6,  1,  4,  3,  1,
   1,  5,  2,  2,  2,  2,  1,  3,  1,  1,  1,  1,  2,  2,  1,  1,  2,  1,
   1,  2,  1,  4,  2,  1,  6,  1,  2,  5,  2,  1,  3,  1,  3,  1,  4,  1,
   2,  2,  2,  4,  2,  2,  2,  1,  2,  1,  3,  2,  2,  2,  3,  4, 10,  6,
   1,  1,  1,  2,  1,  1,  1,  1,  6,  2,  2,  1,  3,  9,  3,  1,  4,  4,
   1,  1,  1,  2,  2,  4,  1,  2,  2,  1,  3,  2,  1,  1,  2,  5,  1,  1,
   4,  1,  2,  2,  3,  2,  3,  1,  4,  1,  1,  1,  2,  1,  3,  2,  5,  1,
   1,  1,  3,  1,  3,  4,  1,  3,  3,  1,  1,  1,  7,  2,  1,  1,  4,  1,
   1,  1,  2,  1,  3,  2,  4,  3,  2,  2,  3,  1,  4,  1,  1,  5,  5,  2,
   2,  1,  1,  2,  1,  3,  1,  1,  1,  1,  2,  2,  3,  3,  1,  6,  3,  1,
   1,  1,  1,  2,  3,  1,  2,  8,  4,  1,  1,  2,  1,  3,  2,  1,  1,  6,
   2,  1,  1,  2,  2,  1,  1,  4,  6,  1,  3,  1,  3,  5,  1,  3,  3,  1,
   6,  5,  1,  1,  1,  2,  1,  3,  1,  2,  1,  5,  3,  1,  1,  2,  2,  1,
   1,  1,  1,  3,  1,  9,  5,  1,  1,  1,  2,  3,  1,  2,  2,  1,  1,  3,
   1,  2,  1,  2,  1,  5,  1,  3,  2,  2,  1,  1,  3,  1,  1,  1,  2,  1,
   1,  3,  2,  1,  1,  1,  4,  3,  4,  1,  2,  1,  1,  1,  1,  3,  1,  2,
   3,  2,  2,  2,  1,  1,  1,  1,  1,  1,  1,  1,  1,  2,  2,  2,  1,  1,
   2,  3,  3,  2,  1,  2,  1,  1,  2,  1,  2,  1,  2,  1,  1,  2,  1,  2,
   2,  1,  2,  1,  5,  2,  1,  2,  1,  2,  5,  1,  1,  1,  2,  4,  4,  1,
   2,  1,  5,  1,  2,  3,  2,  1,  1,  1,  1,  1,  1,  1,  5,  2,  2,  1,
   3,  1,  3,  1,  1,  3,  1,  3,  1,  1,  2,  1,  2,  2,  1,  1,  1,  2,
   1,  3,  1,  1,  4,  1,  1,  1,  1,  2,  1,  3,  1,  3,  7,  1,  1,  1,
   1,  2,  1,  3,  1,  3,  5,  1,  5,  1,  1,  3,  3,  1,  2,  1,  1,  1,
   1,  2,  2,  2,  1,  4,  2,  1,  1,  2,  1,  1,  2,  1,  1,  3,  1,  1,
   2,  2,  1,  1,  1,  2,  3,  1,  2,  2,  1,  1,  1,  1,  3,  1,  1,  2,
   1,  2,  3,  2,  3,  1,  4,  1,  4,  3,  9,  1,  1,  1,  1,  2,  1,  1,
   1,  1,  1,  1,  1,  2,  1,  1,  1,  1,  5,  2,  3,  3,  5,  1,  1,  1,
   1,  3,  1,  1,  1,  4,  1,  1,  1,  4,  2,  3,  1,  3,  1,  1,  1,  1,
   1,  1,  1,  5,  4,  3,  1,  1,  1,  2,  1,  4,  1,  2,  1,  1,  1,  1,
   2,  3,  2,  1,  1,  4,  2,  3,  1,  2,  1,  1,  1,  4,  1,  1,  5,  4,
   1,  1,  1,  2,  3,  2,  5,  1,  2,  3,  1,  4,  1,  2,  3,  1,  1,  1,
   1,  1,  2,  1,  1,  1,  2,  3,  2,  1,  2,  2,  2,  1,  1,  6,  2,  1,
   3,  1,  1,  5,  1,  2,  2,  1,  2,  1,  2,  1,  1,  1,  2,  4,  3,  1,
   1,  2,  1,  1,  2,  1,  1,  4,  1,  1,  1,  1,  1,  1,  1,  2,  1,  5,
   2,  3,  5,  1,  3,  2,  1,  1,  1,  1,  1,  1,  1,  1,  4,  4,  2,  1,
   1,  3,  1,  1,  1,  1,  2,  2,  1,  1,  1,  1,  1,  3,  2,  1,  2,  1,
   2,  1,  1,  1,  1,  1,  2,  1,  2,  2,  2,  2,  3,  1,  1,  1,  1,  2,
   1,  1,  2,  1,  1,  1,  6,  1,  1,  1,  3,  1,  3,  3,  3,  1,  2,  1,
   1,  2,  1,  1,  1,  1,  2,  1,  2,  1,  1,  3,  2,  1,  1,  1,  1,  1,
   2,  1,  1,  3,  1,  1,  1,  1,  1,  1,  1,  2,  1,  1,  3,  1,  1,  1,
   7,  7,  3,  1,  1,  1,  4,  1,  4,  2,  1,  2,  2,  1,  2,  2,  1,  2,
   5,  5,  1,  1,  2,  2,  4,  2,  2,  2,  1,  1,  1,  5,  1,  1,  1,  1,
   1,  1,  1,  1,  1,  4,  2,  1,  3,  2,  1,  1,  4,  2,  2,  1,  2,  1,
   1,  2,  4,  2,  2,  1,  3,  1,  1,  1,  3,  1,  2,  5,  1,  3,  1,  1,
   3,  5,  1,  4,  2,  2,  1,  1,  1,  6,  1,  1,  1,  3,  2,  1,  2,  2,
   3,  2,  1,  2,  1,  2,  1,  1,  3,  2,  2,  1,  1,  2,  1,  2,  2,  3,
   5,  3,  1,  1,  1,  2,  1,  1,  1,  2,  6,  1,  1,  2,  2,  1,  1,  1,
   2,  3,  1,  1,  3,  1,  4,  2,  2,  1,  3,  1,  1,  2,  3,  2,  1,  1,
   1,  1,  1,  1,  1,  2,  4,  1,  2,  1,  1,  1,  2,  1,  2,  1,  1,  1,
   1,  3,  8,  1,  1,  1,  1,  1,  2,  2,  1,  4,  4,  1,  1,  1,  5,  1,
   1,  1,  1,  1,  1,  1,  4,  1,  3,  1,  1,  1,  1,  1,  2,  2,  1,  2,
   1,  2,  1,  3,  2,  2,  2,  1,  1,  1,  1,  1,  1,  1,  1,  1,  3,  2,
   1,  2,  2,  1,  1,  3,  1,  1,  2,  1,  1,  1,  1,  1,  5,  4,  2,  3,
   2,  2,  5,  1,  1,  2,  1,  1,  1,  1,  1,  1,  2,  2,  1,  1,  1,  3,
   1,  1,  3,  2,  1,  1,  1,  3,  2,  3,  1,  1,  1,  2,  1,  2,  1,  2,
   1,  1,  1,  1,  1,  1,  1,  3,  2,  3,  1,  1,  1,  5,  1,  2,  1,  1,
   1,  1,  3,  2,  2,  1,  1,  1,  1,  2,  2,  1,  3,  1,  1,  2,  1,  2,
   1,  1,  2,  4,  3,  1,  3,  1,  1,  2,  1,  1,  2,  1,  2,  1,  2,  1,
   2,  1,  1,  1,  1,  1,  1,  1,  1,  1,  1,  2,  1,  1,  1,  5,  1,  1,
   2,  2,  1,  1,  2,  1,  1,  3,  1,  3,  2,  1,  3,  1,  4,  1,  1,  1,
   2,  1,  1,  2,  1,  1,  3,  2,  1,  1,  2,  2,  1,  5,  1,  1,  1,  1,
   1,  2,  2,  2,  2,  1,  3,  1,  4,  2,  3,  2,  2,  1,  2,  2,  1,  2,
   4,  3,  3,  1,  1,  3,  1,  1,  2,  1,  1,  5,  1,  1,  1,  1,  1,  1,
   1,  3,  2,  3,  1,  1,  1,  1,  1,  1,  2,  4,  4,  1,  2,  1,  1,  3,
   1,  3,  2,  3,  5,  1,  1,  1,  1,  1,  1,  2,  4,  2,  1,  2,  3,  1,
   1,  1,  1,  1,  1,  2,  1,  3,  4,  1,  3,  1,  2,  1,  1,  3,  1,  3,
   1,  2,  1,  1,  1,  2,  1,  1,  1,  1,  1,  2,  1,  1,  5,  4,  2,  3,
   1,  1,  2,  1,  3,  1,  4,  1,  1,  4,  1,  4,  1,  1,  1,  2,  1,  2,
   1,  1,  1,  1,  1,  1,  4,  1,  1,  1,  2,  2,  3,  1,  1,  1,  1,  2,
   1,  4,  3,  2,  2,  1,  1,  1,  1,  1,  2,  9,  1,  1,  1,  1,  1,  1,
   1,  1,  2,  1,  1,  2,  5,  1,  2,  1,  2,  1,  2,  2,  1,  1,  1,  3,
   2,  2,  1,  2,  3,  4,  3,  1,  2,  1,  1,  2,  1,  1,  1,  1,  3,  2,
   3,  3,  1,  1,  1,  2,  3,  1,  1,  1,  1,  1,  2,  2,  1,  2,  1,  1,
   1,  1,  3,  1,  2,  2,  6,  1,  1,  3,  2,  1,  3,  2,  2,  1,  1,  1,
   1,  1,  1,  2,  2,  1,  1,  2,  4,  1,  3,  1,  1,  2,  2,  3,  4,  1,
   1,  1,  3,  1,  1,  1,  2,  1,  1,  3,  1,  1,  1,  1,  1,  2,  2,  1,
   1,  1,  1,  3,  1,  1,  1,  3,  3,  1,  2,  5,  1,  2,  1,  1,  1,  2,
   2,  1,  1,  4,  6,  1,  1,  1,  3,  1,  2,  2,  1,  1,  2,  1,  4,  1,
   1,  2,  1,  4,  1,  2,  1,  2,  1,  1,  1,  2,  1,  1,  2,  1,  2,  2,
   2,  1,  1,  2,  3,  1,  1,  1,  1,  1,  2,  1,  1,  2,  1,  2,  1,  1,
   1,  1,  4,  1,  1,  1,  1,  1,  1,  3,  1,  2,  1,  1,  2,  4,  1,  4,
   4,  1,  2,  1,  4,  1,  1,  1,  1,  3,  2,  3,  1,  2,  2,  2,  2,  1,
   2,  2,  3,  3,  1,  1,  2,  1,  1,  1,  2,  3,  5,  5,  1,  1,  1,  1,
   1,  2,  1,  1,  1,  1,  1,  3,  1,  1,  1,  2,  1,  1,  2,  1,  2,  1,
   1,  1,  1,  1,  3,  1,  1,  2,  5,  3,  1,  1,  1,  1,  1,  1,  1,  1,
   1,  1,  4,  1,  4,  1,  1,  1,  2,  1,  1,  1,  3,  1,  1,  1,  1,  2,
   2,  1,  1,  1,  4,  1,  1,  1,  2,  3,  1,  1,  1,  1,  3,  1,  1,  1,
   6,  2,  1,  2,  1,  2,  1,  1,  1,  2,  1,  2,  1,  1,  1,  1,  1,  2,
   1,  1,  2,  2,  1,  1,  2,  1,  1,  2,  1,  1,  2,  1,  1,  4,  2,  2,
   1,  1,  1,  3,  1,  1,  1,  1,  2,  1,  1,  1,  1,  3,  1,  3,  1,  1,
   1,  1,  1,  2,  1,  1,  1,  1,  1,  4,  1,  1,  1,  1,  1,  2,  1,  4,
   2,  1,  1,  1,  3,  3,  1,  2,  1,  2,  1,  1,  4,  1,  2,  3,  1,  1,
   1,  1,  4,  3,  1,  4,  4,  4,  1,  1,  1,  2,  6,  1,  2,  1,  8,  1,
   1,  1,  1,  1,  3,  1,  1,  1,  1,  1,  1,  2,  1,  1,  1,  1,  1,  4,
   2,  1,  2,  1,  1,  4,  4,  1,  1,  1,  1,  1,  2,  1,  1,  2,  1,  3,
   1,  1,  1,  1,  1,  2,  1,  3,  3,  2,  2,  1,  1,  1,  1,  1,  2,  1,
   1,  2,  1,  1,  1,  2,  1,  1,  1,  8,  1,  1,  1,  1,  2,  1,  1,  2,
   1,  3,  1,  1,  1,  3,  1,  1,  1,  1,  1,  3,  1,  2,  1,  1,  1,  1,
   2,  1,  2,  1,  4,  2,  1,  1,  3,  3,  3,  1,  1,  1,  1,  1,  1,  5,
   2,  1,  3,  1,  1,  2,  2,  1,  2,  1,  2,  1,  1,  1,  1,  1,  1,  1,
   1,  1,  2,  1,  3,  5,  1,  2,  1,  1,  1,  1,  1,  1,  1,  1,  1,  1,
   2,  1,  1,  1,  1,  2,  1,  1,  2,  1,  1,  1,  2,  1,  1,  3,  1,  1,
   1,  1,  1,  2,  2,  1,  1,  1,  1,  1,  1,  1,  1,  1,  1,  2,  2,  1,
   2,  1,  1,  1,  4,  1,  1,  1,  1,  1,  1,  1,  1,  1,  2,  2,  1,  2,
   1,  2,  4,  1,  3,  1,  2,  1,  3,  1,  1,  2,  1,  2,  1,  5,  1,  2,
   1,  1,  1,  2,  1,  1,  1,  2,  1,  2,  3,  3,  3,  1,  1,  1,  2,  1,
   3,  5,  1,  1,  1,  1,  1,  1,  2,  1,  1,  1,  1,  1,  1,  2,  2,  1,
   1,  1,  1,  1,  1,  1,  2,  1,  1,  1,  1,  1,  1,  1,  2,  2,  4,  1,
   1,  1,  1,  1,  1,  1,  1,  1,  3,  1,  1,  2,  1,  1,  1,  1,  1,  1,
   1,  1,  1,  1,  2,  1,  1,  1,  2,  1,  1,  2,  1,  1,  1,  1,  1,  1,
   1,  1,  2,  1,  1,  1,  1,  1,  1,  1,  3,  3,  1,  1,  1,  2,  3,  1,
   2,  1,  1,  2,  1,  2,  1,  1,  3,  2,  1,  1,  2,  1,  1,  1,  2,  1,
   1,  4,  3,  1,  1,  1,  3,  1,  1,  1,  2,  1,  1,  2,  1,  1,  1,  1,
   1,  1,  1,  3,  1,  1,  1,  2,  3,  1,  1,  1,  1,  2,  2,  2,  1,  1,
   1,  1,  1,  1,  1,  1,  2,  1,  1,  1,  2,  1,  1,  1,  3,  6,  1,  1,
   1,  1,  2,  1,  1,  1,  1,  2,  1,  1,  1,  1,  2,  1,  2,  3,  1,  1,
   1,  2,  1,  1,  1,  1,  2,  1,  2,  1,  1,  1,  1,  1,  1,  1,  1,  2,
   1,  2,  1,  1,  1,  1,  1,  4,  1,  1,  2,  1,  1,  2,  1,  1,  1,  3,
   3,  1,  1,  2,  2,  1,  1,  1,  1,  5,  1,  1,  2,  3,  1,  1,  1,  1,
   1,  3,  3,  1,  4,  1,  1,  1,  1,  1,  2,  1,  1,  1,  1,  1,  1,  1,
   1,  1,  1,  1,  1,  1,  1,  1,  2,  1,  1,  2,  1,  1,  1,  3,  1,  1,
   1,  2,  1,  1,  1,  1,  3,  1,  1,  1,  3,  1,  1,  2,  1,  2,  1,  1,
   3,  3,  2,  1,  4,  1,  2,  1,  1,  4,  1,  1,  1,  1,  1,  1,  2,  1,
   1,  3,  1,  2,  1,  1,  1,  1,  2,  1,  2,  2,  2,  1,  3,  1,  1,  3,
   1,  2,  2,  1,  4,  1,  2,  1,  3,  1,  1,  2,  2,  2,  1,  1,  1,  1,
   1,  4,  1,  1,  1,  3,  1,  2,  2,  1,  5,  3,  1,  1,  1,  2,  1,  1,
   2,  1,  1,  2,  1,  1,  1,  2,  2,  1,  1,  1,  1,  1,  2,  1,  1,  1,
   3,  1,  1,  1,  1,  4,  1,  1,  1,  1,  1,  2,  3,  1,  1,  1,  1,  1,
   1,  1,  1,  1,  1,  1,  1,  1,  1,  3,  2,  2,  2,  1,  1,  2,  1,  1,
   2,  1,  1,  1,  1,  1,  4,  1,  2,  1,  1,  3,  1,  4,  1,  1,  1,  1,
   1,  1,  2,  1,  2,  1,  1,  1,  1,  1,  1,  1,  1,  1,  3,  1,  2,  1,
   1,  1,  1,  1,  1,  2,  1,  1,  1,  1,  1,  1,  1,  1,  1,  4,  2,  1,
   2,  2,  1,  1,  2,  1,  1,  1,  1,  1,  1,  1,  2,  2,  1,  2,  1,  1,
   1,  1,  1,  1,  1,  2,  1,  2,  1,  1,  1,  2,  2,  1,  6,  1,  1,  2,
   1,  1,  1,  2,  1,  3,  1,  1,  1,  3,  1,  1,  1,  1,  1,  1,  1,  1,
   1,  1,  1,  1,  1,  1,  1,  2,  2,  1,  2,  1,  1,  1,  2,  2,  1,  1,
   1,  1,  2,  1,  2,  1,  2,  2,  1,  1,  1,  1,  1,  1,  2,  1,  2,  1,
   1,  1,  1,  3,  1,  1,  1,  1,  4,  1,  1,  1,  1,  1,  1,  1,  1,  1,
   1,  1,  2,  1,  1,  3,  1,  5,  1,  1,  2,  1,  4,  2,  3,  2,  2,  2,
   2,  1,  1,  1,  4,  2,  1,  1,  2,  1,  2,  1,  2,  2,  1,  1,  1,  1,
   2,  2,  1,  2,  2,  2,  1,  1,  1,  4,  2,  1,  1,  1,  2,  1,  1,  1,
   1,  1,  1,  1,  1,  1,  1,  1,  2,  1,  1,  1,  1,  2,  1,  3,  1,  1,
   1,  1,  1,  1,  2,  1,  1,  1,  1,  1,  1,  1,  1,  1,  2,  1,  4,  1,
   1,  1,  2,  2,  3,  1,  2,  3,  1,  1,  1,  1,  1,  2,  2,  1,  3,  1,
   2,  3,  2,  1,  1,  2,  4,  1,  1,  1,  1,  1,  1,  4,  1,  1,  1,  2,
   1,  1,  1,  1,  1,  1,  2,  1,  2,  1,  2,  2,  1,  1,  1,  2,  1,  3,
   1,  1,  2,  2,  1,  4,  1,  1,  1,  1,  1,  1,  4,  2,  1,  1,  1,  1,
   2,  1,  2,  1,  1,  2,  3,  1,  1,  2,  2,  2,  1,  1,  1,  1,  1,  1,
   1,  1,  1,  1,  1,  1,  1,  1,  1,  1,  2,  1,  2,  1,  3,  1,  1,  1,
   1,  1,  1,  1,  1,  1,  1,  3,  1,  1,  1,  1,  1,  1,  5,  1,  2,  1,
   1,  1,  1,  1,  1,  1,  1,  3,  1,  1,  1,  2,  1,  1,  1,  1,  1,  1,
   1,  1,  1,  1,  1,  2,  1,  1,  1,  1,  2,  1,  3,  1,  1,  2,  1,  2,
   1,  1,  1,  1,  1,  1,  3,  1,  1,  1,  1,  1,  1,  2,  1,  5,  2,  2,
   3,  1,  1,  1,  3,  1,  1,  1,  2,  1,  1,  1,  1,  2,  1,  1,  1,  1,
   2,  3,  1,  1,  1,  2,  2,  1,  1,  1,  1,  1,  1,  1,  1,  1,  1,  1,
   1,  2,  1,  1,  1,  1,  1,  1,  2,  1,  1,  1,  2,  1,  1,  1,  1,  1,
   1,  1,  1,  1,  1,  1,  2,  1,  1,  1,  2,  1,  1,  1,  1,  1,  1,  1,
   1,  2,  2,  1,  1,  1,  1,  2,  2,  1,  1,  1,  1,  2,  1,  1,  1,  1,
   1,  1,  1,  1,  1,  4,  1,  1,  1,  1,  1,  1,  1,  2,  2,  1,  1,  2,
   1,  1,  3,  3,  1,  1,  2,  2,  1,  1,  1,  1,  1,  1,  2,  1,  3,  1,
   3,  1,  2,  2,  1,  1,  1,  1,  5,  1,  4,  2,  1,  1,  1,  1,  1,  1,
   1,  2,  2,  1,  1,  2,  1,  1,  1,  1,  1,  1,  1,  1,  1,  1,  1,  2,
   1,  1,  1,  1,  2,  2,  1,  1,  1,  1,  1,  1,  1,  1,  1,  1,  2,  2,
   1,  1,  2,  1,  1,  3,  1,  1,  1,  2,  1,  1,  1,  1,  1,  1,  2,  2,
   2,  1,  1,  2,  1,  1,  1,  2,  1,  1,  1,  2,  2,  3,  1,  1,  1,  1,
   1,  1,  1,  2,  1,  1,  3,  3,  1,  1,  1,  1,  2,  1,  1,  1,  1,  1,
   1,  1,  1,  1,  1,  1,  1,  1,  2,  1,  1,  1,  1,  1,  1,  1,  2,  3,
   1,  1,  1,  1,  2,  1,  2,  1,  1,  1,  1,  1,  2,  1,  1,  1,  3,  3,
   2,  1,  1,  2,  1,  1,  1,  1,  1,  3,  1,  2,  1,  1,  1,  1,  3,  2,
   2,  3,  1,  1,  1,  1,  1,  2,  1,  1,  1,  3,  2,  1,  1,  1,  2,  1,
   1,  1,  1,  1,  2,  1,  1,  1,  1,  1,  1,  1,  1,  1,  1,  1,  1,  1,
   1,  1,  1,  1,  1,  1,  1,  1,  1,  1,  2,  1,  1,  1,  1,  4,  1,  1,
   1,  1,  4,  2,  1,  1,  1,  1,  1,  1,  2,  3,  5,  1,  1,  1,  1,  1,
   1,  2,  4,  1,  1,  1,  1,  1,  1,  1,  1,  1,  1,  2,  1,  2,  1,  2,
   2,  1,  1,  1,  1,  1,  2,  3,  1,  1,  1,  1,  1,  1,  1,  1,  3,  2,
   1,  1,  1,  1,  2,  1,  1,  1,  2,  1,  2,  1,  1,  1,  1,  1,  1,  1,
   3,  1,  1,  1,  1,  1,  1,  1,  1,  1,  1,  1,  1,  1,  1,  2,  1,  1,
   1,  1,  2,  2,  1,  1,  1,  1,  1,  1,  1,  1,  1,  1,  1,  1,  1,  1,
   2,  1,  1,  1,  1,  1,  1,  2,  1,  1,  1,  1,  2,  1,  1,  2,  1,  1,
   2,  1,  1,  2,  1,  1,  1,  1,  2,  1,  1,  1,  1,  1,  1,  1,  2,  1,
   1,  1,  1,  2,  1,  1,  1,  1,  1,  2,  1,  1,  1,  1,  1,  2,  1,  1,
   1,  1,  1,  1,  1,  1,  1,  1,  1,  1,  1,  1,  1,  1,  1,  2,  1,  1,
   1,  1,  4,  1,  1,  1,  1,  1,  1,  2,  1,  1,  1,  1,  1,  1,  1,  1,
   4,  1,  1,  1,  1,  1,  1,  2,  1,  1,  1,  2,  1,  1,  1,  1,  1,  1,
   1,  1,  1,  1,  1,  1,  3,  2,  1,  1,  1,  2,  1,  1,  1,  1,  1,  1,
   1,  1,  1,  1,  3,  2,  1,  1,  1,  2,  1,  2,  1,  1,  1,  1,  2,  1,
   1,  1,  1,  1,  1,  2,  2,  1,  1,  1,  1,  1,  3,  1,  1,  1,  1,  1,
   1,  1,  2,  1,  1,  1,  1,  2,  1,  1,  1,  1,  1,  1,  1,  1,  1,  1,
   1,  1,  2,  1,  1,  1,  1,  1,  1,  1,  1,  1,  2,  1,  1,  1,  1,  1,
   1,  1,  1,  1,  2,  1,  1,  3,  1,  1,  1,  1,  1,  1,  1,  1,  1,  2,
   1,  1,  1,  1,  1,  1,  1,  2,  3,  1,  1,  1,  1,  1,  2,  1,  1,  1,
   1,  1,  1,  1,  1,  1,  1,  1,  1,  1,  1,  1,  1,  3,  1,  1,  1,  1,
   1,  1,  1,  1,  1,  2,  1,  1,  1,  2,  1,  1,  1,  1,  4,  1,  1,  2,
   1,  1,  1,  1,  1,  1,  1,  1,  1,  2,  1,  1,  2,  2,  1,  3,  1,  1,
   1,  1,  1,  1,  1,  1,  1,  1,  1,  1,  1,  1,  1,  1,  1,  1,  1,  1,
   1,  1,  1,  1,  1,  1,  1,  1,  1,  1,  1,  1,  1,  1,  1,  1,  1,  1,
   3,  1,  1,  1,  1,  1,  1,  1,  1,  1,  1,  1,  1,  1,  1,  1,  2,  1,
   2,  1,  1,  1,  1,  1,  1,  1,  1,  1,  1,  1,  4,  1,  1,  1,  1,  1,
   1,  1,  1,  1,  1,  1,  1,  1,  1,  1,  1,  1,  1,  1,  1,  2,  1,  2,
   2,  4,  1,  1,  3,  1,  1,  1,  1,  1,  1,  1,  1,  1,  1,  1,  1,  2,
   1,  1,  1,  1,  1,  2,  1,  1,  1,  1,  1,  1,  1,  1,  3,  1,  1,  1,
   1,  1,  3,  1,  1,  1,  1,  1,  1,  1,  1,  1,  1,  1,  1,  1,  2,  1,
   1,  1,  1,  1,  1,  1,  1,  1,  1,  1,  1,  1,  1,  2,  1,  1,  2,  3,
   1,  2,  1,  1,  1,  2,  1,  1,  1,  1,  1,  1,  1,  2,  1,  2,  1,  1,
   1,  1,  1,  1,  1,  1,  1,  1,  2,  1,  1,  1,  1,  1,  1,  1,  1,  1,
   1,  1,  1,  1,  1,  1,  1,  1,  1,  2,  1,  2,  1,  2,  1,  1,  1,  1,
   1,  1,  1,  1,  1,  1,  1,  1,  2,  1,  1,  2,  1,  1,  2,  1,  1,  1,
   1,  1,  1,  1,  1,  2,  1,  1,  1,  1,  1,  1,  4,  1,  1,  1,  1,  1,
   1,  2,  1,  2,  1,  2,  1,  1,  1,  1,  1,  1,  2,  2,  3,  1,  2,  2,
   1,  2,  1,  1,  1,  1,  1,  1,  1,  1,  1,  1,  1,  1,  1,  1,  1,  1,
   2,  1,  1,  2,  1,  1,  1,  1,  1,  1,  2,  3,  1,  1,  1,  1,  1,  1,
   1,  1,  1,  2,  1,  1,  1,  2,  1,  1,  1,  1,  1,  1,  2,  2,  1,  1,
   1,  1,  1,  1,  1,  1,  1,  1,  1,  1,  3,  1,  2,  1,  1,  1,  1,  2,
   2,  2,  1,  1,  1,  1,  1,  1,  1,  1,  1,  1,  1,  1,  1,  2,  1,  1,
   1,  1,  1,  1,  1,  1,  1,  2,  1,  2,  2,  1,  1,  1,  1,  1,  2,  4,
   2,  1,  1,  1,  1,  1,  2,  1,  1,  1,  1,  1,  1,  1,  1,  1,  1,  1,
   1,  1,  1,  2,  1,  1,  1,  1,  2,  1,  1,  1,  2,  1,  1,  1,  1,  3,
   2,  1,  1,  1,  1,  1,  1,  2,  1,  1,  1,  1,  1,  2,  1,  3,  1,  1,
   2,  1,  1,  1,  1,  1,  1,  1,  1,  2,  1,  1,  1,  1,  1,  2,  1,  1,
   1,  1,  1,  1,  1,  1,  1,  1,  1,  3,  1,  1,  1,  1,  2,  2,  1,  1,
   1,  1,  1,  1,  1,  1,  1,  1,  1,  2,  1,  1,  1,  1,  1,  1,  1,  3,
   1,  2,  2,  1,  2,  1,  1,  1,  1,  1,  1,  1,  1,  1,  1,  1,  1,  1,
   1,  1,  1,  1,  1,  1,  1,  1,  1,  1,  1,  1,  2,  1,  2,  1,  1,  1,
   1,  1,  1,  1,  1,  1,  1,  2,  1,  1,  2,  1,  1,  1,  1,  2,  1,  1,
   1,  1,  1,  1,  1,  2,  1,  1,  1,  1,  1,  1,  1,  1,  1,  1,  1,  1,
   1,  1,  1,  2,  1,  1,  1,  1,  1,  1,  1,  1,  1,  1,  1,  1,  1,  1,
   2,  1,  1,  3,  1,  2,  1,  2,  1,  1,  1,  1,  1,  2,  1,  1,  1,  2,
   1,  1,  1,  1,  1,  1,  1,  3,  1,  2,  2,  1,  3,  1,  1,  1,  1,  1,
   1,  1,  1,  1,  2,  1,  1,  1,  1,  1,  1,  1,  1,  1,  2,  1,  1,  1,
   1,  1,  1,  1,  1,  1,  2,  2,  1,  1,  1,  1,  2,  1,  1,  1,  1,  2,
   2,  1,  1,  1,  1,  2,  1,  2,  1,  1,  1,  2,  1,  1,  1,  1,  1,  2,
   1,  2,  1,  1,  1,  1,  1,  1,  1,  1,  1,  2,  1,  2,  1,  1,  1,  1,
   1,  2,  1,  1,  1,  1,  2,  1,  1,  1,  1,  1,  2,  1,  1,  1,  1,  1,
   2,  1,  1,  1,  1,  2,  2,  1,  1,  1,  1,  1,  1,  1,  1,  1,  1,  2,
   2,  2,  1,  1,  1,  1,  1,  1,  1,  1,  1,  2,  1,  1,  2,  1,  1,  2,
   1,  1,  1,  1,  2,  1,  1,  2,  1,  3,  1,  1,  1,  1,  1,  1,  1,  1,
   1,  1,  1,  1,  2,  1,  1,  1,  1,  1,  1,  1,  1,  1,  1,  1,  1,  1,
   2,  1,  1,  1,  1,  1,  1,  1,  2,  1,  1,  1,  1,  2,  2,  2,  1,  2,
   2,  1,  1,  1,  1,  1,  1,  1,  1,  1,  1,  1,  1,  1,  1,  1,  1,  1,
   1,  2,  1,  1,  1,  1,  1,  1,  1,  1,  1,  1,  1,  1,  1,  1,  1,  1,
   1,  1,  1,  1,  1,  1,  1,  1,  1,  1,  1,  1,  1,  3,  1,  1,  1,  1,
   1,  1,  1,  1,  1,  1,  1,  2,  1,  1,  1,  2,  1,  1,  1,  2,  1,  1,
   1,  1,  1,  1,  1,  1,  1,  1,  1,  1,  2,  2,  1,  1,  2,  1,  1,  1,
   1,  1,  1,  2,  1,  1,  1,  1,  1,  1,  1,  1,  1,  2,  1,  1,  2,  1,
   1,  1,  1,  1,  1,  1,  1,  1,  2,  1,  1,  1,  1,  1,  1,  1,  1,  1,
   1,  2,  1,  1,  1,  2,  1,  1,  1,  1,  1,  1,  1,  2,  2,  1,  1,  1,
   1,  1,  1,  1,  1,  1,  1,  1,  1,  1,  1,  1,  1,  1,  1,  1,  1,  1,
   1,  1,  1,  1,  2,  1,  1,  2,  1,  1,  1,  1,  1,  1,  1,  1,  1,  1,
   1,  1,  1,  1,  1,  1,  1,  1,  1,  1,  1,  1,  1,  1,  1,  1,  1,  1,
   1,  1,  1,  1,  1,  1,  1,  1,  1,  1,  2,  1,  1,  1,  1,  1,  1,  1,
   2,  1,  1,  1,  1,  1,  1,  1,  1,  1,  1,  2,  1,  1,  1,  1,  1,  2,
   1,  1,  3,  2,  1,  1,  1,  1,  2,  2,  1,  1,  1,  1,  2,  1,  1,  1,
   1,  1,  2,  1,  1,  1,  1,  1,  1,  1,  1,  2,  2,  1,  1,  1,  1,  1,
   1,  1,  1,  1,  1,  1,  1,  1,  1,  1,  1,  1,  1,  1,  1,  1,  1,  1,
   1,  1,  1,  1,  1,  1,  1,  2,  1,  1,  2,  2,  1,  1,  1,  1,  1,  1,
   1,  1,  1,  1,  1,  1,  1,  1,  1,  1,  1,  1,  1,  1,  1,  1,  2,  1,
   1,  1,  1,  1,  1,  1,  1,  1,  1,  1,  2,  1,  2,  1,  1,  1,  1,  1,
   1,  1,  1,  1,  1,  1,  1,  1,  1,  1,  1,  1,  1,  1,  1,  1,  1,  1,
   1,  1,  1,  1,  1,  2,  1,  1,  1,  3,  1,  1,  1,  1,  1,  1,  1,  1,
   1,  1,  1,  1,  1,  1,  1,  1,  1,  1,  1,  1,  1,  1,  1,  1,  1,  1,
   1,  1,  1,  1,  1,  1,  1,  1,  1,  1,  1,  1,  1,  1,  1,  1,  1,  1,
   2,  1,  1,  1,  1,  1,  2,  1,  1,  1,  1,  1,  1,  2,  1,  1,  1,  1,
   1,  2,  1,  1,  1,  1,  1,  1,  1,  1,  1,  1,  1,  1,  1,  1,  1,  1,
   1,  1,  1,  1,  1,  2,  1,  1,  1,  2,  1,  1,  1,  1,  1,  1,  1,  1,
   1,  1,  1,  1,  1,  1,  1,  1,  1,  2,  1,  2,  1,  1,  1,  1,  1,  1,
   1,  1,  1,  1,  1,  1,  1,  1,  1,  1,  1,  1,  1,  1,  1,  1,  1,  1,
   1,  1,  1,  1,  3,  1,  1,  1,  1,  1,  1,  1,  1,  1,  1,  1,  1,  1,
   2,  1,  1,  1,  1,  1,  1,  1,  1,  2,  1,  1,  1,  1,  2,  2,  1,  1,
   1,  1,  1,  1,  1,  2,  1,  1,  1,  1,  1,  1,  1,  1,  1,  1,  1,  1,
   2,  1,  1,  1,  1,  1,  1,  1,  2,  2,  2,  1,  1,  1,  1,  1,  1,  5,
   1,  1,  1,  1,  1,  1,  1,  1,  1,  1,  1,  1,  1,  1,  1,  1,  2,  1,
   1,  1,  1,  1,  1,  1,  1,  1,  1,  1,  1,  1,  1,  1,  1,  1,  1,  1,
   1,  1,  4,  1,  1,  1,  1,  1,  1,  1,  1,  1,  1,  1,  1,  2,  1,  1,
   1,  1,  1,  1,  1,  1,  1,  1,  1,  1,  1,  1,  1,  1,  1,  1,  1,  1,
   1,  2,  1,  2,  1,  1,  1,  1,  1,  1,  1,  1,  1,  1,  1,  1,  1,  1,
   1,  1,  2,  1,  1,  1,  1,  1,  1,  1,  1,  1,  1,  1,  2,  1,  1,  1,
   2,  1,  1,  1,  1,  1,  1,  1,  1,  1,  1,  1,  2,  2,  1,  1,  1,  1,
   2,  1,  1,  1,  1,  1,  1,  1,  1,  1,  1,  1,  1,  1,  1,  1,  1,  1,
   1,  1,  1,  1,  2,  2,  1,  1,  1,  1,  1,  1,  1,  2,  1,  1,  1,  1,
   1,  1,  1,  1,  2,  1,  1,  1,  1,  1,  1,  1,  1,  1,  1,  1,  1,  1,
   1,  1,  1,  2,  1,  1,  1,  1,  1,  1,  1,  1,  1,  1,  1,  1,  1,  1,
   1,  1,  1,  2,  1,  1,  1,  1,  2,  1,  1,  1,  1,  1,  1,  1,  1,  1,
   1,  1,  1,  1,  1,  1,  1,  1,  1,  1,  1,  1,  1,  1,  1,  1,  1,  1,
   1,  1,  1,  2,  1,  1,  1,  1,  1,  1,  1,  1,  1,  1,  1,  1,  1,  1,
   1,  1,  1,  1,  1,  1,  1,  1,  1,  1,  2,  2,  1,  1,  1,  1,  1,  1,
   1,  1,  1,  1,  1,  1,  1,  1,  1,  1,  1,  1,  1,  1,  1,  1,  2,  1,
   1,  1,  1,  1,  1,  1,  1,  1,  1,  1,  1,  1,  1,  1,  1,  1,  1,  1,
   1,  1,  1,  1,  1,  1,  1,  1,  1,  1,  1,  1,  1,  1,  1,  1,  1,  1,
   1,  1,  1,  1,  1,  1,  1,  1,  1,  1,  1,  1,  1,  1,  1,  1,  1,  1,
   1,  2,  1,  1,  1,  2,  1,  2,  2,  1,  1,  2,  2,  1,  1,  1,  1,  1,
   1,  1,  1,  1,  1,  1,  2,  1,  1,  2,  1,  1,  1,  1,  1,  1,  1,  1,
   1,  1,  1,  1,  1,  1,  1,  1,  1,  1,  1,  1,  1,  1,  1,  1,  1,  1,
   1,  1,  1,  1,  1,  1,  1,  1,  1,  1,  2,  1,  1,  1,  1,  1,  2,  1,
   2,  1,  1,  1,  1,  1,  1,  1,  2,  1,  1,  1,  1,  1,  2,  1,  1,  1,
   1,  1,  1,  1,  1,  1,  1,  1,  1,  2,  1,  1,  1,  1,  1,  1,  1,  1,
   1,  1,  1,  1,  1,  1,  1,  1,  1,  1,  1,  1,  1,  1,  1,  1,  1,  1,
   1,  1,  1,  1,  1,  1,  1,  2,  1,  1,  1,  1,  1,  1,  1,  1,  1,  1,
   1,  2,  1,  1,  2,  1,  1,  1,  1,  1,  1,  2,  1,  2,  2,  1,  1,  1,
   1,  1,  1,  1,  1,  1,  1,  1,  2,  1,  1,  1,  1,  1,  1,  1,  1,  2,
   1,  1,  1,  1,  1,  1,  1,  1,  1,  2,  1,  1,  1,  1,  1,  1,  1,  1,
   1,  1,  1,  1,  2,  1,  1,  1,  1,  1,  1,  1,  1,  1,  1,  1,  1,  1,
   1,  1,  1,  1,  1,  1,  1,  1,  1,  1,  1,  1,  1,  1,  1,  1,  1,  1,
   1,  1,  1,  1,  1,  1,  2,  1,  1,  1,  1,  2,  1,  1,  1,  1,  1,  1,
   1,  1,  1,  1,  1,  1,  1,  1,  1,  1,  1,  1,  1,  1,  1,  2,  1,  1,
   1,  1,  1,  1,  1,  1,  1,  1,  1,  1,  1,  1,  1,  1,  1,  1,  1,  1,
   1,  1,  2,  1,  1,  1,  1,  1,  1,  1,  1,  1,  2,  1,  1,  2,  1,  1,
   1,  1,  1,  1,  1,  1,  1,  1,  1,  1,  1,  1,  1,  1,  1,  1,  1,  1,
   1,  1,  1,  1,  1,  1,  1,  1,  1,  1,  1,  1,  1,  1,  2,  1,  1,  1,
   1,  1,  1,  1,  1,  1,  1,  1,  1,  1,  1,  1,  1,  1,  1,  1,  1,  1,
   1,  1,  1,  1,  1,  1,  1,  1,  1,  1,  1,  1,  1,  1,  1,  2,  1,  1,
   1,  1,  1,  1,  1,  2,  1,  1,  1,  1,  1,  1,  1,  1,  1,  1,  1,  1,
   2,  1,  1,  1,  2,  1,  1,  1,  1,  1,  1,  1,  1,  1,  1,  1,  1,  1,
   1,  1,  1,  1,  1,  1,  1,  1,  2,  1,  1,  2,  1,  1,  1,  1,  1,  1,
   1,  1,  2,  1,  1,  1,  1,  1,  1,  1,  1,  1,  1,  1,  1,  1,  1,  1,
   1,  1,  1,  1,  1,  1,  2,  1,  1,  1,  1,  1,  1,  1,  1,  1,  1,  1,
   1,  1,  1,  1,  1,  1,  1,  1,  1,  1,  1,  1,  1,  1,  1,  1,  1,  1,
   1,  1,  1,  1,  1,  1,  1,  1,  1,  1,  1,  1,  1,  1,  1,  1,  1,  1,
   1,  1,  1,  1,  1,  1,  1,  1,  1,  1,  1,  1,  1,  1,  1,  1,  1,  1,
   1,  1,  1,  1,  1,  1,  1,  1,  2,  1,  2,  1,  1,  1,  1,  1,  1,  1,
   1,  1,  1,  1,  1,  1,  1,  1,  1,  1,  1,  1,  1,  1,  1,  1,  1,  1,
   1,  1,  1,  1,  1,  1,  1,  1,  1,  1,  1,  1,  1,  1,  1,  1,  1,  1,
   1,  1,  1,  1,  1,  1,  1,  1,  1,  1,  1,  1,  1,  2,  1,  1,  1,  1,
   1,  1,  1,  1,  1,  1,  1,  1,  1,  1,  1,  1,  1,  1,  1,  2,  1,  1,
   1,  1,  1,  1,  1,  1,  1,  1,  1,  2,  1,  1,  1,  1,  1,  1,  1,  2,
   1,  1,  1,  1,  1,  1,  1,  1,  1,  1,  1,  1,  1,  1,  1,  1,  1,  1,
   1,  1,  1,  1,  1,  1,  1,  1,  1,  1,  1,  1,  1,  1,  1,  1,  1,  2,
   1,  1,  1,  1,  1,  1,  1,  1,  1,  1,  1,  1,  1,  1,  1,  1,  1,  1,
   1,  1,  1,  1,  1,  1,  1,  1,  2,  1,  1,  1,  1,  1,  1,  1,  1,  1,
   1,  1,  1,  1,  1,  1,  1,  1,  1,  1,  1,  1,  1,  1,  1,  1,  1,  1,
   1,  2,  1,  1,  2,  1,  1,  1,  1,  1,  1,  1,  1,  1,  1,  1,  1,  1,
   1,  1,  1,  1,  1,  1,  1,  1,  1,  1,  1,  1,  1,  1,  1,  1,  2,  1,
   1,  1,  1,  1,  1,  1,  1,  1,  1,  1,  1,  1,  1,  1,  1,  1,  1,  1,
   1,  1,  1,  1,  1,  1,  1,  1,  1,  1,  1,  1,  1,  1,  1,  1,  1,  1,
   1,  1,  1,  1,  1,  1,  1,  1,  2,  1,  1,  1,  1,  1,  1,  1,  1,  1,
   1,  1,  1,  1,  1,  1,  1,  1,  1,  1,  1,  1,  1,  1,  1,  1,  1,  1,
   1,  1,  1,  1,  1,  1,  1,  1,  1,  1,  1,  1,  1,  1,  1,  1,  1,  1,
   1,  1,  1,  1,  1,  1,  1,  1,  1,  1,  1,  1,  1,  1,  1,  1,  1,  1,
   1,  1,  1,  1,  1,  1,  1,  1,  1,  1,  1,  1,  1,  1,  1,  1,  1,  1,
   1,  1,  1,  1,  1,  1,  1,  1,  1,  1,  1,  1,  1,  1,  1,  1,  1,  1,
   1,  1,  1,  1,  1,  1,  1,  1,  1,  1,  1,  1,  1,  1,  1,  1,  1,  1,
   1,  1,  1,  1,  1,  1,  1,  1,  1,  1,  1,  1,  1,  1,  1,  1,  1,  1,
   1,  1,  1,  1,  1,  1,  1,  1,  1,  1,  1,  1,  1,  1,  1,  1,  1,  1,
   1,  1,  1,  1,  1,  1,  1,  1,  1,  1,  1,  1,  1,  1,  1,  1,  1,  1,
   1,  1,  1,  1,  1,  1,  1,  1,  1,  1,  1,  1,  1,  1,  1,  1,  1,  1,
   1,  1,  1,  1,  1,  1,  1,  1,  1,  1,  1,  1,  1,  1,  1,  1,  1,  1,
   1,  1,  1,  1,  1,  1,  1,  1,  1,  1,  1,  1,  1,  1,  1,  1,  1,  1,
   1,  1,  1,  1,  1,  1,  1,  1,  1,  1,  1,  1,  1,  1,  1,  1,  1,  1,
   1,  1,  1,  1,  1,  1,  1,  1,  1,  1,  1,  1,  1,  1,  1,  1,  1,  1,
   1,  1,  1,  1,  1,  1,  1,  1,  1,  1,  1,  1,  1,  1,  1,  1,  1,  1,
   1,  1,  1,  1,  1,  1,  1,  1,  1,  1,  1,  1,  1,  1,  1,  1,  1,  1,
   1,  1,  1,  1,  1,  1,  1,  1,  1,  1,  1,  1,  1,  1,  1,  1,  1,  1,
   1,  1,  1,  1,  1,  1,  1,  1]