Python type PUNGraph:
  Nodes:                    5000
  Edges:                    24997
  Zero Deg Nodes:           0
  Zero InDeg Nodes:         0
  Zero OutDeg Nodes:        0
  NonZero In-Out Deg Nodes: 5000
  Unique directed edges:    49994
  Unique undirected edges:  24997
  Self Edges:               0
  BiDir Edges:              49994
  Closed triangles:         42966
  Open triangles:           97262
  Frac. of closed triads:   0.306401
  Connected component size: 1.000000
  Strong conn. comp. size:  1.000000
  Approx. full diameter:    11
  90% effective diameter:  7.877319

Degree
[10, 9, 9,10, 9,10,10, 9,10,11, 9,10,10,10,10,10,11,11,10,10,10,10, 9,11,
  9, 9,10,10,10,11,11,12, 9,11,10,10,10,10,11,10,10,10,10,10,10,10, 9,10,
 10,10,10,10, 9,10,10,11,10,10,11,10,10,10,10,10,10,10,10,11,10,10,10,10,
 10, 9,10,10, 9,10, 9,10,11,10, 9,10,10,10, 9, 9,10, 9,11,10, 9, 9,10,11,
 10,10,11,10,10,10,10,11,10,10,11,12,12,10,10,10,10,10,11,10,10,11, 9,10,
  9, 9,10,10,10,10,10, 8,11,10,10, 9,10,11,10,10, 9,10,11,10,11,10,10,11,
 10,10,11, 9,10,10,10,10,10,11,11, 9,10,10,10,10,10,10,10,10,10,10,10,11,
 10,10,10,11,10,11,10, 9, 9,10, 9,10,10,10,10,10,10,10, 9,10,12,10,10,10,
 11,10,10,10,10,10, 8,10, 9,10,11,11,10, 9,10,10,10,11, 9,10,10,10,10,11,
 10, 9,12,10,10, 8,10,10,11,10,10,10,10,11,10,10, 9,10,10,10, 9,10,10, 9,
 11,10,10,10,10,10, 9,10,10,10,10,10,10,10,10,10,11,10,11,11, 9,11, 9,10,
 10,10,10,10,10,10,10,12,11,10,10,10, 9,10,10, 9,10, 9,10,10, 9,10,10,10,
 10, 9,11,10,10, 9, 8,11,10,11,11,10,10,10, 9,10,10,11,10,10,11,10,10,10,
 10,10, 9, 9, 9,10,10,11,10,10, 9,10,10,10,11,10,10,10,10,10, 8,10,10,10,
 10,10,11,10,10,10,11,11, 9,10, 9,10,10,10,10,10,10,11,10,10,10,10,11, 9,
  9,10,10, 9,10,10,10,10,10,10,10, 9, 9, 8,10,10,10,10,10,10, 9,10,12,10,
 10,10,10,10,10,10,10,10,11, 9,11,10, 9,10, 9,11,11,10,10, 9,10,10,10, 9,
 10, 8,11, 9, 9,10,10,10, 9, 9,10, 9,10,10,10,10,10,10,10, 9,10,10,11,11,
 10, 9,10,10,11,10,11,11,10,10,10,10,10,10,10,10,10, 9,10,10,10,10, 9,10,
 10,10,11,10,11,10, 9,10,10,11,11,10, 9, 9,10, 9,10,10,10,10,11,10,10, 9,
 10,10, 9,11, 9,10,10,10,11, 9, 9,11,10,10,10, 9,10,10,10,10,11, 9, 9,10,
  9,10,10,10,10, 9,10,10,10,10,10,10, 9,10, 9,10, 9,10,10,10,10,11,10,10,
 11,10,10, 9,11, 9,10,11, 9,10,10,10,11, 9,10, 9,10,11, 9,10,10,10,10,10,
  8,13, 9,10, 9,11,10,10,10,10,10, 9,10,10,10, 9,10,11,10,10,10, 9, 8,10,
  9,10, 9,10, 9,11, 9, 9, 9,10, 9,10,10,11,10,10,10,10,10,11,10,10, 9, 9,
 10, 9,10,11,10,10, 9,10,11,10,10,10,10,10, 9, 8,10,11, 9,10,10,10,10, 9,
 10, 9,10,10,10, 9, 9,10,10,10,10,10,11,10, 9,10,10,11,10,10,10,10,11,10,
 10,10,10,11,10,10,10, 9,10,11,10,10,10,10,10,11,10,11, 9,11,10,10,10,10,
 10,10,10,10,10,10,10,10,10,10,10,10,10, 9,11,11,10,10,10,10,10,11,10,10,
 11,10, 9,10,10, 8,11,10,10,10,10, 9,10,10,10,11,11,11,10,10,10,10,10,10,
  9,10,10,10,12,10,10,11,10,10,11,10,10,10,10,10, 9,10, 9,10,10, 9,10,10,
 10,10,12,10,10,10,10,10,10,12,10, 9,10,10,10,10,10, 9,10,11,10,10,10,11,
  8,11,10,11, 9, 9,10,11,11,10,10, 9,10,10, 9, 9,10,10, 9,10,10,10,10,10,
 10,11,11,10,10,11, 9,10,10,10,11,10,10, 9,11, 9,10,10,10,10, 9,10,10,10,
 10,10,10,11,11,10,10,10,10,10,10,11,10,10, 9,10,10,10,11,11,11,11,10,10,
 12,10, 9,10,11,10, 9,10,12,10,10,10, 9,11,11,11,11,10,10,10, 9,11,10,10,
  9,10,10,10,10, 9,11,10,10,10, 9,11, 9,10,10,10,10,11,10,10,10,10, 8, 9,
 10,10, 9,10, 9,10,10,10,10,10,10,10,10,10,10,11, 9,10,11,10, 9,10,10,10,
 10,11,10,10, 9,12,10,10,10,10,10,10,10,10, 9,11,10, 9,10, 8,10,10,10,10,
 10,11,10,10,10,10,12,10,10,10,10,10,13,10,11,10, 9,10, 9, 9,10,10,11,10,
 11,11,11,10,10,10, 9,10,12, 8,10,10,10,10, 9,10,10, 9,10,10, 9,11,10,10,
 10,10,10,11,10,11,10, 8, 8,10,10,10,10,10,10,10,11,10,10,11,10,11,10,11,
 10,10, 9,10,10,10,10,10, 9,10,10,10,10,10,10,10,11,10,10,10,10,11,10,11,
 10, 9, 9,10,10,10, 9,11,10, 8,10,12, 9, 9,11, 9,11,10,10,11,10,11, 9,11,
 10,10,10, 9,10, 9,11,10,10,10,11,11,10,10,11,11,10,10, 9,11,10,10,10,10,
 10,11,10,10,10,10,10,10,10,10,10,11,10,10,11, 9,10,10,10,10,10,12, 8,10,
 10,10,10, 9,10,10,10, 9,10,10, 9,10,10, 9,11, 9, 9,10,10,10,10, 9,10,10,
 10, 9, 9,10,11,10,10,10,10,10,11,10,10,10, 9,10,10,11, 9,10,10,10,10,10,
 10,10, 8,10,10,10,11,10,10,10,10, 9,10,11,10,11,11,10,10,10, 9,11,10,10,
 10,10,11, 9, 9,10,10,10,10,10,10,10,10,10,10,10, 8,10,10,11,10,10,10,12,
 11,10,10,10,10,10,10,10,10,10,10, 9,10,10,10,11,10,10,10, 9,10,10,10,10,
 10,10, 9,10,10, 9,10,11,10,10,11,10,10,10,10,10,11,10,10,10,10, 9,10,11,
 10,10, 9,10,10,10,10,11,11,10,10,10,10,10, 9,11,10,10,10, 9,10,11,10,10,
 10,10,10, 9,10,10,10, 9,10,11,10,10,10,11,11,10,11,10,10, 9,11,11, 8, 9,
 10,10,10,11,10,11,10,10, 9,10,10, 9,11, 9, 9,10,11,10,10,11,10, 9, 9,10,
  8,10,10,11,10,10,10,10,10,10,10, 8,10,10,10,10,11,10,11,10,10,10,12,10,
  8, 9, 9,10,10,11,10,10, 9,10,11,10,10,11, 9,11,10,10,10,11,10,10, 9,10,
  9,10,11,11,10,10,10,10,10,10,10,10,10,11, 9,10,11, 9, 8,10,10,10,10,10,
 10,10, 9,11, 9,10,10,10,11,10,10,11,10, 9,10, 9,11,10,10,10, 7,11,10,10,
  9,10,11,10,10,10,10,10, 9,10,10,10,10,10,12,10,10, 9,10,10,10,10,10,10,
 11,10,10,10,10,10,10,10,10,10,10,10,10, 9,10, 9,10,11,10,10,10,10,11,10,
  8,10,10,10,11,10, 9, 9,11,10,10,10,10,10,10, 9, 8,10, 9,10, 9,10, 9, 8,
 10, 8, 9,10,10, 9,11,10, 9,10,10,10, 9,11,10,10,10,11, 9,10, 9, 9,10,10,
 10,10,11,10,10, 9,10,10, 8,10,10, 9,11,11,11,10,10, 9,10,10,10,10,10,10,
 10,10, 9,10,10,10,10,10,12,10,10,11,11,11,10,10,10,10, 8, 9,10,10,11, 9,
  8,10,11,12, 9,10,11,10,10,10,11,10,11, 8,10,10,10,10,10,10,11,10,10,10,
 12,11,10,10,10, 9,10, 9,10,10, 8,11,10,10, 9,11,10,10,10,11, 9,10,10,11,
 10,11,10, 9, 9,10,10,10,10,10, 9, 9,10,10,10,10,10,10, 9,10,10,10,10,11,
 11, 9,10,10,10,10,10, 9,10,10,10,10,10,11,10,10,10,11,10,10,10,11,11,10,
 10,10,10,10,10,10, 9,11,10, 9, 9,10,10,10,10, 9,10, 9,10,11,10,12,10,10,
  9,10,10,10,10,10,10, 9,10,10, 9,11,10,11,10,10,10,12,10,10, 8,12, 9,10,
 12, 9,10,11,10,11,10,10,10, 9,11, 9, 9,10,10,10,12,11,10, 9,10,10,10,10,
 10,10,10,10,11,10, 9,10,11,10,10, 9,11, 9,10, 9, 8,11,12,10,10, 9, 8, 9,
 10,11, 9,10,12,10,10, 9,11,11, 9,11, 9,10,10,10,10, 9, 8,11, 9,10,10,10,
 10,10,10,10,10,10,10, 9,10,11,10,10,11,10,10,10,10,10, 9,10, 9,10, 9,10,
 10, 9, 9,10,11,10,10, 9, 9,10,10,12,10,10,10,11,10,10,10,10,10,10,12,10,
 10,10,10, 9,10, 9,11,10,10,10,10,10,11, 9, 9, 9,10,11,11, 9,10,10,10,10,
 10,10,11,10,10,10,10,10, 9,10,10, 8,10,10,11,10,11, 9,11,10,10,10,10,10,
 11,10,10,10,10,10, 9,10,11,10, 9, 9, 9,10,10,10,10,10,10,10,10,10,10,11,
 11,10,10,10,10,10,10,10,10,10, 9,10,10,10,10,10, 9,11,10,10,10,10,10,11,
 11,10,11,10,10,10,10, 9, 9,11,10,10, 9,10,10,10, 9,10,10, 9,10, 9, 9,10,
 10,10,10,11, 9,10,10,10,10,10,11, 9,10,10,10,11,12,12,10,10, 9, 9, 9,11,
 10, 9,10, 9,10, 9, 9, 8,10,11,11,10,10,10,10,10,10,11,10,10,10,10,10,11,
 11,10,10, 9,10,10,10,10,10,10,10,11,10,10,10,10,11,10,10, 9,10,10,10,10,
 10,10, 9, 9,10,10,11, 9,10,10,11, 9,12,10,10,10,11,11, 9,10,10,10,10,10,
 10, 9, 8,10,10,10,10,11,10,10, 9,10,10,10,10,11,10, 9,10,10,10,10,10, 9,
 10,11, 9,10,10,10, 9,11,10, 9,10, 9,10, 7,10,11,10,10, 9, 9,11,10,10,10,
 10,10, 8,11, 9,11, 9,11, 9,10, 9,10, 8,10, 9,11, 9,10,11,10,10,10,10,10,
 10,10,10,10,10,10,11,11,10, 9,10, 9,11,10,10,12,12,10,10,10, 9,11,11, 9,
 10,11,10,11,11,10,10, 9, 9,10,10,10,11,10, 9,12,10, 9,11,11,10, 9, 9,10,
 10,10,10, 8,10,10,10,10,10,10,10,10,10,11,10,10,10,10,10,10,11,10,10,10,
 10,10,10, 9,12, 9,10,10,10,10,10,10,10,10,10,10,10,10,10,10,10,10,10,10,
 12,11,10,10,11, 9, 9,10,10,11,11, 9,10,11,10,10,10,10,10,10,10, 9,11, 8,
 10,10,10,10,10, 9,10,10,10, 9,10,10,10, 9,10,10,10,10, 9,11, 9, 9, 9, 9,
  9,10,11,10,10, 9,10,10,12, 9,10,10,10,11,11, 9,12,10,11,10,10,10,10,10,
 10,11, 9, 8,10,10,10,10,11,10,10,11,10,12,11, 9, 9,10,10,11, 9,11,10,10,
 10,10,11,10,10,10, 9,10,10, 9,10, 9,11,10,10,10,10,10, 9,10,10,11, 9,10,
 10,10,10,11,11,10, 9,11,11, 9,13,10, 9,10,10, 9,10,10, 9,11,11, 9,10,10,
 10,10,10,10, 8, 9,10,10,10, 9,11, 9,10,10,10,10,10,11,10,10,10,10,10, 9,
 10,10,10,11,10, 9,10,10,10,11,10,11,11, 9,10,10, 9,10,10,10, 9,12,10,11,
 10,10,11,12,10,10, 9,11, 9,10, 9,11, 9,10, 9,11,10,10,10,10,11,10, 9,11,
  9,11,10,10,10,10,10,10,10,10,10, 9,10,10,11,10, 9,10,10, 9,10, 9,10, 9,
  9,10,10, 9,11, 9,10,10,11, 9,10,11,10,10,10,11,11,11,10,10, 9, 9,10,10,
 11,10,10,11,10,10,10,10,10,11,10,10,10,11,10,11, 8,10, 7,10,10,10,11,10,
  9,10,10,10,10,10,10,11,12,10,10, 9, 9,10,10, 9, 9,10,10,10, 9, 9,10,10,
 10,10,10,10,10,10,11,10,10,10, 9,10,10, 9, 9,10,10,10,10,10, 9,10, 9,10,
 10, 9, 9, 9,10,10,10,10,11,11,10,10,10,11, 9, 9,11,10,10,10,10,10,10,10,
 10,10,10,10, 9, 9,10,10,10,11,10, 8,10,11,10, 9,10,10, 9,10,11, 9,10,10,
 10,12,11,11,10,12,10,10,10,10,10, 9,11,10,10,10,10,11,10,10,11,10,10,10,
 10, 9,10,10, 9,10,10,12,10,11,10, 9, 9,11,10,10,10,10,10,11,10,11,12,10,
 10,10,10,10,10,10,11,10,10,10,11,11, 9,10,10,10,11,10,10, 9,10, 9,10,10,
 10,10,10,10, 9, 9,10, 9,12, 9,10,11,10,10,10, 9,10,10,10,11,11,10,10, 9,
 10,10,10,10,11,10, 9,10,10,10,11,10,10,10,11,10,11,10,10, 9,10,10, 9,10,
 10,10,10,10,10,10,10,10,11, 9,10,10,10,10, 9,11,10, 9, 9,10,11,10,11,10,
  9,10, 9,10,11,10,10, 9, 9, 9, 9, 8,10,10,10, 9,10,10,10,10,11,10,10,10,
 10,10,11,10,13,10,10,10, 9,10,10,10,10,10, 9,10,10,10, 9,10,10,10, 9, 9,
 10, 9,11,10, 9,10,10,10,11,10,10,10,10,10,11, 9,10,10,11,10,10, 9,10,10,
 10,10,10,11,11,10, 9,11,10, 9,10,10,10,11,11,10, 9,10,10,11,10,10, 9,11,
 10, 9,11, 9, 9,10,10,10, 8,10,10,10,11,10,10,10,11,10,11,10,10,10,10,10,
  9,11, 9,10,10,11, 9,10,10,10,10,12,10,10,10,10,10,10,10,11, 9,10,10, 9,
 10,10,12,10,11, 9,11,11,10,11,10,10, 9,10,10,10,10,10,10,10,11, 9,10,10,
 10,10, 9, 8, 8,10,10, 9, 9,10,11,11,10,10,10, 9, 9, 8,13,11,11,10, 9,10,
 10,10,10,10,10,11,10, 8,10, 9, 9,11,10,10,10,10,10,11,10,10,10,10,10,10,
 10,10,10,10,10,12, 9,11,10,10,10,10,11,10,10,10,10,10,10,10,10,12,11,10,
 10, 9,10,10,11,10,11,10,10,10,10,11,11,11,11,10,11, 9,10,11,10,10,11,10,
 10,10,11,10,10,10,10,12,11, 9,10,10,10,10,10,10,10,10,10,10,10,10,10,10,
 10,12,11,11,10,10,10,10, 9,10,11,10,10,10,10,11,10,10,11,10,10,10,12, 9,
 10,10,10,10,10, 9, 9,11,10,11, 9,10, 9,10,10,10,11,11,10,11, 9,10,10, 9,
 10,11,10,12,10, 9,10,10,11,11, 9,10,10,10,10,10,10,10,10,11,11,10,10,10,
 10, 9,10,10,10,10,10,10,10,10,11,10,10, 9,10,10,10,10,11,11,10,10,10,10,
 10,10,10,10,10,10,11,11,10,10,10,10,10, 9,10,11,10,11,11,10,10,11,10,10,
 10, 9,10, 9, 9,10,10, 9,10,11,10,10,11, 8,10,10, 9,10,11,11,10, 9,11, 9,
 11,11,10,10,10, 8,10,11,10,10,10, 9, 9,10,10,10,10,10,10,10, 9,10,10,10,
 10,11,11,11,10, 9,10,10,10,10, 9, 8, 9,10,10,10,10, 9,10, 9,10,10,10,10,
 10,10,10,10, 9,11,10,10,10,11,11,10,10,10,10,10,10,10,10,11, 9,10,10,10,
 11, 9, 9,10,10, 9,10,10, 9,11, 9,11,11,10,10, 9,12,10,11,11,11,11,11,10,
  9,10, 9,10,10,10,11,10,10,10, 9,10, 9,10,10,11, 9,10,11,10,10,10,10,10,
 10,10,10,10,10, 9,10,11,11,10, 9,10,10,10,10,10,10,10,11,10,10,10, 8,10,
 10,10,10,10,10,10, 9,10,10,10,10,10,10,10,10,10,10,10,10,10,11,10,10,10,
  9,10,11,10,10,10,11, 9, 9,10,10,11,10, 9, 9, 9, 9,10,10,10,11,10,10,10,
  9,10, 9,10, 9, 9, 9,10,11,10,11,10, 9,11,10,10,10,10,10,10,11,10,11,10,
  9,10,10, 9,10, 9,10,10,10,10,10,10,11,10,10,10,11,10,10,10, 9, 9,10,10,
 10,10,10,11,10, 9,10,10,10,10,10,11,10,10, 9,10, 9,10,10,10,10,10, 9,11,
 11,10,10, 9, 9,11,10,10,10,10,10,11,10,11,10,10,11,10,10,10,10,10,12,10,
 10,10,10,10,10,10,10,10,10,10,10, 9,10,10,10,10,10, 8,10,10,10,10,10,10,
 12,10,10,11, 9,10,10,10,10,10,11,10,10, 9, 9,10, 9,10,10,10,10,11,11, 9,
 10,10,10,10,10,10,11,10,10,10, 9,10,10,11, 9,10, 9, 9, 9, 9,10,10,10,10,
 10, 8,10,10, 9,11,10,10,10, 9, 8,11,11,11,10,10, 9,10,11,10,10,11,11,11,
 10, 9,11,10,10,10,10,10,10, 9,10, 9,10,11,10,10,11,10, 9,12,10,10,10,10,
 10,10, 9,10,10,10,12, 9,10,11,11,11,11,10,10,10,11,10, 9,10,10,11,11,10,
 10,11,10,11,11,10,10,10,10,10,12, 9,10,10,10,10,10,11,10,10,11,10,10,10,
 10,10,10,10,11,10,12,11, 9,10,10,10,10,10,11,10,10,11,10,10,11,10,10,10,
 11,10,10,11,10,10, 9,11,10,10, 9,10, 9,10,10,11, 9,10, 9,10,10, 9, 9,10,
 10,10, 8,10,10,11,10,11,10,10, 9,10,10, 9, 9,11,12, 9, 9,10,10,10,10,10,
 11,10,10,10,10,10, 9,11,10,10,10,11,12,10,10,10,10, 9,10,11,10, 9,11,10,
  8,10,11,10,10, 9, 9,10,10,10,10,11, 9,10,10,10, 9,11,10,11,11,10, 9,10,
 10,10,10, 9,10,10,10,10,10,11,10,12,11, 9,10,10, 9,10, 9,10,10,11,10,10,
  9,10,10,10,10,11,11, 9, 8,10,10,10, 9,10,10, 9, 9,10,10,10,10,11,10,10,
 10, 8,10,10,10,10,10, 9,10,10,11,10, 9,10, 9,10, 9,10,11,10,10,11, 9,10,
 11,10,11,12,11, 9,10,10,10, 9,10,10,10,10,10, 9,11,10,10,11,10,10,10,10,
 11,10, 9, 9,10, 9,10, 7,10,10, 9, 9,10,11,10, 9,10,10,10,12,10,10, 9, 9,
 12,10,10,10,10,10,10,10,10, 9,10, 9,10,11,10,11,10, 9,10,10, 8,11, 9,11,
 12,10,10,10,12, 9,11,10,12,11,10,11,10,10,11,11,10,10,10,10,10,10,10,10,
 10,11, 9,11,10,11, 9,10,11,10,10,10, 9, 9, 9,10, 9, 9, 9,12, 9,10, 9,10,
 11,10, 9,10,10, 9,10,11,11,10,10,11,10,10,10,11, 9,10,11,11,10,10,10,10,
 10,11,11,10,10,10,10,10,12, 9,10,10, 8, 9,10,10,10,11,11,10, 9,10, 9,10,
 10,10, 9,11, 9,10, 9, 8,11,10,11, 9,10,10,10,10,10,10,11,11,11,10, 9,10,
 10,11,10,10,10,11,10, 9,10,10, 9,11,10,11, 9,10,10,10,11,10,10,10,11,10,
 10,12,11,10, 9,10,10,10,11,10,10,10,10,10,10,10,11,10, 9,10,11,11,11,10,
 10,10,11,10,10, 9,10,10,10,10,10,12,10,10,11,11,10,10,10, 9,10,10,13,10,
  9,11,10,10,10,10,10,10,10,11,10,10,12, 9,11,10,11,10,10,12,10,10,10,11,
 10,10,10,10,10,10,11, 9,10,10,11,10,11,10,10, 9,10,10,10,10,10,10,10,12,
 10, 9,10, 9,10, 9,10,11,10,10,10,10,11,10,10, 7,10, 9,10, 9,10, 9,10, 9,
 10,11,10,11, 7,10, 9,10,11,10, 9,10,13,10,10,10,10,10,10,10,10, 8,10,10,
 10,11, 9,11,11,11,10, 9, 9,10,11,11,10, 9,10,10,10,10,10, 9,10,11,11, 9,
 10,11,10, 9,10, 9, 9,10,10,10,10, 9,10, 9,10,10,12,10, 9,10,10,10,10, 9,
 10, 9,10,10,10,11,10,10,11,10,10,11,10,10,10,10, 9, 8,10, 9,10,10,10, 9,
  9,10,10,10,10,10,10, 9,10,11,10,10,11, 9,10,10,10,10,10,10, 9,10,10, 9,
 11,10,10,11,10,10, 9,10,10,11, 9,11,10,10,10,11,11, 9, 9,10,10,10,10,10,
 10, 8,10,10,10,10,10, 9,10, 9,10,10,10, 9, 9,10,10,10,10,11,10,10,11,10,
 10, 9,10,10,11,10,11,10,10,10,10,11,10,11,10, 9,10,11,10,10,10, 9, 9,10,
  8,10,10,10,11,10,10,10,12,10,10,10,10,10,10,12,11,12,10,11,11,10,10,10,
  9,10, 9,10,10,10,12,10,10,10,10, 9, 9,10,10, 9,10, 9,11,11, 9,10,10,11,
 10,10,10,11,10,10,10,10,10,10,10,10,11,10,10,11,11,10, 9,10,11,10,11, 9,
  9,10, 9,10,10,10,10, 9,10,10,12,11,10, 9,11,10,10,10,10, 9,10,10,10,10,
 10,10,10,11,10, 9,10,10,10,10,11, 9,10,11, 9,10,11, 9,10, 9,12,10,12,11,
 10,10,10,10, 9,10,11,10,10,10,12,10,11,11,10,10, 9,10,10,10,10,10,10,10,
  9,10,10,10,10,10,10,11, 9,10, 9,10,10,10,10,11,10,11,10,10,11,11,10,10,
 10,10,10,10,11,10,10,11,10,10,10,10,10,10,11,10,10,10,10,10, 9, 9,10,10,
  8,10,11,10,10,11,11,10,10,10, 9,10,10,11,10, 9,10,10,11,10,10,10,10,10,
 11,11,10,10,10,10,10,10, 9,10,10,11,11,10,10, 9,10,10, 9,10,11,10,10,10,
 10,11,10,10,10,11,10,10,10,10,11,10,10,10,10,10,10,10,10,10, 9,10,10,10,
 11,10, 9,10,10,10,10,11,10,10,10,11, 9,10,11,10,10,10,10,11,10,10,11,10,
 10,11,10,10, 9,10,10,10,10,10, 9, 9, 9,10,10,11,10,11,10, 9,10,10,10,10,
 11,10,10,10,10,11,11,11,10,10,10,10,10,10,10,10,10,10, 9,10,11,10, 9,10,
 10,10,10,10,10, 9, 9,10,10,10,10,10,10,10,10,10,10,10,10,10,10,10, 9, 9,
 10,10,10, 9, 9,10,10, 9,10, 9,10,11,11,10,10,10, 9, 9, 8,11,10,10,10, 9,
 10,10,10, 9,10,12,11,10,10,10, 8,11,10,10, 9,10,10,10,10, 9,10, 9,10,10,
 10,10,10,10,10, 9,11, 9,11,10,10,10, 9, 8,10,10,11,10,10, 9, 9,10, 9,10,
  9,10,10,10,10,11,10, 9, 9,10,10, 8,10, 8, 9,10, 9,10,11,10,10,11,10,10,
 10,10,11,10,10,11,11,11, 9, 9, 9,10,11,10, 9,10,10,10,10,11,11, 9,10,10,
  9,10,10,10,10,10,10,11,11,10, 9,10,10, 9,10,11,10,10,10,10,12,10,10,10,
  9, 9, 9,10, 9,10, 9,10,10,10,10,10,11,10,10,10,11,10,10, 9, 9,10,10, 9,
 10,10,10,10,10,10,10,11,11,10, 8,10,10,10,10, 9,10,10,10,10,11,10,10,10,
  9,10,10,10,10, 9, 9,10,10,11, 8,10,10,10,10, 9,10,10,10,10,10,11,10, 9,
 10, 9,10,10,10,10,10,10,10,10, 9,11,10,10,10, 9,10,11,10,10,10, 9,11,10,
 10,10,12, 8,12,10,10, 9,10, 9,10,10,10,10,10,10, 9,11,10,10,10,10,10,10,
  9,10,10,10,10,10,10,11,10,10, 9,10,10,10, 9,10,11,11,10,11,10,10,10,10,
 12,10,10,10,10,10,11,10]