Python type PUNGraph:
  Nodes:                    5000
  Edges:                    24996
  Zero Deg Nodes:           0
  Zero InDeg Nodes:         0
  Zero OutDeg Nodes:        0
  NonZero In-Out Deg Nodes: 5000
  Unique directed edges:    49992
  Unique undirected edges:  24996
  Self Edges:               0
  BiDir Edges:              49992
  Closed triangles:         25581
  Open triangles:           152733
  Frac. of closed triads:   0.143460
  Connected component size: 1.000000
  Strong conn. comp. size:  1.000000
  Approx. full diameter:    7
  90% effective diameter:  5.431714

Degree
[12,11,10,10,10, 9,10,10,14,11,11,10, 7, 9,10, 9,12,10, 9,12, 9, 9,11,11,
 10, 8,10, 9, 9, 9,10,10,12,14,10,11, 8, 7,12,11, 8,10,12, 9,10, 9, 9,10,
 12,12, 9,10, 8,12,11, 8,10,11,11,10,11, 8,10, 7,12,12,10,10,11,11,10,10,
 11,10,12, 9,11,11,11,10, 9, 9, 9,10, 8,12,11,10,11,12, 9,10,12,12,11,12,
 12,11, 8,11, 9,11, 8, 9,10, 9, 8, 9, 8,12,12,10,11,10,10, 9, 9,10,10,10,
  9,10,10,10,10,10, 8, 9,11, 7, 8, 9,11,11,12, 9,10,10, 8,10,11, 9, 9,10,
 12,10,10, 9, 9,10, 8,10,13,10,10, 8,13,12, 8,10,10, 9, 7,11,10,10,10, 7,
  9,11,10,10,11, 9,10, 9,11, 9,13,11, 9,11, 9,11,11,10,11, 9,11,11,10,13,
  9,13,10,10,10, 9, 9,10,11,10,11, 9,10,11,10,11, 7,11,11,11,11,11,10,10,
 13,11,10,10, 9,11, 9,11,11,12, 9, 9,12,10,12,11, 9,11,11,10, 9,10, 8,10,
 11, 8,11,10, 9,11,10,13,10,11,13,12,10,10,11,10,11, 9,11,11,11, 9, 9,10,
  9,11,10,10,10,10, 9,10, 9,13,10,10,10,10,11,12,12,11,11, 8, 9, 7,10, 9,
 10,12,11, 9,12, 8, 9, 9,10, 8,10,10,12,11,12,11,11,13,12, 9, 9,11,11, 9,
 10,11,12, 9,10,11,11, 9, 8, 9, 9, 7, 9,10,12,10,11,10, 9,11,11,10, 9,11,
 12, 9, 9,10,12,12,11, 8, 9,10,11,10,10,10, 9,10,10,11,10,10,11,10,11,10,
  9,10,10,10,12,11,11, 9,12, 9,12,10,10, 8, 9,10, 9,12,12,10,12, 9,11, 9,
 11,10,11,10,10,10,10, 9,10, 8,11,10,10, 9,10,10,11,10, 9, 9,11,11, 9,12,
 10, 8, 8,13,10,13,10,11,12,10,12,11,11, 9,10,10, 9,11, 8, 9, 9, 7, 9,10,
  8, 9,11,11,10,10,11,13, 8,10, 9,10, 8,12,10, 8,11,12,12, 7,10,10,10, 9,
 11,11,11,10,11,10, 8, 9, 7, 8,11,13, 9,11,10, 8,10,11,11,11,10,13, 8,10,
 10,11,11,10,11,10,11, 9, 9,10, 9,10, 9,10,10,11,10,11,11, 9, 8,11, 9, 8,
 11, 9,10, 9, 9,11, 9, 9, 7,13,12,10, 7, 8, 9, 9,10, 9,10,11,11,10,10, 9,
 13,11,10, 8,11,12,10,10,11, 8, 9,10,11, 9, 9,13, 8, 9, 9,12,10,10,10,10,
 14, 8,11,11,11,11,11,11,10,12,10, 9, 9,11,12, 9,10,10, 8,10,11,11,10, 7,
  9, 8, 8,10,12, 8,10,12,12,11,11,10,11,10,10, 9, 9,12,11,10,10,10, 8,11,
 11,11,11,13,13,11,12,11,10, 8, 9, 8,12,11, 9,11,10,10, 8,11, 9, 8, 9,10,
 11, 9, 9,11, 9,11,10,11, 8,10,11, 8, 9,11, 9, 9,10,11,11, 9,10,10,12, 9,
  9,10,10,10,11, 8,11,11,10, 9, 9, 9,10, 8,12,10, 9, 8,11, 8,10, 9, 9,10,
  9,11,11,10, 8, 9,11, 9, 8,11, 9,11,11,11,11,12,10,10,11, 9,10, 9, 9,10,
  9, 8,10, 9,10,11, 8, 9,12,11, 9,11,13,11, 9,10, 8, 8,12, 9,10,10,10,10,
  8,10, 6,10, 9, 9, 8, 9,10, 9,12, 9, 8, 8,12, 9, 7, 9, 9, 9, 8,10,11,11,
 10,10,11,11,10,11,12, 8,11,10, 9,11, 8,10,10,10, 8, 8,10, 9,10,12,11, 8,
 11,11, 9,10, 9,11,12,11,11,11,10,10,11, 9,13, 9,11,12,12,11,10,12, 9, 7,
 10,12, 9,12,10,11,10,11,10, 8,10,13,10, 9,12, 9, 9,10, 6, 9, 9, 9,12, 9,
  9, 9, 9,10,10,13, 9, 9, 9,10,11,10,10,11, 9,11,13, 8,10,10,10, 9,11,11,
 10,10, 9, 9,11,10, 9,10,11,10, 8,11,10,12,10, 9,10, 9, 9,10,12,11, 8, 9,
 14, 8, 9, 9,10,10,12,10,13, 9,11,10,10,11,11, 9, 8,10,12,10, 9,11,10, 9,
 11,12,11, 8,10, 9,11, 9,10,12, 9,11, 7, 9,10, 9,10,10, 9, 9,10,12, 9, 9,
  8, 9,10,14,11,11, 8, 8, 9, 9, 9, 9,10,11,12, 9,10,10,11, 8,10,10, 9,10,
 11,12,10, 9,10, 7, 9, 9,11,11, 9, 8, 6, 9,10, 8, 7,11,11,12, 9,11,10,11,
 12,10, 9,10,10,11,11, 9, 9,10, 9,12,10, 9,10,10, 9, 9,10, 8,10,12,10, 8,
 10,12,12,11,12,10,10,10,10,10,10,10,10,11,10,10, 9,10,11, 9,10,11,12,10,
 11,10,11, 9, 8,10,11, 9,13,11,10, 9,12, 9,11,10, 9,10,10, 9,12,10,11,13,
 10,11,13,14, 9,11,10, 9, 8,10, 9,11,10, 9, 8,10,10,10, 8,10, 9,10,12, 9,
 11,10,10,10,11,11, 9,10,10,12,11,10,10,12,11, 8,10,10, 8, 7,11,10,10,10,
 10,10, 8,12, 8,10,14, 8, 9,10, 7,10, 9,11, 9,11,11, 8,10,10, 9,10,11,11,
 10, 9,11, 8,10,11,12,10,11,10,10,11,11,10, 9, 8,11,10,11,10,11, 9,11,11,
 11,10,11,11,10, 8,12, 7,11,10,12,11, 9, 7,10, 9,13, 8, 9, 9,10,10,12,10,
  8,10,11,11,12, 9,10,11,11,12, 9, 8,11,11,12,10, 8,11,12, 8,10,12, 9,12,
  8,11, 9, 9, 9, 8, 9,11, 8,10, 8, 9,12, 9,10,11, 9, 6,13, 8,11,13,11,10,
 10,10,12,10,12,12,10,10,10,10, 9,10, 8,12,11, 9,12,10, 8,11,10,12,10,11,
  9,11,12, 9,11, 9, 9, 9,11,14,11, 8, 9,10, 8,12,10, 9, 9,10, 7,12, 9,11,
 10, 9, 8,11,10,11, 8, 8,10,10,10,10,13,14, 9,10,10,10,10, 9,11,11,10,11,
 10,10, 8,13,14, 7, 8,10, 8,11,11, 7,10,10,12, 8,10,11,13, 8, 9, 9,10,10,
 12,10,11, 9,10, 9, 9,10,10,10,10,10,12, 9,10, 8,10, 8, 8,10,12,14,11,11,
 10, 9,11, 9,10,12, 8, 7,11,10,11,10, 9, 8, 9,10,11, 9,10, 9, 9,10, 8, 9,
 10, 8,13,10,11,13,11, 9,10, 8, 9,11, 9, 9, 8, 8,10, 9, 7, 8, 9,10,11,11,
  8, 9, 9,10,10, 9, 9,10, 8,10,12,10, 9,11, 9,10,10,10,11,10,11, 8,12,12,
 10,10,10, 8,12, 7,12,10,10,10,12,11,11, 9, 8,11, 7,11,10, 9,10, 9, 8, 7,
  9,10, 9,11,11,13,10,10,10,10, 8,11,10, 5,10, 9,11,10,10,12,10,11, 8, 8,
  6, 9,10,10, 9, 9, 9,11, 9,10,10, 8,12,10,10, 9, 9,11, 9,13,10,11, 9,11,
 11,10,10,10, 8, 9,12,10, 8,11,13, 9, 8,13,11,11, 8,10, 8, 9, 9,10,10, 7,
 10,10,12,10, 9,10,11, 9, 9, 9,12, 8,11,13,11,10,10, 9, 9, 8, 8,11,10,11,
  9,13,10,11,10, 9,10, 9, 9,11,12,10,10,11, 6, 9,13, 9, 9,11, 9,10,10, 9,
 11,10, 8,10,10,10, 8, 9,11,10,12,11,10, 8, 9,11, 9,11,10,11,11,11,10, 9,
  8,11,11,11,11,10,10,10,11,10,11,10,10, 7,12,10,10,11,10,10,10, 9,10,10,
 10, 9,10,10, 8,10,12,11, 9,10, 9, 9,10, 8,11,10,12,13,10, 8, 9,13,11,10,
 11, 8,13,11, 8, 8,11,11,11,10,13, 9,11, 9,13, 9, 9, 9,12,10,11, 9, 9,11,
  8,11, 9,12,10, 9, 9, 9,10,10,10,12, 9,12, 9,11,10,10, 9,12,11, 8,12, 9,
  9, 9,10, 9,11,10, 8,11,10, 9, 9, 9, 8, 9, 9,11, 9, 9, 8,11,11,12, 9, 8,
  9,11, 8, 8, 9,11,11, 9,12,10, 9,11,11,11,11, 9,15, 8,11, 9,10,10,10,12,
  8, 9,11,11,10, 8,10,10,13,10,12, 9, 8,10,11,12, 9, 9,10,11,10,12, 9,10,
  9, 9, 8, 9, 6, 7,11,11,11,11,11,10,10,11, 9, 9,11, 8, 9, 9, 9,12,10, 8,
  9, 9, 9,10,12,13, 8, 9,11,13,10,12,10,11, 9, 9,10,10,10,12,11,11,10, 9,
 10,14, 8,12,11,10,11, 9, 9,10,11,10, 9,10,11,13, 8, 7,11, 8,10,11,11,11,
 11, 9,12,12,11, 9,11,10, 9, 9, 9,10, 9,12,10,11,10,12,11, 9,10, 9,12, 9,
 11,10,11, 8,11, 9,10,13,12,10, 8,10,10,10, 7, 9, 9,10, 9,10,11, 8, 9, 9,
  9, 9,10,12, 9, 9,11, 9, 9,11,10,11,10, 9,10, 9,10,11,10,11,10, 8, 9, 9,
 11, 9, 8, 6,11, 8,10,12,12, 9,10, 7,10,10,10,11,12,10, 8, 9, 7,10,11, 9,
  9,10,12,10,10,12,10,10,10,10,10, 9,11, 9, 9,12,12,11, 9,11,11,12,12,10,
 10,12, 9, 9, 8,11, 9, 8, 9,11, 8,11,11,11,10,11,11, 9, 8,11,11,10, 9,11,
  9, 9, 7,11,11,10,10,10, 8,10, 9,10,12, 9,12,11,10, 9,11,10,11, 8,10, 9,
 10,10,12, 9,11,10, 9,12, 9,10, 9,11,10,11,12, 8,11,10, 8, 9,12,10,10,11,
  9, 9,11, 9,12,12,11,10,11, 9,11, 9,10, 9,10,12, 9, 9,10, 9,10, 7, 9,11,
 11,12, 9, 8, 9,10,10,11, 9,11,10,11, 9, 9, 9,10, 8,11,10, 9, 9,11,11, 7,
 12, 9,11,10,11, 9, 8,10,13, 9, 8,10, 9, 8,11,12,11, 9,10, 9,10,11,10, 9,
 11, 9, 9,12,10,11, 9,12,10,10,10, 8, 9,10,12, 9, 9, 9,11, 9,10, 9, 9, 9,
 10, 7,12,12, 9,10,11, 9,10, 8,12,10, 9,11, 9,10,10, 8,10, 9, 8, 9, 9, 9,
  8, 9,10, 9,11,13,12,10,10, 9,11, 9,10,10,10, 9, 9,10,11,12,12,10, 8, 9,
  8, 9,10,11,11, 9, 9,10, 9, 9,10, 8,10,12,10,10,11, 8,12,10, 9, 7, 9,13,
  8, 9, 8,10,10,10,11,11, 8, 8, 9,11,11,10,10,12, 9,10, 8,10,11, 9,10,12,
 11,11, 9,12,11,12,10,10, 7,10,11,11,11,13,11, 9,10,11,10, 8,10, 7,11,11,
  9,10,10,12, 8,12, 9,11, 8,10,12,10, 9, 9, 9,12,10,10,10, 9, 9,10,11,10,
 10, 9, 9,12, 9, 9, 8,10, 8,10,12,10,12, 9, 9,10, 8,10,10, 9,11,10,13, 9,
 10, 9,10,11, 8,10,10,11, 9,12,12,10,10, 7,10,10, 9,10,11,10,11, 9,13,10,
 11,10, 9, 9,10,10,11,11,11, 9,11,11,11,10, 9,11,10,12,12, 9, 9,11,10, 9,
 12, 9,12,10, 9, 9,10,10,10,11,10,11,12,10,11,10, 9,13,11, 9,11, 9,10,10,
 10, 8, 9,10,10, 9, 9, 7,11,12,12, 9, 8,10,10,11,13,10, 9,10,11, 9, 8,11,
  8,11, 9, 9, 9,12,10,10, 7,12,11,11,11,10,11, 9, 9,10, 9,11, 9,10, 9,11,
  9,10,12, 8, 9,12,11,10,10,10, 9,11,10,12,12,10,11,10,10,11,12, 6, 9,10,
  9,10, 9,11,10, 9,12, 9,12,11,10,11,11,12,10,11, 9,12,11,11,10, 8, 8, 8,
  8,11,10,10,10,11,11, 9,10,12, 7, 8,11, 9,11, 9,11,11,12, 9, 9,10,10,10,
  8,10, 9, 8, 9,12, 9,10,10,12,10,12,11,11, 9,10, 9, 9,10,10,12,11,11,10,
  9,10,10, 8, 9,12, 9, 9,11,13,12,11,13,11, 9,10,10,10, 9, 9,11, 9, 9,11,
 10,10,11,13,11, 8,10,13, 9,12, 7,12,13,13, 8,10, 9, 9, 9, 9,10,10, 9,12,
 10, 8,10,10,10, 9,10, 8,10,10, 9, 9, 9, 8,10,10,11,11,12, 9, 8,13,10,10,
  8, 9,10, 9, 9,10, 8, 8,13, 9,10, 8,11,10,14,10,11,12,11,13, 8, 9,10, 9,
  9, 9,10,10,10, 9,12, 9,12,10,10, 9,11,10,10, 9,11,10,14,10, 9,10,10,11,
 10,10, 9,12, 8, 9,11,10,12,12, 8,10, 9,11, 8, 9, 9, 9,11, 9,10,12,11,10,
  9,12,11, 9, 9, 9,10,11,10,10,10,11,10,12,10,10, 9,13,11,14,10,10, 9, 8,
 10, 8, 9,10, 9,10, 9,10, 8, 9,11,10,11,13, 9,11, 8,10,12, 8, 9,10, 8,12,
 11,10, 8, 9,10,10, 8, 8,11,10, 9,10, 8,11, 8, 9,11,11,11,11,10,11,10,12,
 13, 9,11,12,13,11,13,11,11,12,10,11, 8, 9,11,13, 9,10, 8, 8,10, 8, 9,10,
  8, 9,10, 9,10, 9,11, 9, 9,11,11,12, 9,11, 8,12,10,11, 9, 8, 9,11,10,10,
  8,10,10,11,10,10,10,10,11,10, 7,11,10, 8, 9,11,10,10,10,11,14,12,12, 9,
 10,12,11, 9, 9,10, 8,10, 8,11,11,11, 9, 9, 9,10,11, 9,13,11,11,11,11,11,
 11,10,10,12,10, 8,13, 9,10,12,10,10, 8, 9,10, 7, 9,11,11,10, 7, 8,11, 9,
 12,10,10, 9,11,10,10,11,10,10,12, 9, 8, 8, 9, 9, 8, 8,12,10, 7,11, 8,10,
 11, 8,11, 9, 9,10,12,11,11,13,10, 8, 9, 8,15,12,12, 8,12, 9, 9,13,12, 8,
 11, 9,11,12,10,11, 9,10,10,10,13, 8, 7,10, 9, 8,12, 9,10, 8, 9, 8, 8, 8,
 12,12,11,10,11,11,13,12,10, 8,10,12,11,10,10,10, 8, 9,11,10, 8,12, 8, 8,
  8, 9, 8,12,10, 9,11,11,11,10,13, 9,11,10,11,10,12,10,10, 8,11, 8, 9, 9,
 10,11, 7, 9, 9,12,12,12, 8,10,12,10,11, 8, 9,11, 9, 9,10, 9, 9, 8,11, 8,
  9,10, 9, 8,10,10, 9,10, 9,10,10,10,12,11, 9, 8,11, 9,11,11,13, 7, 7,12,
  8,10,10,12, 8, 7,11,10,11, 9,10,10,12,10, 8,10,11, 9, 9,10,10,12,11, 9,
 11, 8,12,10,11,12,10,11,11, 7,11,10,11, 9,10,11, 9,10, 9,10,10, 9,11,10,
  9,11, 9,11,10, 7,11,10,13,10,13,13,12,11, 8, 9,10, 9, 9,12,11,10, 8,10,
 10,12,12, 9, 8,11,10,10, 7,10, 9,12,11,10,10, 9, 9, 9,10,11, 9, 8,11,10,
 10,11, 7,10,10, 9,10, 9,11, 7,10,10, 8,11,11,10, 8,10, 8,13, 9, 8,11, 9,
 12,10,12, 9,10, 9,10, 8, 8,10,11, 9,10, 9,10, 9,11, 9,11, 9,10,13, 8,12,
 10,10,10, 9, 9, 9,10,11, 8, 9,11, 9,11,10, 8,11,11,11,11,10, 9, 9,12,11,
  9, 9,11, 9,11, 8, 8, 8, 7,10,10, 7, 9,10, 9,11, 8, 7,10,10, 9,12,10,11,
 10,11, 8,10,10,11, 9,11, 7,10,11,11,10,10, 8, 8, 9,11,10,10, 9, 8, 9,10,
  8,11, 9, 9, 9,10,10,11,10,11, 9,10,12,13,10, 9,11,10,10, 9,10, 9,12,11,
 10,10, 9,10, 9, 9,11,13,13,12,14, 9, 9, 8,12, 9,11, 9,11,11,10,11,11, 9,
  9,10, 9,11,10,11,11, 9,11,10,11,11,11,12, 9,11,11,11,11, 8, 8,10,10, 9,
  8,11,12, 9, 8,10,10, 7, 8,13,10,10,13,11,10,10,11,10, 9,10, 9, 9, 9,10,
 10, 9,11,12, 8,11,12,11, 9, 9, 9, 8,11,11,11,11,10, 9,13,10,10, 9,10,12,
 10,10, 9,10,10,12,13,10, 8, 9, 9,10,12, 9,10, 9,11,11,11,12, 9, 9,12,11,
 10, 9, 9,11,11,10, 8,10,12,10, 9,10, 9,10,11, 9,10,10, 9,13, 9,11,14,10,
  8,10,11,11, 9,10, 9,10,11, 9, 9, 8, 9, 8, 9,11,10,11,10,10,11, 9,10,10,
  9, 9, 9,10,10,11, 9,10, 9,10,10, 8, 9,11,12,12, 7,10,10, 8,10,10,10, 9,
  9,11,11,11, 7,10,11, 9, 9, 8, 9,11,10,10, 9, 9, 8,10,12,10,10,11,12,11,
 11, 9, 9,10,11,10, 9,12, 9, 9,10, 6,10, 9, 8, 9,10,10, 9,10,11,12, 9,10,
  9,12,10,10,10,10, 8,11,11,10,11, 9,10,11,11, 8,11, 9,10,10, 8,10,10,10,
 10, 9, 8, 9, 8, 9,12,14, 9,11,11, 8,10, 9, 8,10, 9, 9,10, 8,10,11,11, 9,
 12, 9,11,10, 9,10, 9,14, 9,12, 9,11,10,10,10,10,11,12, 9,10,11,10,10,11,
 10,10, 7,11,10, 9,11,11,10,10,10,10, 8,10, 9, 9, 9, 9, 9,12,11,10,11, 9,
 11, 9,10,10,10, 8, 7,11,10,10, 9,10,10, 8,10,12, 8,10,10,11,11,11,11,10,
 10, 9,10,10,10, 9, 9,10, 9, 9,16, 9,12,11,10, 9,11,11,11,10, 9,11,10,10,
  7,10, 9,11, 9,10,10,11, 9,12, 9, 8, 9, 9, 9,12, 9,10,10,10, 8, 8,10, 8,
  8, 8,12, 9,12,11, 9,11,14,11,12, 9,12,10,11,10, 8,12,11,11,11,11,10,11,
  9,10,10, 9,10,11, 9, 9, 9,10,11,10, 8, 8,10, 9,10,10,10,11,11,11,10,10,
  9,10,11,11,10,11,10,12,10,11,10,10,10,11,12, 9,12,10, 8, 9,13,11,12, 8,
  9, 9,11, 9,10,12, 8,11,12,11, 8, 9,10,13,10,11,10,10, 9, 9,11, 9,11,11,
  8, 9,11, 9,10,10,11,10,10,10,11,11,11,10,11,11,11, 9,10,10, 9, 8,10, 8,
 10,10,10,12,10, 9, 9,11, 9, 9,11, 9,11,11, 9, 9,10,11,11,10,10,11,13,10,
 10, 9, 9, 9,10,10,11,11, 9, 8, 9,10,10, 8,12,10, 8, 8,11, 9,10,10,11, 9,
  9,12,11, 9, 8,11,10,10,10,10, 8,11,11, 9,11,12,10, 8,11, 9,12,10, 9, 7,
  9,11,10,11, 9,12,10,10, 9,11,10,11,10,12,11,11, 9, 9, 9, 9,10,11,11,11,
 10,12,11, 9,10,11, 7, 7,10,11,11,10,11, 8, 8,11, 7,11,11,11,11, 9,10, 9,
 10, 8, 9,11,10, 8, 9, 9,11,10,10,11, 8,11, 9, 9, 9,10, 9,10, 7,11,11,11,
  9,10,11,10,11,10,10, 9,10, 9,10,10, 9,11,11,11,11,10,10, 8,13,10, 8,10,
  9,10, 9, 8,12,11,10, 9,11, 9, 9,10,12, 8,10,10,11,10,11, 8,11, 9, 7,11,
 10,11,12, 9,10,10, 9,11,13,11, 9, 9,10, 9,10,10,10, 8, 9,11,10, 9, 9, 7,
  9,11,12,10,11,11,10,10,10, 9, 9, 7,14,10,10, 9, 7,10,10, 9,11,12,10, 9,
 10, 9,10,12,10,10, 9,11,10, 9, 9,12, 8,13,10,10, 9, 8,10, 9,11, 8,11,12,
 10,11,13,11, 9,12,10, 9, 9,10,10,11,11,11,13,10,10,10, 8,10, 9, 8, 8,11,
  9, 9, 9, 8, 9,10, 8,11,13, 9, 8,12,10, 8,11,10,12,10,10,11,10,11, 8, 8,
 10, 9, 9,12,12, 9,12,11,11, 9, 9,10,11,10,10,10, 9, 7,10,11,10,10,10,10,
 10, 9,10,10, 9,10, 9,10,10, 9,10, 9,13,12, 8,13,11,10, 9,10, 9,10,10, 8,
 11,12,11,10,11, 9,10, 9, 9,10, 9,11,10,10, 9,10,11, 9,10,10, 8,12,11,10,
 11,13,11,11,11, 9, 8,10,11,11, 8,10,10, 8,10, 9,11,11,10,12,10,11,11, 9,
 11, 8,11, 8,13,11,11,10,10,10,10,11,10, 9,12,11, 8, 9,11,10, 9,12, 9,10,
  7, 9, 8, 9, 9,11,11,11,10,12,10, 8, 9,12,10, 9,10,10,11,10,12,10,11,10,
 11,11,13, 8, 9,10, 9, 9,10,11,11, 9,12,10,12,10,11,10,10, 7, 9,10,10, 9,
 13, 8,11,11,11, 9,10,10,10,12,12, 8,12,11, 9,10,11,11,11,11,10,10, 9,10,
 11,10,11,10, 9,10,10,12,11,12,10, 9, 9, 9, 9,11,10, 9,10, 9,12,11,11,10,
  8,11,10, 8,11, 9, 8,10,14,12,10,12, 9,11,10,12,10,11, 8, 9,12,10, 9, 9,
  9,11, 9,13, 9,12, 9,10,12,12, 9, 8, 9, 9,10, 8, 9,12,10,11,10, 9,10,10,
 11,11, 9, 9,10, 8,10, 8,11,10,11,10,13,11,10,13, 9, 9,12, 7,10,14,10,11,
 11,11, 9,11, 9,10,11,10, 9,10,10, 9,10,14, 9,10,11, 9, 7,10, 9, 9,11,11,
 12,12, 8, 9,11,11, 9, 9,10,11, 9,11,10,11, 9,10,11, 9,11, 9, 9,12, 9,10,
  8,11, 9,11,11,10,10,11,10, 9, 7,11,10, 8, 8, 9,10,10,13,11, 8, 6, 9,11,
  8,13, 9, 8, 9,10,12, 9, 9,10,10, 9, 9,13, 9,11,13,10,10,12,11,14,11,12,
  9, 9,10,10,10,10,10, 9, 9, 9, 8,11,10, 9,10, 9,11, 9,11,11,10,11, 9,13,
 10, 8, 9,10,11,10,10,10, 8,14, 9,13, 8, 9, 8,11, 9, 8,10,11,12, 9,11, 9,
 10,11, 9,11, 7, 8, 9,10,10,10,10, 9,10, 9, 9, 8,11, 8,10,11,11,10,11,13,
  9, 9,11,11,12,11,10, 9,10,10,10,11, 9,11,12, 9,10,10,10,14, 9,11,10,10,
 10,12,10, 8,11, 8,10,11,11,11,12, 7,11, 9,12,13,11,11, 9, 9,12,11,13, 9,
 13,10,10,12,11,11, 7,10, 9, 8,13,11,10,12,11, 7, 9, 9,12, 9,10,10,11, 8,
  9, 9, 9,11, 9, 9,10, 9, 9,12,13,10, 8,12,11,10,10,10, 9,11,11,13, 9,10,
  9,12, 9,12,11, 7,10,12,11, 9, 9, 8,11, 9,11, 8,10, 9, 8,11,10, 9, 9,11,
  9, 9, 7,11, 7,10,10, 9, 9,10,11,10,12,10,10,10,12,10, 8, 8,12, 9, 9,10,
  8, 9, 9, 9,13,11,10,10, 8, 9, 8,10, 9,10, 9,12,11,11, 7, 7, 9, 9,10, 9,
  9, 8,10,10, 8,12,10,10, 9,10,11, 8,10,12,12,11,12, 8,12,10,11,13, 9, 9,
 11,11, 8,10,10,17,10,11,11,15,10,10,11,10,11,11,12,11,10,12, 9, 9,10, 9,
  8,10,11,11,10, 8,10,10, 9, 9, 9, 9, 8,12,11,10,12, 9,10,10,10, 9,10, 9,
  7,10, 9, 9, 8, 8,12, 7, 8,10,10,10, 8,10,12, 9,11, 9,11,10,12,10,11,13,
 13,10,12, 9,10, 9, 9,10,11,10,10, 8,11,11,11, 9, 9,12,11,12, 9,11,10,11,
  8,12,10,12,11,10,10,11, 9, 8,10,10,12,10,12, 9,10,11, 9,10,10,10, 7,13,
  9, 9,10,12, 9, 9, 8,11,11,12, 9,10,11, 9,10, 9,10,10,13, 8, 9,10, 8,10,
 12,11,10,13,10,10,11, 8,11,10, 8,10, 9,11,10,10,11,10, 9, 9,13, 9,11, 8,
  7,11,10,10,13,13,12,10,11, 9,10,11,11, 9,11,12,10, 9,11, 9,10,12,11, 8,
 10,10,12,10,11,13,10,10,10,10,10,13, 6,10,10, 8, 7,11,12, 8, 9, 9, 8,11,
 10,10, 8,11,12,10, 9,11, 8,10, 9, 7,12, 8, 9, 9, 9, 9, 8, 9, 8, 9,10, 8,
 11,12, 8,12,10, 9,11, 9, 9,11, 9,10,11, 9, 9, 9, 9,11,10,11,11,10, 8,12,
  9, 7,10,10,11,10,10,10,10,10,10, 9, 9,14,10, 9,10, 8,10,10,10,10,12, 9,
 10, 9,11,12, 9, 9,10, 8]