# Undirected graph (each unordered pair of nodes is saved once): Results/Robustness/networks/networkYeastUNDstrategyRandomremoved-0.3percent.txt
# Nodes: 1653 Edges: 3698
# NodeId	NodeId
1	1
1	2
2	1041
2	1246
2	1350
5	149
5	2308
7	227
7	265
7	285
7	811
7	1016
7	1435
7	1443
7	1674
7	1923
10	10
10	11
10	907
10	2021
11	11
11	56
11	64
11	172
11	299
11	910
11	994
11	995
11	996
13	13
13	143
13	631
13	1527
13	1651
13	1659
14	14
14	508
15	15
15	352
15	1052
15	1055
15	1310
16	16
16	508
17	17
17	1334
17	1393
17	1568
17	1896
19	19
19	980
19	1512
19	2188
20	20
20	22
20	23
22	22
23	303
23	396
23	417
23	439
23	670
23	802
23	833
23	849
23	877
23	1174
23	1376
23	1379
23	1452
24	24
24	25
24	26
24	27
24	28
24	392
24	2328
27	392
27	2220
28	392
28	2122
28	2257
29	29
30	31
30	32
31	539
31	566
31	648
31	1006
31	1028
31	1038
31	1346
31	1352
31	1357
31	1358
31	1378
31	1707
31	1941
31	2251
31	2273
31	2334
33	33
33	35
33	36
33	37
35	122
35	133
35	163
35	165
35	228
35	277
35	425
35	432
35	445
35	1016
35	1767
35	1874
35	1875
35	1876
37	116
37	172
37	249
37	490
37	1375
37	1392
45	45
46	61
46	212
46	278
46	299
46	302
46	318
46	442
46	1021
46	1028
46	1208
46	1225
46	1714
49	317
49	1016
49	1220
49	1452
50	50
51	51
51	508
52	52
52	55
52	56
52	59
55	56
55	59
56	56
56	58
56	59
58	227
58	265
58	284
58	941
58	1004
58	1022
58	1041
58	1310
58	1328
58	1450
58	1896
58	1912
58	1948
58	2022
59	59
59	165
59	1224
59	1809
61	61
61	64
61	83
61	203
61	299
61	301
61	302
61	341
61	382
61	416
61	418
61	420
61	421
61	423
61	425
61	428
61	430
61	442
61	443
61	445
61	641
61	642
61	643
61	644
61	646
61	649
61	656
61	658
61	767
61	1014
61	1028
61	1129
61	1165
61	1413
61	1414
61	1427
61	1428
61	1915
61	2073
61	2257
64	115
64	116
64	163
64	268
64	388
64	390
64	417
64	649
64	1038
64	1136
64	1424
65	65
65	377
65	944
66	66
66	566
66	1548
66	2171
66	2328
67	67
69	195
69	299
69	334
69	717
69	984
69	1053
69	1395
69	1410
69	1520
69	1554
69	1880
69	1952
72	396
72	753
72	823
72	849
72	1041
72	1452
73	584
73	585
73	586
73	588
73	1114
73	1117
73	1122
73	1952
73	2143
74	1041
74	1192
74	1568
74	1896
74	2257
75	584
75	586
75	1038
75	1114
75	1117
75	1122
75	1350
75	1439
77	77
77	566
78	120
78	135
78	1443
79	79
79	80
79	83
79	84
80	120
80	138
80	149
80	537
80	850
80	1001
80	1006
80	2053
80	2273
83	147
83	156
83	306
83	406
83	1007
83	1020
83	1269
83	1475
83	1647
83	2222
83	2257
84	837
84	1948
85	85
85	843
86	86
86	87
87	508
87	1475
90	90
90	91
90	92
91	92
91	111
92	92
92	188
93	93
93	94
93	95
93	96
93	97
93	99
93	100
94	456
94	664
94	1153
94	1381
95	1768
104	104
106	106
107	107
107	108
107	110
107	111
107	664
107	1566
110	111
111	630
111	664
111	1208
111	1506
111	1525
111	1566
111	2241
111	2242
111	2244
114	114
114	1408
115	115
115	116
115	118
115	2078
116	116
116	349
116	1130
116	1136
118	272
118	442
118	767
118	777
118	1240
118	1412
118	2138
118	2267
120	120
120	122
120	123
120	125
120	127
120	128
120	129
120	130
120	131
120	133
120	135
120	137
120	138
120	141
120	169
120	203
120	238
120	268
120	334
120	544
120	652
120	762
120	815
120	820
120	822
120	834
120	903
120	921
120	985
120	1016
120	1135
120	1493
120	1557
120	1570
120	1599
120	1812
120	1813
120	1814
122	131
122	135
122	165
122	302
122	442
122	697
122	996
122	1249
122	1915
122	2017
123	125
123	129
123	131
123	135
123	767
123	799
123	1120
123	1521
123	1532
125	129
125	131
127	442
127	627
128	128
128	129
128	131
128	165
128	588
128	1912
128	2038
129	129
130	131
130	135
130	249
130	456
130	638
130	652
130	653
130	849
130	2017
131	131
131	133
131	135
131	138
131	165
131	171
131	203
131	241
131	246
131	248
131	444
131	445
131	882
131	1439
131	1440
131	2040
133	135
133	165
133	290
133	302
133	425
133	427
133	442
133	443
133	492
133	537
133	546
133	697
133	882
133	1249
133	1250
133	1570
133	1915
133	1917
133	1962
133	2040
133	2331
135	138
135	169
135	246
135	248
135	250
135	442
135	443
135	444
135	445
135	459
135	460
135	492
135	880
135	882
135	883
135	884
135	1021
135	1249
135	1250
135	1439
135	1440
135	1441
135	1915
135	2010
135	2040
135	2073
135	2257
137	199
137	400
137	490
137	1010
137	1021
137	1240
138	147
138	165
138	246
138	290
138	299
138	301
138	302
138	442
138	460
138	492
138	882
138	985
138	996
138	1249
138	1440
138	1570
138	1915
138	1959
138	2017
138	2040
139	139
139	141
139	142
142	142
143	143
143	144
144	566
144	982
144	995
145	145
145	430
145	995
145	1983
145	2022
147	149
147	153
147	154
147	155
147	156
147	212
147	226
147	234
147	292
147	339
147	341
147	347
147	348
147	382
147	402
147	437
147	474
147	492
147	895
147	1052
147	1055
147	1129
147	1175
147	1255
147	1256
147	1828
147	1857
147	1935
147	1942
147	2053
147	2112
147	2127
147	2195
147	2198
147	2199
147	2318
149	149
149	153
149	154
149	155
149	160
149	329
149	416
149	689
149	690
149	691
149	943
149	992
149	1179
149	1202
149	1309
149	1497
149	1517
149	1971
151	1010
151	1261
151	1392
152	153
152	155
152	505
152	679
152	689
152	1201
152	1202
153	153
153	155
153	156
153	158
153	159
153	160
153	161
153	199
153	367
153	545
153	688
153	689
153	690
153	691
153	985
153	1010
153	1136
153	1200
153	1202
153	1252
153	1254
153	1255
153	1256
153	1257
153	1258
153	1392
153	1435
154	155
154	689
154	1200
154	1202
155	155
155	160
155	161
155	263
155	367
155	371
155	689
155	690
155	691
156	226
156	234
156	303
156	388
156	481
156	492
156	895
156	1651
156	1942
158	158
158	255
158	266
158	581
158	688
158	988
158	992
158	1144
158	1201
158	1202
159	844
159	1010
159	1261
160	688
160	689
160	939
160	1202
161	199
161	490
161	498
161	826
161	1010
161	1011
161	1392
161	2073
163	163
163	203
163	416
163	418
163	420
163	421
163	423
163	425
163	427
163	428
163	430
163	492
163	640
163	642
163	643
163	644
163	649
163	655
163	656
163	657
163	658
165	165
165	169
165	171
165	203
165	248
165	302
165	425
165	442
165	443
165	445
165	490
165	491
165	544
165	642
165	697
165	882
165	884
165	985
165	1249
165	1570
165	2073
165	2168
169	172
169	302
169	442
169	490
169	492
169	697
169	1053
169	1249
169	1570
169	1915
169	2010
171	416
171	422
171	428
171	490
171	492
171	882
171	1412
171	1915
171	1962
171	2010
171	2073
172	172
172	237
172	272
172	638
172	996
172	1011
172	1443
172	2073
174	174
174	176
174	177
174	178
174	1038
176	176
176	361
176	461
176	737
176	744
176	811
176	849
176	1227
176	1228
176	1229
176	1230
176	1231
176	2164
178	1038
184	209
184	227
184	265
184	285
184	428
184	1016
184	1674
184	1805
184	1806
184	1886
184	2306
188	1052
188	1058
189	189
189	190
189	191
189	283
189	1535
189	1587
189	1714
189	1767
189	1822
189	2290
190	190
190	191
190	309
190	312
190	1252
190	1500
190	1962
190	2283
190	2332
191	1476
191	1521
194	194
194	195
194	196
194	198
194	1732
194	1733
195	198
195	632
195	1113
195	1707
195	1861
195	2252
196	198
196	1059
196	1489
196	1546
196	1739
196	1795
196	1919
196	1971
196	2342
196	2344
198	508
198	633
198	837
198	1656
199	199
199	200
199	201
199	202
199	203
199	372
199	492
199	498
199	537
199	679
199	732
199	826
199	887
199	1021
199	1208
199	1323
199	1392
199	1554
199	1625
199	1647
199	1685
199	1854
199	1886
199	1896
199	2022
199	2073
199	2257
199	2273
200	1283
201	806
201	1055
201	1452
202	302
202	356
202	394
202	490
202	1010
203	416
203	428
203	490
203	492
203	644
203	657
203	767
203	775
203	777
203	806
203	882
203	1129
203	2238
204	204
204	205
208	1443
209	209
209	210
209	238
209	322
209	323
209	324
209	523
209	566
209	570
209	588
209	684
209	775
209	907
209	910
209	930
209	970
209	983
209	1006
209	1111
209	1187
209	1310
209	1580
209	1587
209	1621
209	1624
209	1653
209	1655
209	1702
209	1749
209	1824
209	1854
209	1855
209	1857
209	1858
209	1860
209	1861
209	1862
209	1863
209	1864
209	1865
209	1912
209	2138
209	2251
209	2308
209	2326
210	322
210	323
210	324
210	523
210	684
210	775
210	1004
210	1324
210	1443
210	1521
210	1525
210	1582
210	1903
210	2053
210	2189
210	2267
211	211
211	212
212	212
212	301
212	302
212	402
212	403
212	404
212	437
212	620
212	622
212	843
212	1020
212	1096
212	1097
212	1171
212	1173
212	1379
212	1714
212	2208
215	215
217	217
217	218
217	219
217	220
217	223
217	224
217	389
217	659
217	911
218	218
218	495
218	1787
219	318
219	480
219	753
219	767
220	220
220	389
220	833
220	1787
220	2015
223	1787
224	224
226	226
226	616
226	710
226	1570
226	1572
226	2257
227	227
227	228
227	233
227	234
227	236
227	237
227	238
227	239
227	877
227	1187
227	1587
227	1688
228	1962
228	2173
233	233
233	236
233	970
233	978
234	234
234	236
234	337
234	1168
234	1169
236	236
236	685
236	686
236	1131
236	1305
236	1306
236	1307
236	2082
237	272
237	294
237	334
237	435
237	541
237	644
237	1058
237	1392
237	1449
238	238
238	479
238	824
238	1044
238	1283
238	1286
238	1287
238	1326
238	1606
238	1896
238	1910
238	2022
238	2078
238	2138
238	2273
238	2334
239	278
239	302
239	492
239	537
239	595
239	920
239	1021
239	1376
239	1915
239	2006
239	2257
240	240
241	241
241	442
241	444
241	1249
245	442
245	537
245	1915
245	2257
246	302
246	442
246	1249
246	1962
247	247
247	823
248	442
248	492
248	1249
248	1570
249	249
249	652
249	653
249	996
250	302
255	255
255	266
255	688
255	988
255	1201
255	1202
256	266
256	1435
257	265
257	688
259	259
262	992
263	266
263	268
263	503
263	505
263	673
263	679
263	688
263	872
263	988
263	992
263	1200
263	1201
263	1202
263	1435
265	265
265	266
265	268
265	277
265	688
265	1202
265	1435
266	268
266	269
266	368
266	1435
267	688
267	1435
268	268
268	272
268	492
268	545
268	644
268	688
268	806
268	990
268	991
268	992
268	1435
269	688
269	992
269	1435
272	272
272	273
272	277
272	278
272	279
272	281
272	282
272	283
272	1714
273	299
273	1102
277	277
277	633
277	924
277	926
277	927
277	930
277	1422
277	1446
278	278
278	301
278	824
278	1647
278	1816
278	2131
282	657
282	1393
282	1443
282	1726
283	283
283	290
283	428
283	508
283	596
283	627
283	632
283	697
283	829
283	1011
283	1038
283	1041
283	1053
283	1295
283	1350
283	1443
283	1559
283	1727
283	1896
283	2022
283	2141
283	2161
284	284
284	285
284	286
284	287
284	288
284	289
284	290
284	292
284	293
284	294
284	474
285	285
285	286
285	287
285	288
285	289
285	292
285	293
285	294
285	320
285	474
285	1187
285	1587
286	286
286	287
286	289
286	290
286	292
286	293
286	294
286	316
286	474
287	287
287	288
287	289
287	290
287	292
287	293
287	294
287	316
287	474
288	289
288	292
288	293
288	474
289	289
289	290
289	292
289	293
289	294
289	474
289	917
290	292
290	293
290	444
290	474
290	497
290	498
290	686
290	883
290	1144
290	1254
290	1440
290	1477
290	1497
290	1506
290	1533
290	1535
290	1536
290	1538
290	1539
290	1931
292	292
292	293
292	294
292	316
292	474
292	917
293	293
293	294
294	294
294	315
294	316
294	317
294	375
294	474
294	985
294	1065
296	296
296	359
296	499
296	520
299	299
299	301
299	302
299	306
299	308
299	663
299	1028
299	1714
300	390
300	566
300	985
300	1087
300	1120
301	302
301	318
301	1021
301	1028
301	1225
301	1402
301	1714
302	308
302	316
302	318
302	361
302	425
302	442
302	544
302	649
302	834
302	985
302	1016
302	1021
302	1028
302	1109
302	1136
302	1208
302	1224
302	1225
302	1249
302	1309
302	1497
302	1630
302	1714
302	1775
302	1805
302	1960
302	2053
302	2055
302	2107
302	2109
303	303
303	625
303	1058
315	315
315	316
315	317
315	318
316	316
316	317
318	318
318	453
318	865
318	1109
318	1151
318	1152
318	1264
322	523
322	674
322	775
323	425
323	523
326	326
329	1016
329	1255
329	1435
329	1966
329	2172
329	2216
329	2273
330	331
330	332
332	442
334	334
334	336
334	337
334	581
334	995
334	1378
334	1475
334	1613
334	1647
334	1896
334	1974
334	2012
334	2022
334	2172
334	2250
336	777
336	1010
336	1213
336	1412
339	339
339	340
339	341
339	342
339	344
339	347
339	348
339	382
339	1129
341	341
341	342
341	344
341	347
341	348
341	382
341	384
341	1129
342	382
342	1129
344	382
344	850
344	1129
344	2216
347	382
347	850
347	1129
348	382
348	1129
349	349
352	353
352	588
352	669
352	887
352	949
352	1055
352	1484
352	1498
352	1557
352	1582
352	1846
352	2127
353	588
353	1055
353	1167
353	1606
353	1691
353	2187
355	1585
355	1912
355	2356
356	356
356	393
356	394
356	1443
357	357
357	358
357	359
357	360
357	425
357	1960
357	2006
357	2007
358	1520
358	1605
358	2352
359	359
359	1452
361	361
361	362
361	1626
367	688
367	992
367	1010
367	1200
367	1202
368	988
368	1200
368	1202
370	688
370	988
370	992
370	1200
370	1201
370	1202
371	505
371	688
371	689
371	872
371	988
371	992
371	1200
371	1202
371	2216
372	372
372	373
372	374
372	375
372	697
372	777
372	1599
372	2022
372	2251
373	373
373	375
373	648
373	1011
373	1599
373	2156
373	2266
373	2267
374	430
374	1568
374	1599
374	1983
375	392
375	435
375	439
375	447
375	849
375	1016
376	376
376	377
376	537
376	652
376	836
376	1582
376	1726
376	1896
376	2022
376	2143
376	2334
377	595
382	382
382	384
382	850
382	1129
385	385
385	386
385	387
385	388
386	1557
386	1663
386	1695
386	2351
387	2215
388	388
388	589
388	684
388	823
388	829
388	830
388	837
388	1041
388	1484
388	1520
389	389
389	390
389	391
390	390
390	566
390	622
390	746
390	985
390	1072
390	1087
390	1089
390	1091
390	1092
390	1119
390	1120
390	2164
391	391
391	566
391	1072
391	1073
391	1075
391	1120
391	1439
391	1912
393	394
396	396
396	397
396	400
397	397
397	692
402	1171
402	1707
403	1171
405	405
406	406
406	408
406	2267
410	410
411	411
411	412
411	414
411	415
411	2184
416	416
416	417
416	418
416	420
416	421
416	422
416	423
416	424
416	425
416	427
416	428
416	430
416	431
416	432
416	627
416	644
416	995
416	1004
416	1412
416	1962
417	417
417	422
417	1412
418	644
418	1880
420	644
421	428
421	644
421	996
421	1028
422	422
422	424
422	431
422	492
422	544
422	575
422	1004
422	1412
422	1413
422	1414
423	644
425	425
425	428
425	492
425	644
425	649
425	650
425	1028
425	1458
425	1915
425	1962
425	2010
425	2073
425	2257
427	428
427	642
427	644
427	1028
427	1930
428	428
428	445
428	640
428	641
428	642
428	643
428	644
428	646
428	648
428	799
428	1017
428	1187
428	1489
428	1520
428	1814
428	1871
428	2051
430	644
430	1493
430	2099
431	1412
435	436
435	437
435	438
435	439
435	440
436	439
437	439
439	439
439	440
439	461
439	462
442	442
442	443
442	444
442	445
442	459
442	460
442	490
442	491
442	492
442	640
442	652
442	697
442	880
442	882
442	883
442	1108
442	1249
442	1516
442	1517
442	2040
442	2257
443	492
443	872
443	882
443	1102
443	1249
443	1570
443	2073
444	697
444	1249
444	2040
445	882
445	1016
446	446
446	508
446	995
447	447
447	2022
453	453
453	905
453	907
453	1148
453	1149
453	1150
456	456
456	457
456	459
456	460
457	1114
459	882
459	1001
459	1249
459	1962
460	1714
460	2010
461	737
461	1068
461	1406
462	537
462	2164
464	464
465	465
465	466
465	467
465	470
466	466
473	473
474	475
474	476
474	477
475	882
480	480
480	481
480	660
480	1288
481	481
482	482
483	483
483	484
484	499
484	1442
484	2022
486	566
486	584
486	586
486	588
486	1114
486	1117
486	1122
486	1952
487	664
490	491
490	492
490	493
490	627
490	2216
491	492
491	697
491	872
491	1249
491	1962
491	2010
492	544
492	546
492	642
492	644
492	649
492	821
492	826
492	834
492	921
492	1016
492	1017
492	1099
492	1144
492	1814
492	1916
492	1917
492	2006
492	2227
492	2228
492	2229
492	2230
493	505
493	775
493	777
493	806
493	1392
494	494
494	495
494	496
494	497
494	498
494	499
494	501
495	569
495	833
495	1281
495	1376
495	1452
496	498
496	499
496	501
496	566
496	837
496	1435
496	1896
496	2113
496	2138
497	498
497	499
497	501
497	1261
497	1392
497	1714
498	499
498	501
498	826
498	1714
498	1732
499	499
499	501
499	511
499	1043
499	1324
499	1358
499	1480
499	1542
499	1579
499	1581
499	1655
499	1660
499	1714
499	1945
499	1970
501	501
501	1136
503	503
503	504
503	505
503	508
503	1750
504	505
504	679
504	811
504	872
504	988
504	992
504	1202
504	1645
504	2253
505	505
505	508
505	688
505	767
505	782
505	798
505	801
505	988
505	989
505	992
505	1200
505	1202
508	659
508	673
508	679
508	688
508	716
508	824
508	941
508	988
508	989
508	992
508	1136
508	1200
508	1201
508	1202
508	1311
508	1600
508	1602
508	1605
508	1636
508	1637
508	1699
508	1732
508	1776
508	1777
508	1779
508	1781
508	1782
508	1783
510	510
510	1038
510	1041
510	1167
515	515
516	516
516	517
516	1527
516	1530
516	2273
517	517
517	2138
520	520
522	522
523	523
524	524
524	1515
524	1947
525	525
526	526
527	527
528	528
529	529
536	536
537	538
537	539
537	550
537	595
537	826
537	1017
537	1179
537	1218
537	1521
537	1588
537	1589
537	1590
537	1591
537	1592
537	1593
537	1594
537	1597
539	1573
541	541
541	542
541	1545
541	2092
544	697
544	882
544	1021
544	1915
544	1962
544	2073
544	2247
544	2257
545	872
545	1240
546	644
546	657
550	850
550	1614
551	767
555	555
555	657
555	1378
556	1726
558	1052
558	1058
566	566
566	570
566	704
566	887
566	1040
566	1052
566	1072
566	1073
566	1075
566	1087
566	1089
566	1091
566	1093
566	1120
566	1500
566	1524
566	1525
566	1541
566	1542
566	1543
566	1544
566	1545
566	1546
566	1547
566	1548
566	1550
566	1551
566	1552
566	1553
566	1554
566	1557
566	1558
566	2141
568	1375
568	1630
569	569
569	570
569	571
569	2328
570	671
570	677
570	679
570	1443
571	882
571	1038
572	572
573	573
575	575
575	576
575	577
575	579
575	627
580	580
580	581
581	851
581	2010
584	584
584	585
584	586
584	588
584	589
584	963
584	966
584	1111
584	1113
584	1114
584	1122
584	1443
584	2143
584	2216
585	585
585	586
585	588
585	959
585	963
585	1038
585	1114
585	1117
585	1118
585	1122
585	1350
585	1614
585	1912
585	1952
585	2119
585	2216
586	586
586	588
586	589
586	684
586	1111
586	1113
586	1114
586	1117
586	1122
586	1726
586	1952
586	1966
586	1983
588	589
588	1006
588	1038
588	1041
588	1043
588	1111
588	1113
588	1114
588	1117
588	1122
588	1350
588	1442
588	1509
588	1621
588	1624
588	1767
588	1801
588	1952
588	1966
588	1983
588	2043
588	2138
588	2251
589	1114
589	1117
589	1122
589	1629
589	1952
595	595
595	598
595	818
595	858
595	859
595	860
595	985
595	1063
595	1435
595	1726
595	1932
595	2290
596	1052
596	1484
598	985
598	1599
602	602
616	616
622	823
622	1058
625	1058
627	627
627	629
627	664
627	1007
627	1020
627	1113
627	1358
627	1414
627	1477
627	1525
627	1579
627	1602
627	1631
627	1651
627	1652
627	1653
627	1655
627	1656
627	1659
627	1660
627	1661
627	1663
630	630
631	631
631	632
631	633
631	634
631	982
631	1022
631	1114
631	1896
631	2040
632	632
632	633
632	634
632	1554
633	1422
633	1554
636	636
636	2155
637	637
638	638
638	639
639	1357
639	1358
640	644
640	1962
641	644
641	648
641	1028
642	644
642	872
642	882
642	1022
642	1028
642	1129
642	1962
642	2010
643	644
643	1016
643	1022
643	1028
643	1545
643	2020
644	644
644	646
644	648
644	649
644	656
644	657
644	658
644	865
644	959
644	962
644	972
644	1020
644	1021
644	1022
644	1023
644	1024
644	1027
644	1028
644	1774
648	669
648	846
648	877
648	985
648	1028
648	1180
648	1509
648	1517
648	1602
648	1799
652	652
652	653
652	1435
652	1896
652	1962
652	2110
652	2112
653	653
653	1812
656	2308
658	1028
659	659
659	660
659	671
659	1554
663	1188
663	1766
663	2359
663	2361
664	664
664	665
664	666
664	668
664	669
665	1281
665	1912
665	1983
665	2144
668	833
668	1281
669	1281
670	670
671	671
671	673
671	674
671	677
671	678
671	679
673	673
673	677
674	677
674	679
674	1202
674	1311
677	679
677	1479
677	1756
678	1010
679	681
679	682
681	988
684	684
684	1220
685	685
685	686
686	2078
686	2189
688	690
688	691
688	990
688	1203
688	1205
689	689
689	690
689	691
689	1200
689	1202
691	1028
691	1202
693	693
693	1460
693	1468
694	694
694	696
697	697
697	698
697	700
697	882
697	1249
700	1129
700	2188
701	702
704	2318
705	2143
705	2204
710	710
710	1016
713	1102
715	1962
716	716
717	717
717	718
717	719
722	737
722	972
722	1068
722	2304
723	737
723	1068
724	737
724	1068
724	1236
724	2308
725	737
725	1068
725	2234
726	737
726	1068
728	737
728	1068
729	737
729	1068
732	737
732	1068
732	1509
733	737
733	806
733	1053
733	1068
733	1236
734	737
734	1068
735	737
735	1068
736	737
736	1068
736	1236
737	737
737	740
737	744
737	1084
737	1236
740	1068
740	1201
744	811
744	1053
746	1452
749	749
751	751
753	753
753	754
753	755
753	757
753	758
753	759
753	761
753	762
753	763
753	764
753	767
753	769
753	770
753	771
753	773
754	767
758	767
758	1386
759	767
761	767
762	767
763	767
764	767
767	770
767	771
767	773
767	814
767	815
767	816
767	818
767	819
767	820
767	821
767	822
775	775
775	776
775	777
775	778
775	779
775	780
775	781
775	782
775	786
775	787
775	788
775	790
777	777
777	782
777	786
777	796
777	797
777	798
777	799
777	800
777	801
777	802
778	806
779	806
780	806
781	806
782	806
782	888
786	806
788	1068
790	806
790	888
796	806
798	806
798	888
799	806
800	1213
800	1412
801	806
801	888
802	802
802	1145
805	806
806	808
806	811
806	812
811	811
811	824
811	1053
811	1187
811	1227
811	1230
811	1268
811	1272
811	1273
811	1326
811	1379
811	1581
811	1587
811	2034
818	844
818	1255
818	1919
818	2191
818	2192
823	823
823	824
823	825
823	826
824	1972
824	2022
825	825
825	982
826	826
826	941
826	982
826	1192
826	1295
826	1311
826	1350
826	1378
826	1435
826	1896
826	1966
826	2022
826	2249
826	2273
826	2287
829	1484
829	1624
830	1041
830	2138
830	2272
831	833
833	833
833	858
833	1029
833	1032
833	1545
833	1551
833	1691
833	2146
834	837
834	1714
834	2073
834	2257
834	2317
835	1669
836	1480
836	1590
836	1602
836	1886
836	2003
837	1610
838	1388
839	1187
840	840
841	841
842	842
843	843
844	844
846	846
846	847
849	849
849	856
849	1063
850	850
850	853
850	1063
850	1912
860	1008
860	1063
860	1376
862	862
865	882
866	866
870	2208
872	2257
877	877
877	878
877	1180
877	1690
882	882
882	884
882	1249
882	1305
883	1016
884	1249
884	1771
887	1614
887	1647
887	1828
887	1966
887	2138
887	2141
888	888
888	889
888	891
888	892
888	894
891	891
891	892
891	894
894	894
896	896
896	897
896	898
896	899
896	901
897	901
898	901
899	901
901	901
902	902
902	903
903	2017
905	905
905	906
905	907
905	908
905	909
905	910
907	1150
907	1886
907	1962
907	2214
908	908
908	909
910	995
910	996
910	2141
910	2267
911	911
911	912
911	914
917	917
920	921
921	1376
921	1970
926	1422
927	1912
930	1422
931	931
932	932
932	933
933	1726
937	939
939	939
939	940
939	2077
941	941
942	942
943	943
943	1726
943	2038
944	944
951	952
951	954
951	956
951	957
951	958
959	960
959	966
959	972
960	960
960	962
960	963
960	966
960	967
960	972
960	978
960	979
962	966
962	972
963	966
963	972
963	1114
963	1117
965	966
965	972
965	1114
966	967
966	968
966	970
966	972
966	1114
966	1443
966	2046
967	972
967	1443
970	972
970	1554
972	972
972	978
972	1114
972	1135
973	973
973	974
973	1187
973	1434
973	1587
973	2045
974	974
974	1394
978	1175
980	980
980	1476
980	1491
982	1311
982	1546
982	1579
982	1630
982	1891
983	983
984	984
984	985
984	2220
985	1970
985	2040
985	2291
988	988
988	989
988	1205
988	1223
989	992
989	1202
990	992
990	1202
990	1435
992	993
994	1527
995	1311
995	1477
995	1637
995	1686
995	1732
995	1733
995	1776
995	1777
995	1781
995	1782
996	996
996	1099
996	1101
996	1297
1004	1004
1004	1005
1004	1006
1004	1007
1004	1619
1004	1825
1004	1826
1004	2138
1004	2219
1006	1043
1006	1358
1006	1647
1006	1802
1006	2122
1006	2123
1006	2124
1007	1008
1007	2261
1008	1008
1008	1009
1008	2261
1010	1010
1010	1011
1011	1011
1011	1166
1011	1775
1014	1014
1015	1015
1016	1016
1016	1017
1016	1018
1016	1187
1016	1587
1016	1663
1016	1915
1016	2010
1016	2257
1017	2238
1021	1694
1021	1719
1021	1917
1021	2213
1022	1498
1022	1545
1023	1028
1028	1028
1028	1413
1028	1433
1028	1434
1028	1740
1028	1741
1028	1742
1038	1038
1038	1039
1038	1040
1038	1484
1038	1521
1038	1590
1038	1721
1038	1767
1038	1887
1038	2148
1038	2273
1039	1281
1040	1309
1040	1554
1041	1041
1041	1043
1041	1044
1043	1726
1043	1912
1043	1966
1043	2143
1043	2248
1043	2257
1047	1047
1047	1048
1047	1049
1048	1452
1049	1049
1052	1052
1052	1053
1052	1058
1053	1053
1053	1227
1053	1268
1053	1269
1053	1271
1053	1272
1053	1273
1053	1326
1053	1379
1055	1055
1055	1521
1055	1550
1055	1602
1055	1672
1055	2141
1058	1058
1059	1059
1059	1060
1059	1900
1060	1294
1060	1613
1060	1714
1061	1061
1063	1063
1063	1183
1063	1311
1063	1321
1063	1500
1063	1744
1063	1815
1063	1839
1063	2034
1063	2145
1063	2280
1063	2283
1063	2284
1064	1064
1065	1707
1067	1067
1072	1087
1072	1563
1073	1087
1073	1429
1073	1849
1080	1429
1081	2224
1084	1563
1084	2224
1086	1326
1086	2257
1087	1087
1087	1089
1093	1974
1096	1171
1102	1103
1102	1105
1105	2329
1109	1392
1111	1114
1111	1122
1111	1606
1111	1900
1111	1952
1113	1114
1113	1117
1113	1122
1113	1629
1113	1952
1113	1972
1114	1114
1114	1117
1114	1122
1114	1124
1114	1767
1114	1952
1114	1983
1114	2251
1117	1117
1120	2308
1121	1121
1122	1952
1122	1983
1124	1124
1124	1125
1124	1126
1129	1129
1129	1130
1130	2188
1131	1131
1135	1175
1136	1136
1136	2022
1140	2261
1144	1144
1144	1177
1144	1208
1144	1520
1144	1584
1144	1719
1144	1720
1144	1721
1144	1723
1145	1376
1151	1738
1151	1983
1151	2257
1152	1188
1152	1392
1153	1153
1153	1154
1153	1155
1153	1156
1153	1157
1153	1158
1154	1154
1154	1155
1154	1157
1161	1161
1162	1162
1162	1163
1162	1164
1165	1165
1167	1167
1169	1645
1171	1171
1171	1415
1171	1416
1174	1174
1174	1175
1174	1177
1175	1739
1175	2334
1177	1714
1179	1192
1180	1936
1180	2153
1182	1208
1187	1294
1187	1674
1187	1710
1187	1726
1187	1806
1187	1861
1187	1923
1187	2100
1187	2290
1187	2306
1188	1188
1188	1189
1188	1190
1188	1192
1188	1193
1190	1491
1192	1509
1195	1195
1195	1196
1197	1197
1197	1198
1197	1199
1198	1368
1199	1350
1199	1368
1200	1200
1200	1202
1202	1203
1206	1206
1208	1208
1208	1211
1208	1212
1208	1518
1208	2119
1211	1443
1213	1213
1213	1214
1213	1215
1213	1412
1218	1218
1218	1219
1220	1220
1225	1225
1225	1226
1227	1273
1229	2334
1238	1238
1238	1239
1240	1240
1240	1242
1240	1243
1240	1244
1240	1245
1240	1443
1240	1674
1249	1249
1249	1250
1249	1962
1250	1570
1250	1915
1254	1726
1255	1557
1255	1703
1255	2277
1256	1828
1256	2006
1261	1261
1261	1263
1264	1599
1268	1273
1268	1326
1271	1273
1272	1273
1276	1321
1276	1666
1281	1281
1281	1282
1283	1284
1288	1423
1292	2078
1294	1294
1294	2308
1295	1767
1298	1298
1299	1299
1299	1300
1301	1301
1301	1302
1308	1308
1308	1309
1308	1310
1308	1585
1309	1310
1309	1585
1309	1685
1309	1925
1310	1585
1310	1621
1310	1685
1310	2101
1310	2315
1311	1311
1311	1313
1311	1315
1311	1316
1311	1317
1311	1318
1311	1320
1311	1321
1311	1443
1311	1912
1311	2251
1311	2261
1311	2308
1318	1318
1321	1787
1322	1322
1323	1323
1323	1324
1324	1880
1326	1326
1326	1327
1328	1328
1328	1330
1331	1331
1334	1334
1335	1335
1341	1726
1345	1900
1345	1966
1346	1346
1349	1349
1350	1350
1350	1351
1350	1554
1350	1582
1350	1983
1350	2220
1352	1353
1352	1354
1352	1355
1352	1356
1353	1357
1353	2173
1354	1358
1354	1896
1354	2022
1355	1357
1357	1357
1357	1358
1357	1359
1358	1358
1358	1443
1358	1614
1358	2138
1360	1360
1360	1361
1361	1361
1362	1362
1362	1363
1364	1364
1364	1366
1368	1368
1368	1369
1368	1370
1368	1371
1375	1375
1376	1378
1378	1593
1378	1656
1378	1908
1379	1379
1381	1381
1381	1382
1381	1383
1381	1384
1384	2220
1386	1386
1386	1387
1386	1388
1386	1390
1386	1391
1386	1646
1387	1388
1388	1388
1388	1390
1388	1767
1388	1828
1388	1848
1388	1960
1392	1392
1393	1393
1393	1480
1393	1517
1393	1642
1393	1721
1394	2209
1395	1395
1396	1396
1396	1877
1397	1397
1398	1398
1399	1399
1400	1400
1401	1401
1402	1402
1403	1403
1404	1404
1405	1405
1406	1406
1408	1408
1410	1410
1411	1411
1412	1412
1412	1413
1412	1414
1412	1458
1417	1417
1418	1418
1418	1509
1418	1573
1418	1734
1418	1735
1418	1736
1418	1737
1419	1419
1421	1421
1422	1422
1423	1423
1423	1424
1424	1424
1425	1425
1426	1426
1429	1429
1431	1431
1434	1983
1434	2144
1435	1435
1435	1449
1435	1587
1435	1600
1435	1647
1437	1437
1437	1438
1439	1439
1439	1912
1440	1962
1442	1442
1442	1443
1442	1479
1442	1482
1442	1520
1443	1476
1443	1493
1443	1509
1443	1518
1443	1521
1443	1525
1443	1551
1443	1568
1443	1581
1443	1594
1443	1624
1443	1691
1443	1858
1443	1884
1443	1885
1443	1886
1443	1887
1443	1889
1443	1890
1443	1891
1443	1892
1443	1893
1443	1894
1443	1896
1443	1897
1443	1899
1443	1900
1443	1901
1443	1902
1445	1445
1446	1446
1447	1447
1448	1448
1449	1449
1449	1896
1449	2022
1450	1450
1451	1451
1452	1452
1452	1453
1452	1454
1452	1455
1452	1456
1460	1460
1463	1463
1465	1465
1466	1466
1468	1468
1469	1469
1473	1473
1474	1474
1475	1476
1475	1477
1476	1771
1476	1915
1476	1948
1476	2138
1476	2141
1476	2273
1476	2308
1477	1647
1477	2053
1477	2273
1479	2056
1479	2252
1480	1491
1480	1707
1482	2238
1484	1527
1484	1726
1484	1969
1484	2022
1484	2040
1484	2273
1485	2334
1489	1635
1489	2022
1489	2238
1491	1613
1491	1614
1491	1956
1493	1613
1493	1966
1493	2022
1493	2036
1493	2073
1493	2138
1494	1714
1495	1849
1495	1966
1496	1533
1496	1559
1496	1635
1496	1702
1496	2053
1497	1962
1497	2257
1498	2078
1500	1972
1500	2138
1506	1931
1509	1666
1509	1682
1509	1685
1509	1702
1509	1880
1509	1983
1509	2267
1509	2336
1513	1514
1513	1515
1513	1516
1513	1517
1516	1554
1516	1563
1516	1614
1516	1726
1517	1585
1517	1726
1517	2002
1517	2073
1517	2077
1517	2329
1518	1896
1518	2122
1518	2308
1520	1629
1520	1726
1520	1805
1520	1896
1520	1900
1520	2238
1521	1614
1521	1674
1521	1948
1521	2022
1521	2138
1521	2267
1525	1912
1527	1759
1530	1920
1532	1665
1532	2144
1532	2224
1535	1582
1542	1554
1545	1966
1545	2022
1546	1726
1546	1948
1548	2022
1548	2171
1550	2022
1550	2273
1551	2022
1554	1563
1554	1646
1554	1695
1554	1696
1554	1699
1554	1701
1554	1702
1554	1703
1557	1621
1557	1944
1557	2053
1557	2056
1557	2126
1557	2208
1557	2257
1562	1621
1562	1966
1563	1647
1563	1721
1563	1996
1563	1997
1563	1999
1568	1586
1568	1600
1568	1791
1570	1917
1570	1989
1579	2251
1581	1726
1581	1900
1581	1983
1581	2251
1582	1583
1585	1586
1585	1587
1585	1685
1587	1674
1587	1806
1587	1923
1587	2306
1589	1788
1589	1789
1589	1828
1589	1925
1590	1948
1590	1983
1590	2138
1593	1827
1593	2012
1593	2022
1593	2266
1593	2334
1594	1605
1594	1682
1594	1966
1594	2267
1599	1613
1599	1802
1599	1804
1599	1896
1599	1962
1599	2022
1600	1647
1600	2022
1602	1613
1602	1647
1602	2138
1602	2266
1605	1624
1605	2013
1605	2022
1605	2078
1605	2138
1605	2238
1606	1639
1606	2078
1610	1925
1610	2022
1610	2122
1614	1619
1614	1620
1614	1621
1621	1637
1621	1760
1621	1761
1621	1762
1621	1886
1621	1966
1621	1972
1621	1983
1624	1629
1624	2248
1624	2252
1624	2266
1624	2308
1625	1626
1629	1646
1629	1665
1629	1939
1629	1940
1630	1978
1630	2040
1631	1632
1636	1637
1637	1673
1637	2036
1639	1641
1642	1666
1642	1966
1642	2073
1642	2308
1645	1942
1646	1726
1646	1729
1646	1787
1646	1910
1646	1912
1646	1925
1646	1944
1646	2127
1646	2257
1646	2267
1646	2308
1647	1691
1647	1738
1647	1948
1647	2083
1647	2149
1647	2306
1651	1659
1651	1744
1651	1745
1651	1746
1656	2022
1665	1666
1665	1910
1665	1932
1665	1944
1665	1946
1665	1962
1665	2018
1665	2116
1665	2117
1665	2118
1665	2215
1665	2266
1666	1690
1666	1910
1666	1912
1666	1944
1666	1946
1666	1962
1666	2117
1666	2266
1669	1877
1669	2273
1674	1675
1674	1676
1674	1677
1682	2054
1685	1920
1690	1886
1691	1896
1691	1983
1691	2257
1691	2273
1691	2334
1695	1966
1695	2334
1702	2089
1703	2192
1707	1710
1707	1711
1707	1712
1707	1713
1710	1711
1710	1712
1710	1713
1710	2252
1714	1715
1714	1716
1719	1726
1719	1966
1720	1764
1721	1726
1721	2005
1726	2045
1726	2129
1726	2130
1726	2131
1726	2132
1726	2133
1727	2318
1733	2022
1738	1739
1739	1896
1739	1972
1739	2022
1739	2138
1739	2273
1742	1815
1744	2138
1751	1752
1751	1753
1751	1754
1752	1983
1753	1983
1767	1900
1767	1912
1767	1952
1767	1983
1767	2110
1767	2185
1771	1773
1775	2010
1776	1849
1781	2122
1781	2273
1782	2073
1787	1980
1788	1789
1788	1790
1789	1925
1789	2010
1789	2124
1795	2022
1805	1806
1805	1807
1806	2022
1812	2017
1820	2053
1820	2273
1820	2317
1824	1983
1828	1830
1828	2006
1830	2006
1834	2022
1837	2340
1846	1848
1849	1850
1849	1851
1851	2251
1858	1966
1858	2053
1861	1972
1871	1896
1876	1896
1876	2056
1877	1878
1877	1879
1880	1881
1884	1915
1884	2010
1886	2235
1896	1930
1896	2062
1896	2064
1896	2065
1896	2066
1896	2067
1897	2053
1899	2138
1899	2340
1900	1923
1900	1966
1900	1996
1906	1974
1910	1911
1910	1912
1910	1913
1910	1914
1912	1945
1912	2176
1912	2177
1912	2178
1912	2180
1912	2181
1912	2182
1915	1916
1915	1917
1915	1918
1915	1919
1917	2010
1917	2247
1919	1983
1919	2073
1919	2192
1919	2329
1920	1960
1944	1945
1948	1951
1954	2054
1960	2076
1962	1963
1962	1964
1962	1966
1962	1967
1963	2146
1966	2043
1966	2057
1966	2078
1966	2156
1966	2264
1971	2078
1972	1973
1974	1975
1974	1977
1974	1978
1983	1987
1983	1988
1983	1989
1989	2073
2004	2005
2005	2088
2006	2319
2006	2320
2007	2192
2013	2014
2022	2023
2022	2025
2022	2026
2022	2027
2022	2029
2038	2039
2040	2041
2040	2042
2043	2267
2046	2069
2053	2054
2053	2055
2054	2264
2056	2057
2065	2143
2073	2075
2078	2080
2097	2257
2110	2111
2119	2120
2120	2264
2122	2123
2122	2301
2126	2127
2126	2128
2127	2226
2138	2139
2138	2140
2138	2141
2142	2143
2142	2146
2143	2312
2144	2145
2150	2151
2158	2160
2164	2165
2164	2166
2164	2167
2173	2174
2176	2323
2189	2190
2209	2211
2216	2217
2220	2239
2257	2258
2257	2259
2261	2263
2273	2274
2273	2275
2275	2334
2291	2293
2297	2298
2308	2309
2308	2310
2323	2324
2334	2341
2336	2337
2338	2339
