# Undirected graph (each unordered pair of nodes is saved once): Results/Robustness/networks/networkYeastUNDstrategyDegreeremoved-0.1percent.txt
# Nodes: 2125 Edges: 2263
# NodeId	NodeId
1	1
1	2
1	3
2	1078
2	1246
2	1275
3	974
3	975
4	4
4	5
4	7
4	1880
7	265
7	426
7	1674
7	1923
7	2090
7	2202
8	8
9	9
10	10
10	907
10	2021
12	12
12	13
12	14
13	13
13	143
13	631
13	1527
13	1650
13	1651
13	1659
14	14
14	2289
15	15
15	676
15	1052
16	16
17	17
17	369
17	1334
17	1393
18	18
18	1192
19	19
19	980
19	1512
19	2188
20	20
20	21
20	22
21	593
21	920
21	1174
22	22
24	24
24	25
24	26
24	27
24	28
24	392
24	2328
27	392
27	1501
27	2220
28	392
28	2122
29	29
30	32
33	33
33	34
33	36
33	38
33	39
39	389
39	1069
39	1120
39	1246
39	1439
39	1449
39	2127
40	40
40	41
40	42
40	43
41	1739
44	44
44	45
44	46
44	47
44	48
45	45
45	48
45	1012
46	275
46	298
46	1225
48	48
48	49
49	173
49	317
49	683
49	1220
50	50
51	51
52	52
52	53
52	54
52	55
52	56
53	53
53	54
53	55
53	56
53	78
53	1491
54	54
54	55
54	56
54	1210
55	56
56	56
56	58
58	265
58	284
58	941
58	1022
58	1328
58	1450
58	1664
60	62
60	63
60	65
62	62
62	1221
63	63
63	375
63	851
63	852
65	65
65	377
65	944
66	66
66	1548
66	2171
66	2328
67	67
70	943
70	1210
70	1849
70	2119
70	2287
71	143
71	1102
71	1167
71	1346
71	1408
71	1582
71	1747
71	1827
72	396
72	823
72	976
73	714
73	752
73	1117
73	2143
74	319
74	709
74	1192
74	1247
74	1444
75	925
75	1117
75	1439
76	709
77	77
77	1679
79	79
79	80
79	81
79	82
79	84
80	554
80	1001
80	1006
80	1866
82	372
82	1378
82	1386
82	1805
82	2114
84	837
85	85
85	843
86	86
86	87
87	1475
88	89
90	90
90	91
90	92
91	92
92	92
92	188
92	1178
93	93
93	94
93	95
93	96
93	97
93	98
93	99
93	100
93	101
93	103
94	450
94	456
94	485
94	1153
94	1221
94	1381
95	1768
103	1768
104	104
104	105
106	106
107	107
107	108
107	109
107	110
107	112
107	113
107	1566
112	112
112	1478
112	1520
112	1961
114	114
114	1408
115	115
115	116
115	117
115	118
116	116
116	117
116	349
116	635
116	1130
116	1136
117	349
117	635
117	2260
118	975
119	119
122	1106
122	2017
123	125
123	129
123	799
123	1120
123	1521
123	1532
125	129
125	1596
125	2322
128	128
128	129
128	2038
129	129
130	249
130	456
130	638
130	652
130	653
130	1106
130	2017
133	243
133	427
133	443
133	546
133	1250
133	1511
133	1917
133	2331
136	1106
136	1582
137	400
137	490
139	139
139	140
139	141
139	142
139	2095
142	142
142	2095
143	143
143	144
143	611
143	1501
144	982
145	145
145	430
145	1679
145	1905
145	1934
145	2260
148	357
148	932
148	1011
148	1255
148	1458
148	2192
151	1261
151	1392
152	1201
154	845
154	1200
156	226
156	234
156	303
156	481
156	895
156	1651
156	1942
156	2268
157	1261
158	158
158	255
158	261
158	581
158	1201
159	844
159	1261
160	845
160	939
161	197
161	490
161	498
161	1011
161	1392
164	818
166	172
166	268
166	2278
166	2326
167	241
167	456
168	172
168	253
168	540
168	1259
168	1336
168	1582
169	172
169	490
171	490
172	172
172	237
172	638
172	1011
172	1106
172	1430
173	173
174	174
174	175
174	177
174	178
180	181
180	183
181	181
181	182
181	183
181	208
181	885
181	1170
182	183
183	183
183	946
183	947
183	948
183	950
184	265
184	426
184	1279
184	1674
184	1805
184	1806
184	1886
184	2090
184	2202
184	2306
187	896
187	1178
187	1281
187	1403
187	1422
188	1052
189	189
189	191
189	192
189	193
189	1535
189	1767
189	1822
189	2001
189	2290
191	1476
191	1521
192	1602
194	194
194	197
194	198
194	1432
194	1731
194	1732
194	1733
197	198
197	1618
197	1767
197	1775
198	633
198	647
198	837
198	1656
200	1283
201	611
202	350
202	356
202	394
202	490
203	490
203	657
203	2238
204	204
204	205
204	206
207	207
207	357
208	1289
211	211
211	213
213	296
213	447
213	520
213	1346
215	215
215	216
218	218
218	225
218	495
218	1787
219	480
220	220
220	389
220	1787
220	2015
222	472
223	1787
224	224
224	1046
225	225
226	226
226	616
226	708
226	709
226	710
226	1571
226	1572
228	2173
232	1131
232	1279
232	1307
232	1663
232	2072
233	233
233	970
233	978
234	234
234	335
234	337
234	1168
234	1169
237	298
237	435
237	454
237	541
237	709
237	1392
237	1449
239	885
239	920
239	1376
239	2006
240	240
241	241
241	243
241	444
243	1363
243	2104
243	2105
243	2106
247	247
247	547
247	548
247	823
249	249
249	652
249	653
249	1106
251	846
253	253
253	497
253	498
253	540
253	910
253	1099
253	1101
253	1259
255	255
255	1201
257	261
257	264
257	265
258	268
259	259
260	261
260	2261
261	261
261	263
261	264
261	267
261	268
261	314
263	268
263	503
263	509
263	673
263	1200
263	1201
264	265
264	267
265	265
265	268
268	268
268	545
268	611
268	990
268	991
273	1102
274	315
275	275
275	301
275	362
275	363
275	530
275	554
275	596
275	1224
275	2261
276	298
276	593
276	752
276	1052
276	1213
279	1444
282	657
282	1393
284	284
284	286
284	287
284	288
284	293
284	474
284	919
286	286
286	287
286	293
286	316
286	474
286	919
287	287
287	288
287	293
287	295
287	316
287	474
287	919
288	293
288	474
288	919
288	1003
293	293
293	919
293	1003
296	296
296	297
296	359
296	520
296	1247
298	298
298	300
298	301
298	303
298	581
300	1087
300	1120
300	1866
301	1225
301	1402
301	2223
303	303
303	625
306	2048
307	1259
315	315
315	316
315	317
316	316
316	317
319	319
319	320
319	1476
319	1695
321	325
322	325
322	523
322	674
322	1303
323	325
323	523
323	1303
324	325
325	325
325	429
325	1054
326	326
327	327
328	328
328	329
328	1953
328	2114
328	2172
328	2256
328	2270
329	1255
329	1922
329	2114
329	2172
329	2216
330	331
330	332
330	333
336	1213
339	339
339	340
339	342
339	343
339	344
339	345
339	347
339	348
344	2216
348	703
349	349
349	530
350	350
350	351
350	354
350	355
350	356
351	351
351	946
351	949
351	1056
351	1057
351	2070
355	1585
355	2356
356	356
356	393
356	394
357	357
357	358
357	359
357	360
357	1960
357	2006
357	2007
358	1520
358	1605
358	2352
359	359
361	361
361	362
361	363
361	364
361	1626
366	631
366	1200
366	1201
367	1200
368	1200
369	643
369	1166
369	1167
369	1281
369	1478
369	1589
369	1689
369	1802
370	1200
370	1201
371	1200
371	2216
372	372
372	373
372	374
372	375
372	2251
373	373
373	375
373	1011
373	1194
373	1994
373	2156
373	2266
374	430
375	392
375	435
375	439
375	447
376	376
376	377
376	652
376	1582
376	1772
376	2143
378	378
378	379
378	380
378	381
378	677
383	617
385	385
385	386
385	387
386	1557
386	1663
386	1695
386	2351
387	2215
389	389
393	394
395	395
396	396
396	397
396	400
397	397
397	692
400	1866
401	401
401	402
401	403
401	404
402	1098
402	1171
403	1171
405	405
406	406
406	407
406	408
406	409
406	554
407	554
410	410
411	411
411	412
411	413
411	414
411	415
411	861
411	2184
417	417
417	554
418	1880
426	1511
427	642
427	1019
427	1930
429	447
429	569
429	632
429	885
429	943
429	1323
430	1493
430	1502
430	2099
434	434
435	436
435	437
435	438
435	439
435	440
435	441
436	439
437	439
439	439
439	440
439	441
439	461
439	462
440	574
441	1232
441	2164
443	1102
446	446
446	1905
446	1921
446	2169
447	447
447	448
447	449
450	450
450	451
450	452
450	905
454	454
454	455
454	456
454	457
454	458
456	456
456	457
456	458
456	459
456	460
458	526
459	1001
461	1406
462	2164
464	464
465	465
465	466
465	467
465	468
465	469
465	470
465	471
466	466
469	2202
472	472
472	498
473	473
474	475
474	476
474	477
474	919
480	480
480	481
480	660
480	1288
481	481
482	482
483	483
483	484
484	1442
485	485
485	486
485	487
485	488
486	925
486	1117
489	489
489	1460
490	491
490	493
490	2216
493	804
493	1392
494	494
494	495
494	496
494	497
494	498
494	501
494	502
494	617
495	569
495	593
495	885
495	1281
495	1376
496	498
496	501
496	837
496	2090
496	2113
496	2353
497	498
497	501
497	617
497	1261
497	1392
498	501
498	502
498	1732
501	501
501	502
501	617
501	1136
501	1221
502	617
502	1172
503	503
503	504
503	506
503	507
503	509
503	1750
504	509
504	1645
504	2253
509	509
509	673
509	681
509	989
509	1201
509	1624
510	510
510	1167
510	1194
512	1194
513	513
514	514
515	515
517	517
518	1531
518	1920
518	2017
518	2238
519	1508
519	1685
520	520
521	521
522	522
523	523
524	524
524	1045
524	1515
524	1616
524	1718
524	1947
525	525
526	526
527	527
528	528
529	529
530	530
530	531
530	532
530	533
534	534
535	535
536	536
539	1573
540	540
540	541
540	542
540	712
541	541
541	542
541	1545
541	2092
544	709
544	2247
546	657
547	823
548	823
550	2137
550	2268
554	1020
554	1224
554	1638
554	1933
554	1934
555	555
555	617
555	657
555	981
555	1378
558	1052
565	565
565	946
568	1375
568	1630
569	569
569	570
569	571
569	2328
570	676
570	677
571	1444
572	572
573	573
574	574
574	2077
574	2119
575	575
575	576
575	577
575	578
575	579
578	1255
578	1393
580	580
580	581
581	851
582	582
582	2189
587	752
587	1346
587	2251
589	925
589	1117
589	1629
592	1052
593	593
593	752
593	1052
593	2009
594	1628
596	597
596	1052
596	1484
596	2265
597	1087
598	752
599	599
599	2016
600	600
601	601
601	1336
601	1418
601	2318
602	602
603	603
603	604
603	605
603	606
603	607
603	608
603	609
603	610
611	611
611	612
611	613
611	614
611	615
611	2307
616	616
616	708
617	617
617	618
617	619
622	823
625	1289
628	925
628	960
628	1117
628	1194
630	630
631	631
631	632
631	633
631	634
631	982
631	1022
631	2095
632	632
632	633
632	634
633	1422
633	2330
636	636
636	2155
637	637
638	638
638	639
639	1357
639	1358
642	1022
643	1022
643	1545
643	2019
643	2020
647	1001
651	1395
651	1403
652	652
652	653
652	2030
652	2110
652	2112
653	653
653	1812
657	1730
659	659
659	660
663	1766
663	2358
663	2359
663	2360
663	2361
665	1281
665	2144
668	1281
669	1281
670	670
673	673
673	676
673	677
674	676
674	677
676	677
676	682
676	2216
677	1479
677	1756
683	684
683	2327
684	684
684	1220
685	685
685	686
686	2189
687	845
687	1200
690	845
691	845
693	693
693	1460
693	1468
694	694
694	695
694	696
700	2188
701	702
703	703
703	704
703	705
703	2143
703	2204
704	2318
705	2143
705	2204
706	706
706	707
708	708
708	709
708	710
708	711
709	709
709	710
709	1582
710	710
712	712
712	713
713	1102
713	1259
713	2353
714	714
714	715
716	716
717	717
717	718
717	719
720	720
722	1194
722	2304
724	1236
725	2234
730	1171
730	1273
730	1926
730	1927
732	1509
733	1236
736	1236
740	1201
744	1232
744	1275
749	749
750	750
750	751
750	1496
750	2037
751	751
752	752
752	941
758	1386
768	1469
779	804
782	804
783	804
786	804
789	804
791	804
792	1261
798	804
800	1213
800	1221
802	802
802	1145
804	805
818	844
818	1255
818	1785
818	1919
818	1958
818	2191
818	2192
823	823
823	824
823	825
825	825
825	982
829	1045
829	1484
829	1624
830	2272
831	1066
834	837
834	2317
835	1638
835	1669
837	1610
837	1638
840	840
841	841
842	842
843	843
844	844
845	845
846	846
846	847
848	848
852	855
855	855
855	856
855	2094
857	1376
860	1008
860	1376
862	862
862	863
864	864
864	865
866	866
866	2091
870	2208
873	1392
877	877
877	878
877	1180
877	1690
883	2000
884	1771
885	885
885	886
885	887
887	1828
887	2070
887	2090
887	2141
891	891
891	892
891	894
893	893
894	894
896	896
896	897
896	898
896	899
896	900
896	901
897	901
898	901
899	901
900	901
901	901
902	902
902	903
902	904
903	2017
904	973
904	1011
904	1131
904	1174
905	905
905	906
905	907
905	908
905	909
905	910
907	1146
907	1147
907	1150
907	1886
907	2214
908	908
908	909
908	1374
908	2135
910	1259
910	2141
911	911
911	912
911	913
911	914
915	915
915	916
917	917
917	919
918	918
918	1132
918	1134
919	919
920	921
921	1376
921	1970
922	922
922	923
925	1117
926	1422
928	1386
928	1396
929	1422
930	1422
930	1667
931	931
932	932
932	933
934	934
934	935
934	936
934	937
934	938
934	939
934	940
934	1276
936	936
936	937
936	938
936	940
937	939
938	939
939	939
939	940
939	1367
939	2077
940	2147
941	941
942	942
943	943
943	2038
944	944
945	945
946	946
946	947
946	948
946	949
946	950
947	2084
951	952
951	953
951	954
951	955
951	956
951	957
951	958
959	960
960	960
960	962
960	963
960	964
960	967
960	978
960	979
963	1117
973	973
973	974
973	975
973	1434
973	1618
973	2045
974	974
974	975
974	1394
975	975
975	1457
975	2084
976	976
976	977
978	1175
980	980
980	1476
980	1491
982	1546
982	1579
982	1630
982	1852
982	1891
983	983
984	984
984	986
984	1953
984	2220
994	1527
997	1407
1001	1638
1003	1003
1006	1043
1006	1358
1006	1478
1006	1802
1006	2122
1006	2123
1006	2124
1007	1008
1007	2261
1008	1008
1008	1009
1008	2261
1011	1011
1011	1166
1011	1775
1012	1213
1014	1014
1015	1015
1017	2238
1019	1019
1022	1314
1022	1478
1022	1498
1022	1545
1031	1357
1031	1358
1031	1974
1031	2307
1037	2146
1039	1281
1040	1309
1040	1615
1040	2193
1040	2231
1040	2353
1043	1507
1043	2093
1043	2143
1043	2248
1044	1303
1045	1131
1046	1106
1047	1047
1047	1048
1047	1049
1049	1049
1050	1050
1051	1051
1052	1052
1059	1059
1059	1060
1060	1294
1060	1613
1061	1061
1062	1062
1064	1064
1066	1066
1066	1067
1067	1067
1069	1070
1069	1071
1069	1072
1069	1073
1069	1074
1069	1120
1070	1087
1071	1078
1071	1087
1072	1078
1072	1087
1073	1087
1073	1429
1073	1849
1077	1078
1078	1080
1078	1083
1078	1084
1078	1086
1078	2224
1080	1429
1081	2224
1084	1275
1084	2224
1086	1326
1087	1087
1087	1088
1087	1089
1093	1974
1096	1171
1098	1171
1102	1103
1102	1104
1102	1105
1104	2329
1105	2329
1106	1107
1106	1108
1106	1109
1106	1110
1109	1392
1111	1606
1113	1117
1113	1629
1116	2114
1117	1117
1120	2265
1121	1121
1123	1421
1124	1124
1124	1125
1124	1126
1124	1127
1124	1128
1130	2188
1131	1131
1132	1132
1132	1133
1132	1134
1135	1175
1136	1136
1136	2093
1139	1513
1139	1679
1139	1810
1139	1816
1139	2315
1140	2261
1145	1376
1146	1147
1146	1663
1146	1938
1146	2052
1147	1148
1147	1150
1147	1895
1151	1738
1152	1392
1153	1153
1153	1154
1153	1155
1153	1156
1153	1157
1153	1158
1154	1154
1154	1155
1154	1157
1159	2135
1161	1161
1161	1905
1162	1162
1162	1163
1162	1164
1165	1165
1167	1167
1169	1645
1170	1170
1171	1171
1171	1415
1171	1416
1172	1476
1172	1491
1172	1843
1172	1844
1172	1845
1174	1174
1174	1175
1174	1176
1174	1177
1175	1739
1178	1178
1178	1910
1179	1192
1180	1936
1180	2153
1183	1407
1190	1491
1192	1509
1192	1985
1194	1194
1194	2135
1195	1195
1195	1196
1197	1197
1197	1198
1197	1199
1198	1368
1199	1368
1200	1200
1206	1206
1210	1212
1210	1739
1212	1569
1213	1213
1213	1214
1213	1215
1213	1216
1213	1217
1218	1218
1218	1219
1220	1220
1221	1222
1225	1225
1225	1226
1227	1273
1227	1275
1229	1232
1232	1233
1232	1234
1232	1275
1233	2164
1235	1275
1238	1238
1238	1239
1247	1248
1251	1251
1255	1557
1255	1703
1255	2277
1256	1828
1256	2006
1259	1259
1259	1260
1261	1261
1261	1262
1261	1263
1267	1273
1268	1273
1268	1326
1271	1273
1272	1273
1272	1275
1273	1274
1273	1275
1275	1276
1276	1321
1276	1667
1276	1968
1276	2206
1279	1279
1279	1280
1281	1281
1281	1282
1283	1284
1283	1285
1287	2202
1288	1423
1289	1289
1289	1290
1289	1291
1289	1292
1289	1293
1294	1294
1295	1767
1298	1298
1299	1299
1299	1300
1301	1301
1301	1302
1303	1303
1303	1304
1308	1308
1308	1309
1308	1585
1309	1585
1309	1685
1309	1925
1318	1318
1321	1787
1322	1322
1323	1323
1323	1324
1324	1880
1326	1326
1326	1327
1328	1328
1328	1329
1328	1330
1331	1331
1332	1332
1332	1333
1333	1801
1334	1334
1335	1335
1336	1336
1345	2084
1346	1346
1346	1459
1348	1348
1349	1349
1352	1353
1352	1354
1352	1355
1352	1356
1353	1357
1353	2173
1354	1358
1355	1357
1357	1357
1357	1358
1357	1359
1358	1358
1360	1360
1360	1361
1361	1361
1362	1362
1362	1363
1364	1364
1364	1365
1364	1366
1368	1368
1368	1369
1368	1370
1368	1371
1372	1372
1372	1373
1373	1373
1375	1375
1375	1961
1376	1378
1378	1593
1378	1656
1378	1888
1378	1908
1379	1379
1380	1380
1380	1625
1381	1381
1381	1382
1381	1383
1381	1384
1384	2220
1385	1385
1386	1386
1386	1387
1386	1389
1386	1390
1386	1391
1389	1390
1392	1392
1393	1393
1393	1480
1393	1642
1393	1721
1394	2209
1395	1395
1396	1396
1396	1877
1397	1397
1398	1398
1399	1399
1400	1400
1401	1401
1402	1402
1403	1403
1404	1404
1404	1841
1405	1405
1406	1406
1407	1407
1408	1408
1409	1409
1410	1410
1411	1411
1417	1417
1418	1418
1418	1509
1418	1573
1418	1734
1418	1735
1418	1736
1418	1737
1419	1419
1421	1421
1422	1422
1423	1423
1423	1424
1424	1424
1425	1425
1426	1426
1429	1429
1431	1431
1432	1432
1434	2144
1437	1437
1437	1438
1439	1439
1442	1442
1442	1479
1442	1482
1442	1501
1442	1520
1444	1444
1445	1445
1446	1446
1447	1447
1448	1448
1449	1449
1450	1450
1451	1451
1456	2071
1460	1460
1460	1461
1460	1462
1463	1463
1464	1464
1465	1465
1466	1466
1467	1467
1468	1468
1469	1469
1470	1470
1471	1471
1471	1787
1472	1472
1473	1473
1474	1474
1475	1476
1475	1477
1476	1771
1476	2141
1476	2307
1478	1849
1478	1931
1478	2251
1478	2288
1479	2056
1479	2252
1480	1491
1480	1810
1480	2030
1480	2152
1480	2268
1482	2238
1484	1527
1484	1725
1484	1969
1489	1635
1489	2238
1491	1613
1491	1956
1491	2058
1493	1613
1493	1679
1493	2036
1495	1849
1496	1533
1496	1559
1496	1635
1496	1702
1496	2307
1498	2225
1498	2307
1501	1565
1501	2030
1502	1513
1502	1613
1502	1679
1502	1810
1502	1816
1502	2315
1503	1504
1505	1506
1506	1931
1506	2254
1507	1508
1507	1509
1507	1510
1507	1511
1508	1529
1508	1685
1508	1920
1509	1664
1509	1682
1509	1685
1509	1702
1509	1880
1509	2336
1510	2261
1511	2002
1513	1514
1513	1515
1513	1516
1515	1993
1516	1628
1516	1993
1518	2122
1520	1629
1520	1805
1520	2238
1521	1674
1523	2127
1526	2056
1526	2141
1526	2289
1527	1759
1530	1920
1531	2017
1532	2144
1532	2224
1534	1664
1535	1582
1537	1724
1545	1728
1545	1852
1548	2035
1548	2171
1557	1621
1557	1944
1557	2056
1557	2126
1557	2208
1558	2048
1560	1561
1560	1562
1560	1564
1562	1621
1564	1605
1564	1802
1564	2014
1564	2321
1565	1566
1565	1868
1577	1636
1577	2017
1577	2152
1577	2193
1579	2251
1580	2114
1581	2070
1581	2251
1582	1583
1583	2202
1585	1586
1585	1685
1589	1648
1589	1667
1589	1788
1589	1789
1589	1828
1589	1925
1593	1664
1593	1827
1593	2012
1593	2260
1593	2266
1594	1605
1594	1664
1594	1682
1602	1613
1602	1866
1602	2090
1602	2260
1602	2266
1605	1623
1605	1624
1605	2013
1605	2238
1606	1616
1606	1639
1606	2084
1608	1931
1610	1925
1610	2030
1610	2122
1610	2223
1615	1828
1615	1831
1615	1841
1615	2141
1615	2220
1616	1944
1616	2141
1618	1826
1618	1886
1618	2090
1621	1637
1621	1760
1621	1761
1621	1762
1621	1886
1624	1629
1624	2114
1624	2248
1624	2252
1624	2266
1625	1626
1625	1627
1627	1831
1628	1629
1628	1630
1628	1939
1629	1939
1629	1940
1630	1765
1630	1978
1631	1632
1633	1634
1636	1637
1637	1673
1637	2036
1638	1974
1638	2086
1638	2143
1639	1640
1639	1641
1641	2333
1642	1664
1645	1942
1645	1943
1650	1651
1650	2036
1650	2137
1651	1659
1651	1744
1651	1745
1651	1746
1651	2137
1667	1668
1667	1669
1669	1877
1670	2238
1673	2305
1674	1675
1674	1676
1674	1677
1682	2054
1685	1920
1685	2102
1689	2173
1690	1886
1702	2089
1703	2192
1708	1710
1709	1710
1710	1711
1710	1712
1710	1713
1710	1990
1710	2252
1719	2137
1719	2286
1720	1764
1720	2084
1721	1810
1721	2005
1721	2152
1724	1743
1727	1728
1727	2260
1727	2318
1738	1739
1739	2090
1741	1803
1742	1815
1747	1748
1747	1749
1751	1752
1751	1753
1751	1754
1755	1756
1755	1757
1755	1758
1763	1764
1765	1766
1767	2110
1767	2185
1769	2260
1771	1772
1771	1773
1772	1919
1772	2000
1772	2044
1775	2193
1776	1849
1778	1905
1779	2090
1781	2122
1781	2289
1785	2006
1787	1979
1787	1980
1788	1789
1788	1790
1789	1925
1789	2124
1793	2193
1805	1806
1805	1807
1806	1905
1810	1811
1812	2017
1814	2030
1820	2317
1828	1829
1828	1830
1828	2006
1829	2006
1830	2006
1831	1832
1831	1833
1835	2260
1836	2345
1837	2340
1838	1839
1838	1840
1841	1842
1846	1847
1846	1848
1847	2223
1847	2276
1849	1850
1849	1851
1851	2251
1858	2114
1866	1867
1876	2056
1876	2302
1877	1878
1877	1879
1880	1881
1880	1882
1882	1886
1886	2235
1886	2236
1886	2237
1899	2340
1905	1906
1905	1907
1905	1908
1906	1974
1908	2147
1910	1911
1910	1913
1910	1914
1917	2247
1919	1957
1919	2192
1919	2329
1920	1960
1922	2340
1923	1924
1942	2081
1944	1945
1945	2286
1947	2090
1953	1954
1953	1955
1954	2054
1957	1958
1960	2076
1963	2146
1971	2231
1974	1975
1974	1976
1974	1977
1974	1978
1974	2202
1981	1982
1990	1991
1990	1992
1994	1995
2001	2189
2001	2290
2004	2005
2004	2008
2005	2088
2006	2319
2006	2320
2007	2192
2011	2084
2013	2014
2030	2031
2030	2032
2030	2033
2038	2039
2045	2086
2046	2069
2048	2049
2054	2264
2056	2057
2057	2201
2058	2059
2058	2268
2060	2205
2065	2143
2068	2154
2070	2071
2084	2085
2100	2202
2110	2111
2114	2115
2119	2120
2119	2121
2120	2264
2122	2123
2122	2301
2126	2127
2126	2128
2127	2226
2135	2136
2142	2143
2142	2146
2143	2312
2144	2145
2150	2151
2158	2159
2158	2160
2162	2163
2164	2165
2164	2166
2164	2167
2173	2174
2173	2175
2176	2323
2189	2190
2193	2194
2202	2203
2206	2207
2209	2210
2209	2211
2216	2217
2216	2218
2220	2239
2231	2232
2231	2233
2254	2255
2261	2262
2261	2263
2268	2269
2270	2271
2291	2292
2291	2293
2297	2298
2302	2303
2323	2324
2323	2325
2336	2337
2338	2339
2353	2354
