# Undirected graph (each unordered pair of nodes is saved once): Results/Robustness/networks/networkYeastUNDstrategyRandomremoved-0.5percent.txt
# Nodes: 1181 Edges: 1884
# NodeId	NodeId
1	1
7	227
7	265
7	285
7	811
7	1016
7	1435
7	1443
7	1674
7	1923
11	11
11	56
11	64
11	172
11	910
11	994
11	996
13	13
13	143
13	631
13	1651
13	1659
14	14
16	16
17	17
17	1393
17	1568
17	1896
19	19
20	20
20	22
22	22
24	24
24	25
24	26
24	27
24	392
24	2328
27	392
27	2220
30	31
30	32
31	648
31	1028
31	1038
31	1346
31	1352
31	1357
31	1358
31	1707
31	1941
31	2334
33	33
33	35
33	37
35	133
35	163
35	165
35	228
35	277
35	432
35	1016
35	1767
35	1874
35	1876
37	116
37	172
37	249
37	490
37	1375
45	45
46	61
46	278
46	302
46	318
46	1021
46	1028
46	1208
46	1225
46	1714
51	51
55	56
56	56
56	58
58	227
58	265
58	284
58	941
58	1004
58	1328
58	1450
58	1896
58	1912
58	2022
61	61
61	64
61	301
61	302
61	341
61	382
61	418
61	421
61	423
61	430
61	643
61	644
61	646
61	649
61	656
61	658
61	767
61	1014
61	1028
61	1165
61	1413
61	1414
61	1427
61	1428
61	1915
61	2073
64	115
64	116
64	163
64	268
64	388
64	390
64	417
64	649
64	1038
64	1136
66	66
66	1548
66	2171
66	2328
67	67
69	195
69	334
69	717
69	984
69	1410
69	1554
72	753
72	823
72	849
72	1452
73	585
73	586
73	588
73	1114
73	1117
75	586
75	1038
75	1114
75	1117
75	1350
75	1439
78	120
78	135
78	1443
79	79
79	80
79	84
80	120
80	138
80	149
80	537
80	850
80	1001
80	2053
85	85
87	1475
90	90
90	91
93	93
93	94
93	95
93	96
93	97
93	100
94	664
94	1381
95	1768
104	104
106	106
107	107
107	108
107	110
107	664
107	1566
114	114
115	115
115	116
115	118
116	116
116	349
116	1130
116	1136
118	272
118	767
118	1412
118	2138
118	2267
120	120
120	127
120	128
120	129
120	131
120	133
120	135
120	137
120	138
120	141
120	169
120	238
120	268
120	334
120	544
120	652
120	762
120	815
120	820
120	822
120	834
120	903
120	921
120	985
120	1016
120	1135
120	1493
120	1557
120	1570
120	1599
120	1812
120	1813
120	1814
128	128
128	129
128	131
128	165
128	588
128	1912
129	129
131	131
131	133
131	135
131	138
131	165
131	171
131	241
131	246
131	248
131	444
131	1439
131	1440
133	135
133	165
133	290
133	302
133	427
133	492
133	537
133	546
133	697
133	1249
133	1250
133	1570
133	1915
133	1917
133	1962
133	2331
135	138
135	169
135	246
135	248
135	250
135	444
135	460
135	492
135	883
135	884
135	1021
135	1249
135	1250
135	1439
135	1440
135	1915
135	2010
135	2073
137	400
137	490
137	1021
138	165
138	246
138	290
138	301
138	302
138	460
138	492
138	985
138	996
138	1249
138	1440
138	1570
138	1915
138	1959
138	2017
139	139
139	141
139	142
142	142
143	143
143	144
145	145
145	430
145	1983
145	2022
149	149
149	153
149	154
149	155
149	689
149	691
149	943
149	992
149	1309
149	1517
149	1971
151	1261
152	153
152	155
152	679
152	689
153	153
153	155
153	158
153	159
153	688
153	689
153	691
153	985
153	1136
153	1200
153	1252
153	1257
153	1435
154	155
154	689
154	1200
155	155
155	263
155	689
155	691
158	158
158	255
158	581
158	688
158	988
158	992
159	844
159	1261
163	163
163	418
163	421
163	423
163	427
163	430
163	492
163	643
163	644
163	649
163	655
163	656
163	657
163	658
165	165
165	169
165	171
165	248
165	302
165	490
165	491
165	544
165	697
165	884
165	985
165	1249
165	1570
165	2073
165	2168
169	172
169	302
169	490
169	492
169	697
169	1249
169	1570
169	1915
169	2010
171	422
171	490
171	492
171	1412
171	1915
171	1962
171	2010
171	2073
172	172
172	272
172	638
172	996
172	1011
172	1443
172	2073
174	174
174	176
174	177
174	1038
176	176
176	361
176	461
176	737
176	744
176	811
176	849
176	1228
176	1230
176	1231
176	2164
184	209
184	227
184	265
184	285
184	1016
184	1674
184	1805
184	1886
184	2306
188	1052
189	189
189	190
189	191
189	1535
189	1587
189	1714
189	1767
189	2290
190	190
190	191
190	309
190	312
190	1252
190	1500
190	1962
190	2332
191	1476
194	194
194	195
194	198
194	1732
195	198
195	632
195	1113
195	1707
195	1861
195	2252
198	633
201	806
201	1452
202	302
202	394
202	490
204	204
208	1443
209	209
209	210
209	238
209	322
209	324
209	523
209	588
209	684
209	775
209	907
209	910
209	930
209	970
209	1111
209	1580
209	1587
209	1624
209	1653
209	1655
209	1702
209	1749
209	1855
209	1857
209	1858
209	1860
209	1861
209	1862
209	1863
209	1865
209	1912
209	2138
209	2308
209	2326
210	322
210	324
210	523
210	684
210	775
210	1004
210	1324
210	1443
210	1525
210	1582
210	1903
210	2053
210	2189
210	2267
215	215
217	217
217	220
217	223
217	389
217	659
217	911
220	220
220	389
220	1787
223	1787
226	226
226	616
226	710
226	1570
226	1572
227	227
227	228
227	233
227	238
227	877
227	1587
227	1688
228	1962
228	2173
233	233
233	970
233	978
238	238
238	479
238	824
238	1044
238	1326
238	1606
238	1896
238	1910
238	2022
238	2138
238	2334
240	240
241	241
241	444
241	1249
245	537
245	1915
246	302
246	1249
246	1962
247	247
247	823
248	492
248	1249
248	1570
249	249
249	652
249	996
250	302
255	255
255	688
255	988
256	1435
257	265
257	688
259	259
263	268
263	673
263	679
263	688
263	872
263	988
263	992
263	1200
263	1435
265	265
265	268
265	277
265	688
265	1435
268	268
268	272
268	492
268	644
268	688
268	806
268	990
268	992
268	1435
272	272
272	273
272	277
272	278
272	279
272	282
272	1714
273	1102
277	277
277	633
277	924
277	926
277	930
277	1422
278	278
278	301
278	824
278	1647
278	1816
282	657
282	1393
282	1443
282	1726
284	284
284	285
284	287
284	288
284	290
284	292
284	293
284	474
285	285
285	287
285	288
285	292
285	293
285	320
285	474
285	1587
287	287
287	288
287	290
287	292
287	293
287	474
288	292
288	293
288	474
290	292
290	293
290	444
290	474
290	883
290	1440
290	1477
290	1506
290	1533
290	1535
290	1536
290	1538
290	1539
292	292
292	293
292	474
292	917
293	293
296	296
296	499
300	390
300	985
300	1087
300	1120
301	302
301	318
301	1021
301	1028
301	1225
301	1402
301	1714
302	318
302	361
302	544
302	649
302	834
302	985
302	1016
302	1021
302	1028
302	1109
302	1136
302	1208
302	1224
302	1225
302	1249
302	1309
302	1630
302	1714
302	1775
302	1805
302	1960
302	2053
302	2055
302	2107
303	303
315	315
315	317
315	318
318	318
318	453
318	865
318	1109
318	1152
318	1264
322	523
322	674
322	775
330	331
330	332
334	334
334	336
334	337
334	581
334	1475
334	1613
334	1647
334	1896
334	1974
334	2012
334	2022
334	2250
336	1213
336	1412
339	339
339	340
339	341
339	342
339	344
339	382
341	341
341	342
341	344
341	382
341	384
342	382
344	382
344	850
349	349
353	588
353	1167
353	1606
353	1691
355	1585
355	1912
358	1605
361	361
361	362
361	1626
368	988
368	1200
372	372
372	374
372	375
372	697
372	1599
372	2022
374	430
374	1568
374	1599
374	1983
375	392
375	435
375	849
375	1016
376	376
376	377
376	537
376	652
376	836
376	1582
376	1726
376	1896
376	2022
376	2334
377	595
382	382
382	384
382	850
385	385
385	386
385	387
385	388
386	1557
386	1663
386	2351
387	2215
388	388
388	589
388	684
388	823
388	829
388	830
388	1484
389	389
389	390
390	390
390	622
390	746
390	985
390	1072
390	1087
390	1089
390	1091
390	1119
390	1120
390	2164
393	394
397	397
397	692
402	1707
405	405
410	410
417	417
417	422
417	1412
418	644
421	644
421	996
421	1028
422	422
422	424
422	492
422	544
422	575
422	1004
422	1412
422	1413
422	1414
423	644
427	644
427	1028
427	1930
430	644
430	1493
435	436
435	437
435	440
444	697
444	1249
453	453
453	907
453	1148
453	1149
457	1114
460	1714
460	2010
461	737
461	1068
461	1406
462	537
462	2164
464	464
466	466
473	473
474	475
474	476
474	477
481	481
483	483
486	586
486	588
486	1114
486	1117
490	491
490	492
490	493
491	492
491	697
491	872
491	1249
491	1962
491	2010
492	544
492	546
492	644
492	649
492	826
492	834
492	921
492	1016
492	1017
492	1099
492	1814
492	1916
492	1917
492	2227
492	2228
492	2229
493	775
493	806
495	569
495	1281
495	1452
496	499
496	1435
496	1896
496	2113
496	2138
499	499
499	1324
499	1358
499	1579
499	1581
499	1655
499	1660
499	1714
499	1945
510	510
510	1038
510	1167
515	515
516	516
522	522
523	523
524	524
524	1515
524	1947
525	525
526	526
527	527
528	528
529	529
536	536
537	550
537	595
537	826
537	1017
537	1589
537	1590
537	1591
537	1592
537	1593
537	1597
544	697
544	1021
544	1915
544	1962
544	2073
544	2247
546	644
546	657
550	850
550	1614
551	767
556	1726
558	1052
568	1375
568	1630
569	569
569	571
569	2328
571	1038
575	575
575	576
575	577
581	851
581	2010
585	585
585	586
585	588
585	959
585	1038
585	1114
585	1117
585	1118
585	1350
585	1614
585	1912
585	2119
586	586
586	588
586	589
586	684
586	1111
586	1113
586	1114
586	1117
586	1726
586	1983
588	589
588	1038
588	1111
588	1113
588	1114
588	1117
588	1350
588	1442
588	1509
588	1624
588	1767
588	1801
588	1983
588	2043
588	2138
589	1114
589	1117
595	595
595	598
595	858
595	859
595	860
595	985
595	1435
595	1726
595	1932
595	2290
596	1052
596	1484
598	985
598	1599
602	602
616	616
622	823
630	630
631	631
631	632
631	633
631	1114
631	1896
632	632
632	633
632	1554
633	1422
633	1554
636	636
636	2155
637	637
638	638
638	639
639	1357
639	1358
643	644
643	1016
643	1028
643	1545
643	2020
644	644
644	646
644	648
644	649
644	656
644	657
644	658
644	865
644	959
644	962
644	972
644	1020
644	1021
644	1023
644	1024
644	1028
644	1774
648	669
648	846
648	877
648	985
648	1028
648	1509
648	1517
648	1602
648	1799
652	652
652	1435
652	1896
652	1962
652	2110
652	2112
656	2308
658	1028
659	659
659	660
659	671
659	1554
663	1766
663	2361
664	664
664	665
664	668
664	669
665	1281
665	1912
665	1983
665	2144
668	1281
669	1281
670	670
671	671
671	673
671	674
671	677
671	679
673	673
673	677
674	677
674	679
674	1311
677	679
684	684
684	1220
685	685
688	691
688	990
688	1203
688	1205
689	689
689	691
689	1200
691	1028
693	693
693	1460
693	1468
697	697
697	698
697	1249
701	702
705	2204
710	710
710	1016
715	1962
717	717
717	718
717	719
724	737
724	1068
724	1236
724	2308
725	737
725	1068
726	737
726	1068
728	737
728	1068
732	737
732	1068
732	1509
734	737
734	1068
736	737
736	1068
736	1236
737	737
737	740
737	744
737	1236
740	1068
744	811
746	1452
749	749
751	751
753	753
753	754
753	755
753	758
753	761
753	762
753	763
753	764
753	767
753	771
753	773
754	767
758	767
761	767
762	767
763	767
764	767
767	771
767	773
767	814
767	815
767	816
767	819
767	820
767	822
775	775
775	776
775	780
775	781
775	782
775	786
775	787
775	788
780	806
781	806
782	806
782	888
786	806
788	1068
798	806
798	888
799	806
801	806
801	888
802	802
802	1145
806	808
806	811
811	811
811	824
811	1230
811	1268
811	1272
811	1273
811	1326
811	1379
811	1581
811	1587
823	823
823	824
823	825
823	826
824	1972
824	2022
825	825
826	826
826	941
826	1192
826	1295
826	1311
826	1350
826	1435
826	1896
826	2022
826	2249
826	2287
829	1484
829	1624
830	2138
834	1714
834	2073
836	1590
836	1602
836	1886
836	2003
838	1388
840	840
842	842
844	844
846	846
846	847
849	849
849	856
850	850
850	853
850	1912
860	1008
862	862
866	866
877	877
877	878
883	1016
884	1249
887	1614
887	1647
887	2138
888	888
888	889
888	891
888	892
888	894
891	891
891	892
891	894
894	894
896	896
896	899
896	901
899	901
901	901
902	902
902	903
903	2017
907	1886
907	1962
907	2214
910	996
910	2267
911	911
911	914
917	917
926	1422
930	1422
931	931
932	932
932	933
933	1726
941	941
942	942
943	943
943	1726
944	944
951	952
951	954
951	957
951	958
959	960
959	972
960	960
960	962
960	967
960	972
960	978
960	979
962	972
965	972
965	1114
967	972
967	1443
970	972
970	1554
972	972
972	978
972	1114
972	1135
974	974
978	1175
984	984
984	985
984	2220
988	988
988	989
988	1205
989	992
990	992
990	1435
992	993
996	996
996	1099
996	1297
1004	1004
1004	1005
1004	1619
1004	1825
1004	1826
1004	2138
1008	1008
1008	1009
1011	1011
1011	1166
1011	1775
1014	1014
1015	1015
1016	1016
1016	1017
1016	1018
1016	1587
1016	1663
1016	1915
1016	2010
1017	2238
1021	1694
1021	1719
1021	1917
1021	2213
1023	1028
1028	1028
1028	1413
1028	1433
1028	1434
1028	1740
1028	1741
1028	1742
1038	1038
1038	1484
1038	1590
1038	1721
1038	1767
1038	1887
1038	2148
1048	1452
1049	1049
1052	1052
1061	1061
1064	1064
1065	1707
1067	1067
1072	1087
1073	1087
1073	1429
1073	1849
1080	1429
1081	2224
1086	1326
1087	1087
1087	1089
1093	1974
1102	1105
1105	2329
1111	1114
1111	1606
1111	1900
1113	1114
1113	1117
1113	1972
1114	1114
1114	1117
1114	1124
1114	1767
1114	1983
1117	1117
1120	2308
1124	1124
1131	1131
1135	1175
1136	1136
1136	2022
1154	1154
1154	1155
1154	1157
1165	1165
1167	1167
1169	1645
1174	1174
1174	1175
1174	1177
1175	2334
1177	1714
1182	1208
1190	1491
1192	1509
1195	1195
1195	1196
1197	1197
1197	1198
1197	1199
1199	1350
1200	1200
1206	1206
1208	1208
1208	1212
1208	2119
1213	1213
1213	1215
1213	1412
1220	1220
1225	1225
1225	1226
1238	1238
1249	1249
1249	1250
1249	1962
1250	1570
1250	1915
1261	1261
1261	1263
1264	1599
1268	1273
1268	1326
1271	1273
1272	1273
1281	1281
1288	1423
1294	1294
1294	2308
1295	1767
1301	1301
1309	1585
1309	1925
1311	1311
1311	1313
1311	1317
1311	1318
1311	1443
1311	1912
1311	2308
1318	1318
1322	1322
1323	1323
1323	1324
1326	1326
1328	1328
1328	1330
1331	1331
1335	1335
1345	1900
1346	1346
1350	1350
1350	1351
1350	1554
1350	1582
1350	1983
1350	2220
1352	1353
1352	1354
1352	1355
1352	1356
1353	1357
1353	2173
1354	1358
1354	1896
1354	2022
1355	1357
1357	1357
1357	1358
1357	1359
1358	1358
1358	1443
1358	1614
1358	2138
1362	1362
1362	1363
1364	1364
1364	1366
1375	1375
1379	1379
1381	1381
1381	1382
1381	1383
1381	1384
1384	2220
1388	1388
1388	1390
1388	1767
1388	1848
1388	1960
1393	1393
1393	1517
1393	1642
1393	1721
1396	1396
1397	1397
1401	1401
1402	1402
1403	1403
1404	1404
1405	1405
1406	1406
1410	1410
1412	1412
1412	1413
1412	1414
1412	1458
1417	1417
1418	1418
1418	1509
1418	1573
1418	1734
1418	1735
1418	1737
1421	1421
1422	1422
1423	1423
1425	1425
1429	1429
1434	1983
1434	2144
1435	1435
1435	1587
1435	1600
1435	1647
1439	1439
1439	1912
1440	1962
1442	1442
1442	1443
1442	1482
1443	1476
1443	1493
1443	1509
1443	1525
1443	1551
1443	1568
1443	1581
1443	1624
1443	1691
1443	1858
1443	1884
1443	1886
1443	1887
1443	1889
1443	1890
1443	1891
1443	1892
1443	1893
1443	1894
1443	1896
1443	1897
1443	1900
1443	1902
1445	1445
1448	1448
1450	1450
1451	1451
1452	1452
1452	1454
1452	1455
1452	1456
1460	1460
1463	1463
1465	1465
1466	1466
1468	1468
1469	1469
1473	1473
1475	1476
1475	1477
1476	1915
1476	2138
1476	2308
1477	1647
1477	2053
1482	2238
1484	1726
1484	2022
1485	2334
1489	2022
1489	2238
1491	1613
1491	1614
1491	1956
1493	1613
1493	2022
1493	2036
1493	2073
1493	2138
1494	1714
1495	1849
1496	1533
1496	1702
1496	2053
1500	1972
1500	2138
1509	1682
1509	1702
1509	1983
1509	2267
1509	2336
1513	1515
1513	1516
1513	1517
1516	1554
1516	1614
1516	1726
1517	1585
1517	1726
1517	2073
1517	2329
1525	1912
1535	1582
1545	2022
1546	1726
1548	2022
1548	2171
1551	2022
1554	1696
1554	1699
1554	1701
1554	1702
1554	1703
1557	1944
1557	2053
1557	2056
1557	2126
1568	1586
1568	1600
1568	1791
1570	1917
1570	1989
1581	1726
1581	1900
1581	1983
1582	1583
1585	1586
1585	1587
1587	1674
1587	1923
1587	2306
1589	1788
1589	1789
1589	1925
1590	1983
1590	2138
1593	1827
1593	2012
1593	2022
1593	2266
1593	2334
1599	1613
1599	1802
1599	1896
1599	1962
1599	2022
1600	1647
1600	2022
1602	1613
1602	1647
1602	2138
1602	2266
1605	1624
1605	2013
1605	2022
1605	2138
1605	2238
1606	1639
1610	1925
1610	2022
1610	2122
1614	1619
1614	1620
1624	2248
1624	2252
1624	2266
1624	2308
1625	1626
1630	1978
1631	1632
1637	1673
1637	2036
1639	1641
1642	2073
1642	2308
1645	1942
1647	1691
1647	1738
1647	2083
1647	2149
1647	2306
1651	1659
1651	1744
1651	1745
1665	1910
1665	1932
1665	1944
1665	1946
1665	1962
1665	2018
1665	2116
1665	2118
1665	2215
1665	2266
1674	1675
1674	1676
1674	1677
1682	2054
1691	1896
1691	1983
1691	2334
1702	2089
1703	2192
1707	1710
1707	1711
1707	1713
1710	1711
1710	1713
1710	2252
1714	1715
1719	1726
1720	1764
1721	1726
1721	2005
1726	2045
1726	2129
1726	2130
1726	2133
1727	2318
1744	2138
1753	1983
1767	1900
1767	1912
1767	1983
1767	2110
1767	2185
1775	2010
1776	1849
1781	2122
1782	2073
1787	1980
1788	1789
1789	1925
1789	2010
1789	2124
1795	2022
1805	1807
1812	2017
1820	2053
1834	2022
1846	1848
1849	1850
1858	2053
1861	1972
1871	1896
1876	1896
1876	2056
1884	1915
1884	2010
1886	2235
1896	1930
1896	2064
1896	2065
1896	2066
1896	2067
1897	2053
1900	1923
1900	1996
1906	1974
1910	1911
1910	1912
1910	1914
1912	1945
1912	2176
1912	2177
1912	2178
1912	2180
1912	2181
1912	2182
1915	1916
1915	1917
1915	1918
1915	1919
1917	2010
1917	2247
1919	1983
1919	2073
1919	2192
1919	2329
1920	1960
1944	1945
1954	2054
1960	2076
1962	1963
1962	1964
1963	2146
1972	1973
1974	1975
1974	1977
1974	1978
1983	1987
1983	1988
1983	1989
1989	2073
2007	2192
2013	2014
2022	2023
2022	2025
2022	2026
2022	2027
2043	2267
2046	2069
2053	2054
2053	2055
2054	2264
2056	2057
2073	2075
2110	2111
2119	2120
2120	2264
2122	2123
2122	2301
2126	2127
2126	2128
2127	2226
2138	2140
2142	2146
2144	2145
2164	2165
2164	2166
2173	2174
2176	2323
2189	2190
2209	2211
2220	2239
2308	2309
2308	2310
2323	2324
2334	2341
2336	2337
2338	2339
