# Undirected graph (each unordered pair of nodes is saved once): Results/Robustness/networks/networkYeastUNDstrategyCentralityremoved-0.2percent.txt
# Nodes: 1889 Edges: 1641
# NodeId	NodeId
1	1
1	3
3	974
3	975
3	996
8	8
9	9
10	10
10	907
10	2021
12	12
12	13
12	14
13	13
13	143
13	1527
13	1650
13	1651
13	1659
14	14
14	2289
15	15
16	16
17	17
17	1334
17	1393
17	1568
18	18
19	19
19	980
19	1512
19	2188
22	22
24	24
24	25
24	26
24	27
24	28
24	392
24	2328
27	392
28	392
28	2122
29	29
30	32
33	33
33	34
33	36
33	38
40	40
40	41
40	42
40	43
44	44
44	45
44	47
44	48
45	45
45	48
45	1012
48	48
50	50
51	51
52	52
52	53
52	55
52	56
53	53
53	55
53	56
53	78
53	1491
55	56
56	56
65	65
65	377
65	944
66	66
66	1548
66	2171
66	2328
67	67
74	319
74	709
74	1247
74	1444
74	1568
75	583
75	1439
76	709
77	77
77	1679
78	134
79	79
79	81
79	84
85	85
85	843
86	86
86	87
87	1475
88	89
90	90
90	91
90	92
91	92
91	111
92	92
92	1178
93	93
93	95
93	96
93	97
93	98
93	99
93	100
93	101
93	102
93	103
95	102
95	1768
96	102
97	102
98	102
99	102
100	102
101	102
102	102
102	103
102	1325
103	1768
104	104
104	105
106	106
107	107
107	108
107	109
107	110
107	111
107	113
107	1566
110	111
111	630
111	1506
111	1566
111	2240
111	2241
111	2242
111	2243
111	2244
111	2245
111	2246
114	114
114	1408
119	119
121	134
125	129
125	134
125	1596
125	2322
129	129
129	134
130	134
130	249
130	456
130	638
130	653
130	2017
134	134
134	249
137	400
137	1240
139	139
139	140
139	141
139	142
139	2095
142	142
142	2095
143	143
143	144
144	982
154	845
159	844
159	1261
173	173
174	174
174	175
174	177
174	178
187	896
187	1178
187	1403
187	1422
189	189
189	190
189	191
189	192
189	193
189	1535
189	1822
189	2001
189	2290
190	190
190	191
190	192
190	309
190	310
190	311
190	312
190	313
190	1252
190	1500
190	2001
190	2283
190	2332
200	1283
204	204
204	205
204	206
207	207
208	1289
211	211
215	215
215	216
222	472
223	1787
224	224
224	1046
225	225
226	226
226	616
226	708
226	709
226	710
226	1570
226	1571
226	1572
228	2173
232	236
232	1131
232	1279
232	1307
232	1663
232	2072
233	233
233	236
233	338
233	970
233	978
234	234
234	236
234	335
234	337
234	338
234	1168
234	1169
236	236
236	685
236	686
236	1131
236	1305
236	1306
236	1307
236	2082
236	2084
236	2206
240	240
241	241
241	444
247	247
247	547
247	548
248	1570
249	249
249	653
249	996
251	846
251	996
257	261
257	264
259	259
260	261
260	2261
261	261
261	264
261	267
261	314
264	267
273	1102
274	315
275	275
275	280
275	362
275	363
275	530
275	1224
275	2261
279	1444
280	280
280	361
280	362
280	363
280	364
282	657
282	1393
284	284
284	285
284	286
284	287
284	288
284	289
284	291
284	292
284	293
284	474
284	919
285	285
285	286
285	287
285	288
285	289
285	291
285	292
285	293
285	320
285	474
285	919
286	286
286	287
286	289
286	291
286	292
286	293
286	316
286	474
286	919
287	287
287	288
287	289
287	291
287	292
287	293
287	295
287	316
287	474
287	919
288	289
288	291
288	292
288	293
288	474
288	919
288	1003
289	289
289	291
289	292
289	293
289	474
289	917
289	919
289	1003
291	291
291	292
291	293
291	316
291	474
291	919
291	1436
292	292
292	293
292	316
292	474
292	917
292	918
292	919
293	293
293	919
293	1003
296	296
296	297
296	520
296	1247
306	2048
307	996
307	1259
315	315
315	316
315	317
316	316
316	317
319	319
319	320
319	1695
321	325
321	1870
322	325
322	523
322	674
322	1303
323	325
323	523
323	1303
324	325
325	325
325	1054
326	326
327	327
330	331
330	332
330	333
335	338
337	338
338	338
338	507
338	590
338	1168
338	1169
338	1394
338	1704
338	1705
338	1706
339	339
339	340
339	341
339	342
339	343
339	344
339	345
339	346
339	347
339	348
339	382
339	1129
341	341
341	342
341	343
341	344
341	346
341	347
341	348
341	382
341	383
341	384
341	1129
342	346
342	382
342	1129
343	346
343	382
343	1129
344	346
344	382
344	1129
344	2216
345	346
345	382
345	1129
346	346
346	347
346	348
346	382
346	383
346	401
346	1129
347	382
347	1129
348	382
348	1129
349	349
349	530
350	350
350	354
350	355
350	356
355	1585
355	2356
356	356
356	393
356	394
358	2352
361	361
361	362
361	363
361	364
361	1626
374	430
374	1568
378	378
378	379
378	380
378	381
378	677
382	382
382	383
382	384
382	617
382	1129
383	617
383	1129
385	385
385	387
387	2215
389	389
389	391
391	391
391	1069
391	1070
391	1072
391	1073
391	1074
391	1075
391	1439
393	394
395	395
397	397
397	692
400	1866
401	401
401	403
401	404
401	1129
405	405
406	406
406	407
406	408
406	409
407	1188
410	410
411	411
411	412
411	413
411	414
411	415
411	861
411	2184
418	1880
421	996
426	1511
427	1019
427	1930
430	2099
434	434
435	436
435	437
435	438
435	440
435	441
440	574
441	2164
443	1102
443	1570
444	2040
446	446
446	1905
446	1921
446	2169
447	447
447	448
447	449
450	450
450	451
450	452
450	453
450	905
453	453
453	905
453	907
453	919
453	1146
453	1147
453	1148
453	1149
453	1150
453	2313
453	2314
454	454
454	455
454	456
454	457
454	458
456	456
456	457
456	458
456	459
456	460
458	526
459	1001
462	2164
464	464
465	465
465	466
465	467
465	468
465	469
465	470
465	471
466	466
469	2202
472	472
473	473
474	475
474	476
474	477
474	919
481	481
482	482
483	483
483	484
484	1442
489	489
489	1460
500	501
500	502
500	550
500	617
500	983
500	1526
500	1670
500	1671
500	1672
501	501
501	502
501	617
502	617
502	1172
513	513
514	514
515	515
517	517
519	1508
519	1685
520	520
521	521
522	522
523	523
524	524
524	1515
524	1616
524	1718
524	1947
525	525
526	526
527	527
528	528
529	529
530	530
530	531
530	532
530	533
534	534
535	535
536	536
539	1573
540	540
540	541
540	542
540	583
540	712
541	541
541	542
541	583
541	2092
542	583
545	1240
546	657
550	2137
550	2268
555	555
555	617
555	657
555	981
555	1378
565	565
568	1375
568	1630
569	569
569	571
569	2328
571	1444
572	572
573	573
574	574
574	2077
574	2119
575	575
575	576
575	577
575	579
580	580
582	582
582	2189
583	583
583	589
589	1629
594	1628
597	1087
599	599
599	2016
600	600
601	601
601	1418
601	2318
602	602
603	603
603	604
603	605
603	606
603	607
603	608
603	609
603	610
616	616
616	708
617	617
617	618
617	619
630	630
636	636
636	2155
637	637
638	638
638	639
639	1357
643	1022
643	2019
643	2020
647	1001
651	1395
651	1403
653	653
653	1812
657	1730
663	1188
663	1766
663	2358
663	2359
663	2360
663	2361
665	2144
673	673
673	677
674	677
677	1479
677	1756
683	684
683	2327
684	684
684	1220
685	685
685	686
686	2189
687	845
690	845
691	845
693	693
693	1460
693	1468
694	694
694	695
694	696
700	1129
700	2188
701	702
704	2318
705	2204
706	706
706	707
708	708
708	709
708	710
708	711
709	709
709	710
710	710
712	712
712	713
713	1102
713	1259
713	2353
714	714
714	715
716	716
717	717
717	718
717	719
720	720
725	2234
749	749
750	750
750	751
750	1496
750	2037
751	751
754	765
756	765
758	765
758	1386
759	765
762	765
763	765
764	765
765	765
765	766
765	771
765	772
765	773
765	774
765	820
768	1469
779	804
783	804
783	888
786	804
790	888
791	804
791	888
792	1261
804	805
825	825
825	982
830	2272
831	1066
835	1669
836	1066
836	1595
836	1852
836	1949
836	2003
840	840
841	841
842	842
843	843
844	844
845	845
846	846
846	847
848	848
852	855
855	855
855	856
855	2094
862	862
862	863
863	1870
864	864
864	865
866	866
866	2091
870	2208
883	2000
884	1771
888	888
888	889
888	890
888	891
888	892
888	894
891	891
891	892
891	894
893	893
894	894
896	896
896	897
896	898
896	899
896	900
896	901
897	901
898	901
899	901
900	901
901	901
902	902
902	903
903	2017
905	905
905	906
905	907
905	908
905	909
905	910
907	1146
907	1147
907	1150
907	2214
908	908
908	909
908	1374
908	2135
910	996
910	1259
911	911
911	912
911	913
911	914
915	915
915	916
917	917
917	919
918	918
918	1132
918	1134
919	919
920	921
921	1970
922	922
922	923
926	1422
928	1386
928	1396
929	1422
930	1422
930	1667
931	931
932	932
932	933
936	936
936	937
936	938
936	940
940	2147
942	942
943	943
943	2038
944	944
945	945
947	2084
951	952
951	953
951	954
951	955
951	956
951	957
951	958
959	960
959	966
959	972
960	960
960	962
960	963
960	964
960	966
960	967
960	972
960	978
960	979
961	966
962	966
962	972
963	966
963	972
964	972
965	966
965	972
966	967
966	968
966	970
966	972
966	1116
966	2046
966	2047
967	972
970	972
972	972
972	978
972	1116
972	1135
973	973
973	974
973	975
973	1434
973	2045
974	974
974	975
974	1394
975	975
975	1457
975	2084
976	976
976	977
978	1175
980	980
980	1491
982	1546
982	1579
982	1630
982	1852
982	1891
983	983
984	984
984	986
984	1953
994	1527
996	996
996	1099
996	1101
996	1259
996	1296
996	1297
997	1407
1003	1003
1007	1008
1007	2261
1008	1008
1008	1009
1008	2261
1014	1014
1015	1015
1019	1019
1022	1314
1022	1498
1037	2146
1044	1303
1047	1047
1047	1048
1047	1049
1049	1049
1050	1050
1051	1051
1059	1059
1059	1060
1060	1294
1060	1613
1061	1061
1062	1062
1064	1064
1066	1066
1069	1070
1069	1072
1069	1073
1069	1074
1070	1087
1072	1087
1073	1087
1073	1429
1073	1849
1080	1429
1087	1087
1087	1088
1087	1089
1093	1974
1102	1103
1102	1104
1102	1105
1104	2329
1105	2329
1116	2114
1121	1121
1123	1421
1124	1124
1124	1125
1124	1126
1124	1127
1124	1128
1129	1129
1129	1130
1130	2188
1131	1131
1132	1132
1132	1133
1132	1134
1135	1175
1140	2261
1146	1147
1146	1663
1146	1938
1146	2052
1147	1148
1147	1150
1147	1895
1151	1738
1152	1188
1153	1153
1153	1154
1153	1155
1153	1156
1153	1157
1153	1158
1154	1154
1154	1155
1154	1157
1159	2135
1161	1161
1161	1905
1162	1162
1162	1163
1162	1164
1165	1165
1167	1167
1169	1645
1170	1170
1172	1491
1172	1843
1172	1844
1172	1845
1175	2334
1178	1178
1178	1870
1178	1910
1180	1936
1180	2153
1183	1407
1188	1188
1188	1189
1188	1190
1188	1191
1188	1193
1188	1372
1190	1491
1195	1195
1195	1196
1197	1197
1197	1198
1197	1199
1198	1368
1199	1368
1206	1206
1210	1212
1212	1569
1218	1218
1218	1219
1220	1220
1225	1225
1225	1226
1229	2334
1233	2164
1238	1238
1238	1239
1240	1240
1240	1241
1240	1242
1240	1243
1240	1244
1240	1245
1240	1674
1247	1248
1250	1570
1251	1251
1255	1703
1255	2277
1256	1828
1256	2006
1259	1259
1259	1260
1261	1261
1261	1262
1261	1263
1279	1279
1279	1280
1283	1284
1283	1285
1287	2202
1288	1423
1289	1289
1289	1290
1289	1291
1289	1292
1289	1293
1294	1294
1298	1298
1299	1299
1299	1300
1301	1301
1301	1302
1303	1303
1303	1304
1308	1308
1308	1585
1318	1318
1322	1322
1323	1323
1323	1324
1324	1880
1328	1328
1328	1329
1328	1330
1331	1331
1332	1332
1332	1333
1333	1801
1334	1334
1335	1335
1345	2084
1346	1346
1346	1459
1348	1348
1349	1349
1352	1353
1352	1354
1352	1355
1352	1356
1353	1357
1353	1870
1353	2173
1355	1357
1357	1357
1357	1359
1360	1360
1360	1361
1361	1361
1362	1362
1362	1363
1364	1364
1364	1365
1364	1366
1368	1368
1368	1369
1368	1370
1368	1371
1372	1372
1372	1373
1373	1373
1375	1375
1378	1656
1378	1888
1378	1908
1380	1380
1380	1625
1381	1381
1381	1382
1381	1383
1381	1384
1385	1385
1386	1386
1386	1387
1386	1389
1386	1390
1386	1391
1389	1390
1393	1393
1393	1642
1393	1721
1394	2209
1395	1395
1396	1396
1396	1877
1397	1397
1398	1398
1399	1399
1400	1400
1401	1401
1402	1402
1403	1403
1404	1404
1404	1841
1405	1405
1406	1406
1407	1407
1408	1408
1409	1409
1410	1410
1411	1411
1417	1417
1418	1418
1418	1573
1418	1734
1418	1735
1418	1736
1418	1737
1419	1419
1421	1421
1422	1422
1423	1423
1423	1424
1424	1424
1425	1425
1426	1426
1429	1429
1431	1431
1432	1432
1434	2144
1437	1437
1437	1438
1439	1439
1442	1442
1442	1479
1442	1482
1444	1444
1445	1445
1446	1446
1447	1447
1448	1448
1449	1449
1450	1450
1451	1451
1456	2071
1460	1460
1460	1461
1460	1462
1463	1463
1464	1464
1465	1465
1466	1466
1467	1467
1468	1468
1469	1469
1470	1470
1471	1471
1471	1787
1472	1472
1473	1473
1474	1474
1475	1477
1479	2056
1479	2252
1485	2334
1489	1635
1491	1613
1491	1956
1491	2058
1495	1849
1496	1533
1496	1559
1496	1635
1496	1702
1496	2307
1498	2225
1498	2307
1500	1972
1503	1504
1505	1506
1506	1931
1506	2254
1507	1508
1507	1510
1507	1511
1508	1529
1508	1685
1508	1920
1510	2261
1511	1570
1511	2002
1513	1514
1513	1515
1513	1516
1515	1993
1516	1628
1516	1993
1523	2127
1526	2056
1526	2289
1527	1759
1530	1920
1531	2017
1532	1665
1532	2144
1537	1568
1537	1724
1548	2035
1548	2171
1558	2048
1560	1561
1560	1562
1560	1564
1564	1802
1564	2014
1564	2321
1565	1566
1565	1868
1567	1568
1568	1586
1568	1600
1568	1791
1568	1792
1568	2183
1570	1785
1570	1917
1570	1989
1570	2011
1580	2114
1583	2202
1585	1586
1585	1685
1589	1667
1589	1788
1589	1789
1589	1828
1589	1925
1594	1682
1608	1931
1610	1925
1610	2030
1610	2122
1610	2223
1616	1944
1625	1626
1625	1627
1627	1831
1628	1629
1628	1630
1628	1939
1629	1665
1629	1939
1629	1940
1630	1765
1630	1978
1630	2040
1631	1632
1633	1634
1636	1637
1637	1673
1637	2036
1639	1640
1639	1641
1641	2333
1645	1942
1645	1943
1650	1651
1650	2036
1650	2137
1651	1659
1651	1745
1651	1746
1651	2137
1665	1869
1665	1910
1665	1932
1665	1944
1665	1946
1665	2018
1665	2035
1665	2116
1665	2117
1665	2118
1665	2215
1665	2266
1667	1668
1667	1669
1669	1877
1673	2305
1674	1675
1674	1676
1674	1677
1682	2054
1685	1920
1685	2102
1689	2173
1695	2334
1702	2089
1703	2192
1708	1710
1709	1710
1710	1711
1710	1712
1710	1713
1710	1990
1710	2252
1719	2137
1719	2286
1720	1764
1720	2084
1721	1810
1721	2005
1721	2152
1724	1743
1727	1728
1727	2260
1727	2318
1730	2040
1741	1803
1742	1815
1747	1748
1747	1749
1751	1752
1751	1753
1751	1754
1755	1756
1755	1757
1755	1758
1763	1764
1765	1766
1769	2260
1771	1772
1771	1773
1772	2000
1772	2044
1776	1849
1778	1905
1779	2090
1781	2122
1781	2289
1785	2006
1787	1979
1787	1980
1788	1789
1788	1790
1789	1925
1789	2124
1793	2193
1805	1806
1805	1807
1806	1905
1810	1811
1812	2017
1814	2030
1820	2317
1828	1829
1828	1830
1828	2006
1829	2006
1830	2006
1831	1832
1831	1833
1835	2260
1836	2345
1837	2340
1838	1839
1838	1840
1841	1842
1846	1847
1846	1848
1847	2223
1847	2276
1849	1850
1849	1851
1858	1870
1858	2114
1861	1972
1866	1867
1870	1871
1870	1872
1870	1873
1876	2056
1876	2302
1877	1878
1877	1879
1880	1881
1880	1882
1899	2340
1905	1906
1905	1907
1905	1908
1906	1974
1908	2147
1910	1911
1910	1913
1910	1914
1917	2247
1922	2340
1923	1924
1942	2081
1944	1945
1945	2286
1947	2090
1953	1954
1953	1955
1954	2054
1957	1958
1963	2146
1971	2231
1972	1973
1974	1975
1974	1976
1974	1977
1974	1978
1974	2202
1981	1982
1990	1991
1990	1992
1994	1995
2001	2189
2001	2290
2004	2005
2004	2008
2005	2088
2006	2319
2006	2320
2007	2192
2011	2084
2013	2014
2030	2031
2030	2032
2030	2033
2038	2039
2040	2041
2040	2042
2040	2223
2045	2086
2046	2069
2048	2049
2054	2264
2056	2057
2057	2201
2058	2059
2058	2268
2060	2205
2068	2154
2070	2071
2084	2085
2100	2202
2110	2111
2114	2115
2119	2120
2119	2121
2120	2264
2122	2123
2122	2301
2126	2127
2126	2128
2127	2226
2135	2136
2142	2146
2144	2145
2150	2151
2158	2159
2158	2160
2162	2163
2164	2165
2164	2166
2164	2167
2173	2174
2173	2175
2176	2323
2189	2190
2193	2194
2202	2203
2206	2207
2209	2210
2209	2211
2216	2217
2216	2218
2231	2232
2231	2233
2254	2255
2261	2262
2261	2263
2268	2269
2270	2271
2275	2334
2291	2292
2291	2293
2297	2298
2302	2303
2323	2324
2323	2325
2334	2341
2336	2337
2338	2339
2353	2354
