# Undirected graph (each unordered pair of nodes is saved once): Results/Robustness/networks/networkRedJoshua1strategyRandomremoved-0.2percent.txt
# Nodes: 800 Edges: 890
# NodeId	NodeId
649	650
649	656
649	658
649	669
649	676
649	679
649	693
649	702
649	704
649	706
649	720
649	734
649	747
649	759
649	768
649	780
649	809
649	832
649	844
649	846
649	853
649	860
649	864
649	883
649	893
649	894
649	902
649	930
649	982
649	994
23	31
23	50
23	67
23	71
23	146
23	179
23	191
23	204
23	214
23	240
23	281
23	366
23	394
23	404
23	444
23	491
23	525
23	529
23	540
23	542
23	557
23	581
23	582
23	591
23	618
23	642
23	649
23	650
23	693
23	734
23	754
23	799
23	802
23	804
23	806
23	841
23	844
23	860
23	880
23	894
23	899
23	924
23	938
23	967
23	987
542	546
542	555
542	562
542	574
542	587
542	588
542	591
542	603
542	622
542	640
542	644
542	649
542	650
542	693
542	716
542	728
542	730
542	734
542	736
542	773
542	819
542	837
542	843
542	844
542	860
542	873
542	874
542	894
542	917
542	948
542	965
542	988
31	80
31	96
31	108
31	115
31	146
31	178
31	179
31	228
31	236
31	245
31	254
31	281
31	309
31	328
31	346
31	350
31	351
31	392
31	405
31	423
31	442
31	443
31	444
31	460
31	483
31	505
31	529
31	532
31	542
31	577
31	578
31	591
31	596
31	606
31	628
31	649
31	659
31	693
31	723
31	733
31	734
31	765
31	778
31	785
31	787
31	805
31	816
31	844
31	860
31	894
31	910
31	941
31	961
31	976
281	288
281	302
281	304
281	318
281	331
281	351
281	369
281	382
281	390
281	393
281	398
281	409
281	415
281	425
281	444
281	449
281	476
281	480
281	498
281	517
281	518
281	529
281	541
281	542
281	572
281	591
281	600
281	649
281	650
281	693
281	712
281	721
281	734
281	751
281	761
281	769
281	791
281	820
281	830
281	840
281	844
281	845
281	860
281	861
281	866
281	876
281	881
281	884
281	891
281	892
281	894
281	919
281	936
281	969
281	980
351	392
351	405
351	423
351	442
351	443
351	444
351	460
351	483
351	505
351	529
351	532
351	542
351	577
351	578
351	596
351	606
351	628
351	649
351	650
351	659
351	693
351	723
351	733
351	734
351	765
351	778
351	785
351	787
351	805
351	816
351	844
351	860
351	910
351	941
351	961
351	976
179	181
179	230
179	258
179	281
179	290
179	313
179	327
179	334
179	359
179	373
179	379
179	389
179	411
179	413
179	416
179	419
179	444
179	455
179	468
179	493
179	499
179	504
179	514
179	529
179	542
179	548
179	571
179	591
179	633
179	643
179	649
179	672
179	687
179	689
179	690
179	693
179	718
179	722
179	734
179	744
179	760
179	776
179	800
179	811
179	812
179	817
179	823
179	844
179	860
179	862
179	877
179	882
179	894
179	992
179	995
693	695
693	699
693	707
693	725
693	726
693	734
693	737
693	755
693	781
693	782
693	814
693	815
693	826
693	844
693	854
693	860
693	869
693	894
693	905
693	912
693	925
693	949
444	456
444	529
444	542
444	560
444	591
444	616
444	649
444	650
444	685
444	693
444	697
444	709
444	717
444	734
444	739
444	757
444	770
444	784
444	827
444	844
444	858
444	860
444	894
444	913
444	929
444	933
444	943
444	957
444	991
206	209
206	252
206	281
206	287
206	336
206	351
206	370
206	391
206	400
206	414
206	433
206	441
206	444
206	469
206	496
206	529
206	542
206	605
206	613
206	625
206	648
206	649
206	650
206	684
206	691
206	693
206	731
206	734
206	777
206	844
206	851
206	860
206	894
206	901
206	911
206	942
206	977
206	978
206	979
591	609
591	624
591	630
591	634
591	647
591	649
591	651
591	688
591	693
591	700
591	732
591	734
591	794
591	844
591	860
591	867
591	894
860	870
860	894
860	895
860	897
860	923
860	944
860	945
860	953
860	963
860	990
734	763
734	807
734	825
734	842
734	844
734	848
734	860
734	894
734	906
734	921
734	922
734	940
734	955
146	179
146	206
146	209
146	217
146	222
146	234
146	246
146	281
146	322
146	351
146	355
146	395
146	397
146	418
146	444
146	457
146	465
146	529
146	542
146	544
146	563
146	590
146	591
146	598
146	649
146	650
146	662
146	693
146	714
146	734
146	742
146	775
146	833
146	844
146	860
146	894
146	946
894	901
894	911
894	942
894	977
894	978
894	979
2	23
2	650
650	693
650	734
650	754
650	799
650	802
650	804
650	806
650	841
650	844
650	860
650	880
650	899
650	924
650	938
650	967
650	987
525	650
404	650
21	23
21	650
540	650
240	650
557	650
642	650
50	650
394	650
191	650
67	650
581	650
582	650
71	650
204	650
214	650
618	650
491	650
366	650
108	351
12	31
12	351
178	351
115	351
309	351
328	351
346	351
350	351
96	351
80	351
228	351
236	351
245	351
254	351
209	211
209	215
209	221
209	247
209	281
209	285
209	330
209	345
209	351
209	362
209	364
209	385
209	440
209	444
209	452
209	459
209	519
209	526
209	529
209	536
209	542
209	583
209	589
209	591
209	609
209	624
209	630
209	634
209	647
209	649
209	650
209	651
209	688
209	693
209	700
209	732
209	734
209	794
209	844
209	860
209	867
142	146
41	146
54	146
62	146
106	146
103	179
42	179
63	179
72	179
86	179
119	179
391	894
648	894
777	894
16	206
16	894
691	894
151	206
151	894
27	206
27	894
414	894
287	894
166	206
166	894
433	894
684	894
173	206
173	894
49	206
49	894
182	206
182	894
441	894
65	206
65	894
197	206
197	894
205	206
205	894
336	894
851	894
469	894
731	894
605	894
613	894
400	894
496	894
625	894
370	894
252	894
385	591
519	591
136	209
136	591
364	591
526	591
147	209
147	591
536	591
285	591
169	209
169	591
47	209
47	591
51	209
51	591
440	591
11	209
11	591
452	591
583	591
330	591
459	591
589	591
211	591
122	209
122	591
215	591
345	591
221	591
362	591
109	209
109	591
83	209
83	591
247	591
256	281
131	281
132	281
267	281
13	281
15	281
111	281
33	281
34	281
35	281
171	281
189	281
224	281
81	281
4	281
844	850
844	860
844	879
844	890
844	894
844	920
529	538
529	542
529	569
529	573
529	585
529	591
529	602
529	629
529	649
529	650
529	693
529	719
529	734
529	741
529	789
529	790
529	844
529	860
529	894
529	909
529	932
529	964
259	444
406	444
263	444
137	444
273	444
438	444
196	444
77	444
208	444
17	444
360	444
374	444
376	444
249	444
387	529
521	529
58	529
74	529
207	529
210	529
471	529
88	529
473	529
92	529
481	529
239	529
450	542
143	542
144	542
407	542
537	542
431	542
286	542
325	542
93	542
177	542
59	542
194	542
68	542
470	542
477	542
353	542
99	542
357	542
487	542
229	542
241	542
244	542
479	542
511	542
512	649
133	649
266	649
149	649
539	649
412	649
32	649
37	649
552	649
299	649
437	649
61	649
446	649
319	649
323	649
326	649
201	649
610	649
594	649
339	649
212	649
90	649
91	649
607	649
612	649
530	649
243	649
248	649
123	649
124	649
510	649
646	693
7	693
264	693
22	693
26	693
291	693
43	693
53	693
183	693
445	693
462	693
223	693
354	693
495	693
497	693
490	693
705	734
523	734
652	734
269	734
301	734
145	734
410	734
159	734
161	734
680	734
45	734
176	734
56	734
188	734
193	734
195	734
454	734
711	734
344	734
225	734
614	734
363	734
365	734
494	734
703	734
639	734
774	844
265	844
396	844
657	844
367	844
636	844
180	844
168	844
432	844
627	844
564	844
567	844
184	844
57	844
321	844
834	844
203	844
595	844
604	844
467	844
507	844
380	844
125	844
386	860
129	860
522	860
278	860
152	860
667	860
28	860
543	860
292	860
39	860
426	860
821	860
694	860
439	860
163	860
187	860
316	860
317	860
447	860
835	860
795	860
713	860
675	860
84	860
727	860
36	860
220	860
315	860
484	860
60	860
107	860
623	860
368	860
626	860
19	860
500	860
250	860
251	860
508	860
682	860
