57.72
57.8184615385
57.8061538462
57.7723076923
57.8153846154
57.7353846154
57.7846153846
57.7661538462
57.8092307692
57.8430769231
57.8369230769
57.7784615385
57.8030769231
57.7969230769
57.7938461538
57.8030769231
57.7507692308
57.8030769231
57.8123076923
57.8153846154
57.8092307692
57.7907692308
57.7876923077
57.8707692308
57.7661538462
57.7969230769
57.8092307692
57.7753846154
57.7384615385
57.8738461538
57.7569230769
57.8276923077
57.7046153846
57.8184615385
57.7692307692
57.8030769231
57.7876923077
57.8184615385
57.8523076923
57.7876923077
57.7723076923
57.8061538462
57.8061538462
57.8092307692
57.7753846154
57.8030769231
57.7846153846
57.8338461538
57.7723076923
57.7969230769
57.8215384615
57.7476923077
57.8615384615
57.7753846154
57.8584615385
57.7353846154
57.8430769231
57.7476923077
57.7723076923
57.7846153846
57.8492307692
57.7969230769
57.8092307692
57.7384615385
57.7476923077
57.76
57.8215384615
57.8215384615
57.8184615385
57.8430769231
57.8769230769
57.7415384615
57.88
57.8030769231
57.8276923077
57.7692307692
57.7846153846
57.8092307692
57.7569230769
57.7661538462
57.8461538462
57.7969230769
57.8492307692
57.7969230769
57.7938461538
57.7569230769
57.8246153846
57.72
57.8215384615
57.7384615385
57.8276923077
57.8061538462
57.7261538462
57.84
57.7846153846
57.7938461538
57.7692307692
57.7907692308
57.7476923077
57.7876923077
57.8338461538
57.8123076923
57.7476923077
57.8276923077
57.7661538462
57.8092307692
57.7138461538
57.7138461538
57.8461538462
57.8523076923
57.7753846154
57.8
57.8215384615
57.7692307692
57.8092307692
57.7846153846
57.7353846154
57.7292307692
57.8184615385
57.7476923077
57.8153846154
57.7507692308
57.8461538462
57.8430769231
57.8430769231
57.7630769231
57.8953846154
57.8523076923
57.8030769231
57.7723076923
57.8030769231
57.8307692308
57.76
57.7969230769
57.8123076923
57.8615384615
57.7846153846
57.7784615385
57.7876923077
57.8307692308
57.7661538462
57.7907692308
57.8615384615
57.76
57.7538461538
57.8461538462
57.7753846154
57.8123076923
57.7107692308
57.8061538462
57.7815384615
57.8215384615
57.6923076923
57.7446153846
57.7230769231
57.7476923077
57.8307692308
57.8338461538
57.8553846154
57.7815384615
57.7907692308
57.7630769231
57.7384615385
57.8461538462
57.7753846154
57.7723076923
57.8307692308
57.7938461538
57.7630769231
57.7323076923
57.7323076923
57.7230769231
57.7230769231
57.7723076923
57.7907692308
57.76
57.8923076923
57.7353846154
57.8061538462
57.8092307692
57.8307692308
57.7446153846
57.8061538462
57.88
57.8184615385
57.7630769231
57.8461538462
57.7784615385
57.8307692308
57.8492307692
57.7476923077
57.7476923077
57.7323076923
57.7938461538
57.6861538462
57.7846153846
57.7323076923
57.8215384615
57.7630769231
57.84
57.7169230769
57.8030769231
57.8369230769
57.7723076923
57.7661538462
57.76
57.8276923077
57.76
57.72
57.8
57.8215384615
57.7876923077
57.7661538462
57.7169230769
57.8461538462
57.7723076923
57.7876923077
57.8523076923
57.8646153846
57.8338461538
57.8707692308
57.7476923077
57.7907692308
57.7815384615
57.7630769231
57.8461538462
57.8030769231
57.7815384615
57.8553846154
57.8276923077
57.7969230769
57.8461538462
57.7723076923
57.7784615385
57.7876923077
57.7507692308
57.8030769231
57.7323076923
57.8369230769
57.7784615385
57.7846153846
57.8430769231
57.8492307692
57.7846153846
57.7723076923
57.7692307692
57.7661538462
57.7969230769
57.7815384615
57.7630769231
57.8215384615
57.6923076923
57.7815384615
57.7415384615
57.8523076923
57.7292307692
57.7692307692
57.7938461538
57.7292307692
57.7938461538
57.7138461538
57.8276923077
57.8369230769
57.8338461538
57.6953846154
57.8892307692
57.8369230769
57.7538461538
57.8553846154
57.7661538462
57.7846153846
57.7723076923
57.7784615385
57.8184615385
57.8092307692
57.7384615385
57.8030769231
57.8123076923
57.8646153846
57.7630769231
57.8307692308
57.8892307692
57.7569230769
57.8030769231
57.7630769231
57.8061538462
57.8923076923
57.8553846154
57.7323076923
57.7907692308
57.8338461538
57.7876923077
57.8953846154
57.7261538462
57.8030769231
57.7015384615
57.8061538462
57.7538461538
57.8276923077
57.7661538462
